family,regime,side,signal_time_utc,completion_time_utc,entry_time_utc,exit_time_utc,entry_price,stop_price,target_price,exit_price,exit_reason,risk_distance,r,extra_half_pip_stress_r,fixed_0p01_lot_usd
N4_MICRO_BREAKOUT,NEUTRAL,SHORT,2019-01-02 22:35:00+00:00,2019-01-02 22:40:00+00:00,2019-01-02 22:40:00+00:00,2019-01-02 22:40:00+00:00,1.13157,1.13197,1.13097,1.1328200000000002,STOP,0.0004,-3.1250000000004885,-3.2500000000004885,-1.2500000000001954
N1_ROLLING_SWEEP_FADE,NEUTRAL,SHORT,2019-01-03 00:35:00+00:00,2019-01-03 00:40:00+00:00,2019-01-03 00:40:00+00:00,2019-01-03 00:45:00+00:00,1.1339299999999999,1.1343299999999998,1.13333,1.13434,STOP,0.0004,-1.0250000000000536,-1.1500000000000536,-0.41000000000002146
N4_MICRO_BREAKOUT,NEUTRAL,LONG,2019-01-03 01:30:00+00:00,2019-01-03 01:35:00+00:00,2019-01-03 01:35:00+00:00,2019-01-03 01:35:00+00:00,1.13518,1.1347800000000001,1.13578,1.13477,STOP,0.0004,-1.0250000000000536,-1.1500000000000536,-0.41000000000002146
N1_ROLLING_SWEEP_FADE,NEUTRAL,SHORT,2019-01-03 01:35:00+00:00,2019-01-03 01:40:00+00:00,2019-01-03 01:40:00+00:00,2019-01-03 02:20:00+00:00,1.1347699999999998,1.1351699999999998,1.13417,1.1351799999999999,STOP,0.0004,-1.0250000000000536,-1.1500000000000536,-0.41000000000002146
N3_ANCHOR_REVERSION,NEUTRAL,SHORT,2019-01-03 05:20:00+00:00,2019-01-03 05:25:00+00:00,2019-01-03 05:25:00+00:00,2019-01-03 05:40:00+00:00,1.13662,1.13702,1.13602,1.13603,TARGET,0.0004,1.474999999999671,1.349999999999671,0.5899999999998684
N4_MICRO_BREAKOUT,NEUTRAL,LONG,2019-01-04 00:55:00+00:00,2019-01-04 01:00:00+00:00,2019-01-04 01:00:00+00:00,2019-01-04 02:25:00+00:00,1.1406,1.1402,1.1412,1.14019,STOP,0.0004,-1.0250000000000536,-1.1500000000000536,-0.41000000000002146
N3_ANCHOR_REVERSION,NEUTRAL,LONG,2019-01-04 03:15:00+00:00,2019-01-04 03:20:00+00:00,2019-01-04 03:20:00+00:00,2019-01-04 03:50:00+00:00,1.1392,1.1388,1.1398,1.1397899999999999,TARGET,0.0004,1.474999999999671,1.349999999999671,0.5899999999998684
N2_ASIA_RANGE_FADE,NEUTRAL,LONG,2019-01-04 06:15:00+00:00,2019-01-04 06:20:00+00:00,2019-01-04 06:20:00+00:00,2019-01-04 06:30:00+00:00,1.13898,1.1385800000000001,1.13958,1.13857,STOP,0.0004,-1.0250000000000536,-1.1500000000000536,-0.41000000000002146
N3_ANCHOR_REVERSION,NEUTRAL,LONG,2019-01-04 06:35:00+00:00,2019-01-04 06:40:00+00:00,2019-01-04 06:40:00+00:00,2019-01-04 07:00:00+00:00,1.13881,1.1384100000000001,1.13941,1.1394,TARGET,0.0004,1.474999999999671,1.349999999999671,0.5899999999998684
N3_ANCHOR_REVERSION,NEUTRAL,SHORT,2019-01-06 23:10:00+00:00,2019-01-06 23:15:00+00:00,2019-01-06 23:15:00+00:00,2019-01-06 23:50:00+00:00,1.14096,1.14136,1.14036,1.14137,STOP,0.0004,-1.0250000000000536,-1.1500000000000536,-0.41000000000002146
N3_ANCHOR_REVERSION,NEUTRAL,SHORT,2019-01-06 23:55:00+00:00,2019-01-07 00:00:00+00:00,2019-01-07 00:00:00+00:00,2019-01-07 00:50:00+00:00,1.1410099999999999,1.1414099999999998,1.14041,1.1414199999999999,STOP,0.0004,-1.0250000000000536,-1.1500000000000536,-0.41000000000002146
N4_MICRO_BREAKOUT,NEUTRAL,LONG,2019-01-07 01:40:00+00:00,2019-01-07 01:45:00+00:00,2019-01-07 01:45:00+00:00,2019-01-07 03:05:00+00:00,1.14205,1.14165,1.14265,1.14164,STOP,0.0004,-1.0250000000000536,-1.1500000000000536,-0.41000000000002146
N1_ROLLING_SWEEP_FADE,NEUTRAL,LONG,2019-01-07 03:05:00+00:00,2019-01-07 03:10:00+00:00,2019-01-07 03:10:00+00:00,2019-01-07 04:05:00+00:00,1.14198,1.14158,1.14258,1.1425699999999999,TARGET,0.0004,1.474999999999671,1.349999999999671,0.5899999999998684
N3_ANCHOR_REVERSION,NEUTRAL,SHORT,2019-01-07 04:40:00+00:00,2019-01-07 04:45:00+00:00,2019-01-07 04:45:00+00:00,2019-01-07 06:05:00+00:00,1.14256,1.14296,1.14196,1.1419700000000002,TARGET,0.0004,1.474999999999671,1.349999999999671,0.5899999999998684
N3_ANCHOR_REVERSION,NEUTRAL,SHORT,2019-01-07 23:55:00+00:00,2019-01-08 00:00:00+00:00,2019-01-08 00:00:00+00:00,2019-01-08 00:00:00+00:00,1.1478899999999999,1.1482899999999998,1.14729,1.1482999999999999,STOP,0.0004,-1.0250000000000536,-1.1500000000000536,-0.41000000000002146
N4_MICRO_BREAKOUT,NEUTRAL,LONG,2019-01-08 00:00:00+00:00,2019-01-08 00:05:00+00:00,2019-01-08 00:05:00+00:00,2019-01-08 00:25:00+00:00,1.14839,1.14799,1.14899,1.14798,STOP,0.0004,-1.0250000000000536,-1.1500000000000536,-0.41000000000002146
N4_MICRO_BREAKOUT,NEUTRAL,SHORT,2019-01-08 00:50:00+00:00,2019-01-08 00:55:00+00:00,2019-01-08 00:55:00+00:00,2019-01-08 01:15:00+00:00,1.1468699999999998,1.1472699999999998,1.14627,1.14628,TARGET,0.0004,1.474999999999671,1.349999999999671,0.5899999999998684
N1_ROLLING_SWEEP_FADE,NEUTRAL,LONG,2019-01-08 01:15:00+00:00,2019-01-08 01:20:00+00:00,2019-01-08 01:20:00+00:00,2019-01-08 01:25:00+00:00,1.1465400000000001,1.1461400000000002,1.14714,1.14613,STOP,0.0004,-1.0250000000000536,-1.1500000000000536,-0.41000000000002146
N1_ROLLING_SWEEP_FADE,NEUTRAL,SHORT,2019-01-09 00:00:00+00:00,2019-01-09 00:05:00+00:00,2019-01-09 00:05:00+00:00,2019-01-09 00:05:00+00:00,1.14544,1.14584,1.14484,1.14585,STOP,0.0004,-1.0250000000000536,-1.1500000000000536,-0.41000000000002146
N4_MICRO_BREAKOUT,NEUTRAL,LONG,2019-01-09 00:10:00+00:00,2019-01-09 00:15:00+00:00,2019-01-09 00:15:00+00:00,2019-01-09 00:25:00+00:00,1.1462400000000001,1.1458400000000002,1.14684,1.1458300000000001,STOP,0.0004,-1.0250000000000536,-1.1500000000000536,-0.41000000000002146
N3_ANCHOR_REVERSION,NEUTRAL,SHORT,2019-01-09 00:25:00+00:00,2019-01-09 00:30:00+00:00,2019-01-09 00:30:00+00:00,2019-01-09 01:30:00+00:00,1.1457899999999999,1.1461899999999998,1.14519,1.1461999999999999,STOP,0.0004,-1.0250000000000536,-1.1500000000000536,-0.41000000000002146
N4_MICRO_BREAKOUT,NEUTRAL,LONG,2019-01-09 01:30:00+00:00,2019-01-09 01:35:00+00:00,2019-01-09 01:35:00+00:00,2019-01-09 01:55:00+00:00,1.1463,1.1459000000000001,1.1469,1.14589,STOP,0.0004,-1.0250000000000536,-1.1500000000000536,-0.41000000000002146
N4_MICRO_BREAKOUT,NEUTRAL,LONG,2019-01-09 23:55:00+00:00,2019-01-10 00:00:00+00:00,2019-01-10 00:00:00+00:00,2019-01-10 00:05:00+00:00,1.1554900000000001,1.1550900000000002,1.15609,1.15508,STOP,0.0004,-1.0250000000000536,-1.1500000000000536,-0.41000000000002146
N3_ANCHOR_REVERSION,NEUTRAL,SHORT,2019-01-10 00:15:00+00:00,2019-01-10 00:20:00+00:00,2019-01-10 00:20:00+00:00,2019-01-10 00:45:00+00:00,1.1552099999999998,1.1556099999999998,1.15461,1.1556199999999999,STOP,0.0004,-1.0250000000000536,-1.1500000000000536,-0.41000000000002146
N3_ANCHOR_REVERSION,NEUTRAL,SHORT,2019-01-10 01:05:00+00:00,2019-01-10 01:10:00+00:00,2019-01-10 01:10:00+00:00,2019-01-10 01:10:00+00:00,1.15536,1.15576,1.15476,1.15477,TARGET,0.0004,1.474999999999671,1.349999999999671,0.5899999999998684
N1_ROLLING_SWEEP_FADE,NEUTRAL,LONG,2019-01-10 01:15:00+00:00,2019-01-10 01:20:00+00:00,2019-01-10 01:20:00+00:00,2019-01-10 01:20:00+00:00,1.1551200000000001,1.1547200000000002,1.15572,1.1547100000000001,STOP,0.0004,-1.0250000000000536,-1.1500000000000536,-0.41000000000002146
N3_ANCHOR_REVERSION,NEUTRAL,SHORT,2019-01-11 00:05:00+00:00,2019-01-11 00:10:00+00:00,2019-01-11 00:10:00+00:00,2019-01-11 00:20:00+00:00,1.15069,1.15109,1.15009,1.1511,STOP,0.0004,-1.0250000000000536,-1.1500000000000536,-0.41000000000002146
N1_ROLLING_SWEEP_FADE,NEUTRAL,SHORT,2019-01-11 00:30:00+00:00,2019-01-11 00:35:00+00:00,2019-01-11 00:35:00+00:00,2019-01-11 01:05:00+00:00,1.15126,1.15166,1.15066,1.15167,STOP,0.0004,-1.0250000000000536,-1.1500000000000536,-0.41000000000002146
N3_ANCHOR_REVERSION,NEUTRAL,SHORT,2019-01-11 01:10:00+00:00,2019-01-11 01:15:00+00:00,2019-01-11 01:15:00+00:00,2019-01-11 01:35:00+00:00,1.15127,1.15167,1.15067,1.15168,STOP,0.0004,-1.0250000000000536,-1.1500000000000536,-0.41000000000002146
N4_MICRO_BREAKOUT,NEUTRAL,LONG,2019-01-11 01:35:00+00:00,2019-01-11 01:40:00+00:00,2019-01-11 01:40:00+00:00,2019-01-11 02:05:00+00:00,1.1518300000000001,1.1514300000000002,1.15243,1.15142,STOP,0.0004,-1.0250000000000536,-1.1500000000000536,-0.41000000000002146
N3_ANCHOR_REVERSION,NEUTRAL,LONG,2019-01-13 22:10:00+00:00,2019-01-13 22:15:00+00:00,2019-01-13 22:15:00+00:00,2019-01-14 01:25:00+00:00,1.14632,1.14592,1.14692,1.1469099999999999,TARGET,0.0004,1.474999999999671,1.349999999999671,0.5899999999998684
N4_MICRO_BREAKOUT,NEUTRAL,LONG,2019-01-14 01:25:00+00:00,2019-01-14 01:30:00+00:00,2019-01-14 01:30:00+00:00,2019-01-14 01:50:00+00:00,1.14703,1.14663,1.14763,1.1476199999999999,TARGET,0.0004,1.474999999999671,1.349999999999671,0.5899999999998684
N4_MICRO_BREAKOUT,NEUTRAL,LONG,2019-01-14 01:50:00+00:00,2019-01-14 01:55:00+00:00,2019-01-14 01:55:00+00:00,2019-01-14 02:05:00+00:00,1.1477600000000001,1.1473600000000002,1.14836,1.14735,STOP,0.0004,-1.0250000000000536,-1.1500000000000536,-0.41000000000002146
N3_ANCHOR_REVERSION,NEUTRAL,SHORT,2019-01-14 02:05:00+00:00,2019-01-14 02:10:00+00:00,2019-01-14 02:10:00+00:00,2019-01-14 02:20:00+00:00,1.1473499999999999,1.1477499999999998,1.14675,1.14776,STOP,0.0004,-1.0250000000000536,-1.1500000000000536,-0.41000000000002146
N1_ROLLING_SWEEP_FADE,NEUTRAL,LONG,2019-01-14 03:00:00+00:00,2019-01-14 03:05:00+00:00,2019-01-14 03:05:00+00:00,2019-01-14 04:25:00+00:00,1.1469,1.1465,1.1475,1.14749,TARGET,0.0004,1.474999999999671,1.349999999999671,0.5899999999998684
N4_MICRO_BREAKOUT,NEUTRAL,LONG,2019-01-15 00:00:00+00:00,2019-01-15 00:05:00+00:00,2019-01-15 00:05:00+00:00,2019-01-15 01:20:00+00:00,1.1473900000000001,1.1469900000000002,1.14799,1.14798,TARGET,0.0004,1.474999999999671,1.349999999999671,0.5899999999998684
N4_MICRO_BREAKOUT,NEUTRAL,LONG,2019-01-15 01:20:00+00:00,2019-01-15 01:25:00+00:00,2019-01-15 01:25:00+00:00,2019-01-15 01:35:00+00:00,1.14805,1.14765,1.14865,1.1486399999999999,TARGET,0.0004,1.474999999999671,1.349999999999671,0.5899999999998684
N4_MICRO_BREAKOUT,NEUTRAL,LONG,2019-01-15 01:40:00+00:00,2019-01-15 01:45:00+00:00,2019-01-15 01:45:00+00:00,2019-01-15 01:45:00+00:00,1.149,1.1486,1.1496,1.14859,STOP,0.0004,-1.0250000000000536,-1.1500000000000536,-0.41000000000002146
N3_ANCHOR_REVERSION,NEUTRAL,SHORT,2019-01-15 01:50:00+00:00,2019-01-15 01:55:00+00:00,2019-01-15 01:55:00+00:00,2019-01-15 02:10:00+00:00,1.14859,1.14899,1.14799,1.149,STOP,0.0004,-1.0250000000000536,-1.1500000000000536,-0.41000000000002146
N4_MICRO_BREAKOUT,NEUTRAL,LONG,2019-01-15 23:55:00+00:00,2019-01-16 00:00:00+00:00,2019-01-16 00:00:00+00:00,2019-01-16 00:00:00+00:00,1.14148,1.14108,1.14208,1.14107,STOP,0.0004,-1.0250000000000536,-1.1500000000000536,-0.41000000000002146
N4_MICRO_BREAKOUT,NEUTRAL,SHORT,2019-01-16 01:25:00+00:00,2019-01-16 01:30:00+00:00,2019-01-16 01:30:00+00:00,2019-01-16 04:00:00+00:00,1.14008,1.14048,1.13948,1.14049,STOP,0.0004,-1.0250000000000536,-1.1500000000000536,-0.41000000000002146
N1_ROLLING_SWEEP_FADE,NEUTRAL,SHORT,2019-01-16 04:20:00+00:00,2019-01-16 04:25:00+00:00,2019-01-16 04:25:00+00:00,2019-01-16 04:55:00+00:00,1.14062,1.14102,1.14002,1.14103,STOP,0.0004,-1.0250000000000536,-1.1500000000000536,-0.41000000000002146
N1_ROLLING_SWEEP_FADE,NEUTRAL,SHORT,2019-01-16 05:00:00+00:00,2019-01-16 05:05:00+00:00,2019-01-16 05:05:00+00:00,2019-01-16 05:25:00+00:00,1.14088,1.1412799999999999,1.14028,1.14129,STOP,0.0004,-1.0250000000000536,-1.1500000000000536,-0.41000000000002146
N4_MICRO_BREAKOUT,NEUTRAL,LONG,2019-01-17 01:00:00+00:00,2019-01-17 01:05:00+00:00,2019-01-17 01:05:00+00:00,2019-01-17 01:05:00+00:00,1.14008,1.13968,1.14068,1.13967,STOP,0.0004,-1.0250000000000536,-1.1500000000000536,-0.41000000000002146
N4_MICRO_BREAKOUT,NEUTRAL,SHORT,2019-01-17 04:00:00+00:00,2019-01-17 04:05:00+00:00,2019-01-17 04:05:00+00:00,2019-01-17 06:15:00+00:00,1.13851,1.1389099999999999,1.13791,1.13892,STOP,0.0004,-1.0250000000000536,-1.1500000000000536,-0.41000000000002146
N1_ROLLING_SWEEP_FADE,NEUTRAL,SHORT,2019-01-17 06:30:00+00:00,2019-01-17 06:35:00+00:00,2019-01-17 06:35:00+00:00,2019-01-17 06:35:00+00:00,1.13876,1.13916,1.13816,1.13917,STOP,0.0004,-1.0250000000000536,-1.1500000000000536,-0.41000000000002146
N1_ROLLING_SWEEP_FADE,NEUTRAL,SHORT,2019-01-17 06:40:00+00:00,2019-01-17 06:45:00+00:00,2019-01-17 06:45:00+00:00,2019-01-17 07:05:00+00:00,1.1388399999999999,1.1392399999999998,1.13824,1.1392499999999999,STOP,0.0004,-1.0250000000000536,-1.1500000000000536,-0.41000000000002146
N3_ANCHOR_REVERSION,NEUTRAL,SHORT,2019-01-18 00:40:00+00:00,2019-01-18 00:45:00+00:00,2019-01-18 00:45:00+00:00,2019-01-18 01:05:00+00:00,1.1392099999999998,1.1396099999999998,1.13861,1.1396199999999999,STOP,0.0004,-1.0250000000000536,-1.1500000000000536,-0.41000000000002146
N1_ROLLING_SWEEP_FADE,NEUTRAL,SHORT,2019-01-18 01:05:00+00:00,2019-01-18 01:10:00+00:00,2019-01-18 01:10:00+00:00,2019-01-18 01:20:00+00:00,1.13924,1.13964,1.13864,1.13965,STOP,0.0004,-1.0250000000000536,-1.1500000000000536,-0.41000000000002146
N3_ANCHOR_REVERSION,NEUTRAL,SHORT,2019-01-18 01:35:00+00:00,2019-01-18 01:40:00+00:00,2019-01-18 01:40:00+00:00,2019-01-18 05:30:00+00:00,1.13963,1.1400299999999999,1.13903,1.13904,TARGET,0.0004,1.474999999999671,1.349999999999671,0.5899999999998684
N1_ROLLING_SWEEP_FADE,NEUTRAL,LONG,2019-01-18 05:40:00+00:00,2019-01-18 05:45:00+00:00,2019-01-18 05:45:00+00:00,2019-01-18 06:45:00+00:00,1.13896,1.13856,1.13956,1.1395499999999998,TARGET,0.0004,1.474999999999671,1.349999999999671,0.5899999999998684
N1_ROLLING_SWEEP_FADE,NEUTRAL,SHORT,2019-01-20 22:25:00+00:00,2019-01-20 22:30:00+00:00,2019-01-20 22:30:00+00:00,2019-01-20 23:25:00+00:00,1.13646,1.13686,1.13586,1.13687,STOP,0.0004,-1.0250000000000536,-1.1500000000000536,-0.41000000000002146
N4_MICRO_BREAKOUT,NEUTRAL,LONG,2019-01-21 00:00:00+00:00,2019-01-21 00:05:00+00:00,2019-01-21 00:05:00+00:00,2019-01-21 00:10:00+00:00,1.13691,1.1365100000000001,1.13751,1.1375,TARGET,0.0004,1.474999999999671,1.349999999999671,0.5899999999998684
N3_ANCHOR_REVERSION,NEUTRAL,SHORT,2019-01-21 00:20:00+00:00,2019-01-21 00:25:00+00:00,2019-01-21 00:25:00+00:00,2019-01-21 02:00:00+00:00,1.1374799999999998,1.1378799999999998,1.13688,1.1378899999999998,STOP,0.0004,-1.0250000000000536,-1.1500000000000536,-0.41000000000002146
N3_ANCHOR_REVERSION,NEUTRAL,SHORT,2019-01-21 02:05:00+00:00,2019-01-21 02:10:00+00:00,2019-01-21 02:10:00+00:00,2019-01-21 02:40:00+00:00,1.13756,1.1379599999999999,1.13696,1.13797,STOP,0.0004,-1.0250000000000536,-1.1500000000000536,-0.41000000000002146
N3_ANCHOR_REVERSION,NEUTRAL,SHORT,2019-01-21 02:55:00+00:00,2019-01-21 03:00:00+00:00,2019-01-21 03:00:00+00:00,2019-01-21 06:30:00+00:00,1.13768,1.13808,1.13708,1.13809,STOP,0.0004,-1.0250000000000536,-1.1500000000000536,-0.41000000000002146
N1_ROLLING_SWEEP_FADE,NEUTRAL,LONG,2019-01-24 18:00:00+00:00,2019-01-24 18:05:00+00:00,2019-01-24 18:05:00+00:00,2019-01-24 18:55:00+00:00,1.12976,1.1293600000000001,1.13036,1.13035,TARGET,0.0004,1.474999999999671,1.349999999999671,0.5899999999998684
N1_ROLLING_SWEEP_FADE,NEUTRAL,SHORT,2019-01-24 19:00:00+00:00,2019-01-24 19:05:00+00:00,2019-01-24 19:05:00+00:00,2019-01-24 19:10:00+00:00,1.13002,1.13042,1.12942,1.1294300000000002,TARGET,0.0004,1.474999999999671,1.349999999999671,0.5899999999998684
N3_ANCHOR_REVERSION,NEUTRAL,LONG,2019-01-24 19:30:00+00:00,2019-01-24 19:35:00+00:00,2019-01-24 19:35:00+00:00,2019-01-24 20:20:00+00:00,1.13003,1.1296300000000001,1.13063,1.13062,TARGET,0.0004,1.474999999999671,1.349999999999671,0.5899999999998684
N3_ANCHOR_REVERSION,NEUTRAL,LONG,2019-01-24 22:05:00+00:00,2019-01-24 22:10:00+00:00,2019-01-24 22:10:00+00:00,2019-01-24 22:15:00+00:00,1.13066,1.13026,1.13126,1.13025,STOP,0.0004,-1.0250000000000536,-1.1500000000000536,-0.41000000000002146
N4_MICRO_BREAKOUT,NEUTRAL,LONG,2019-01-25 02:35:00+00:00,2019-01-25 02:40:00+00:00,2019-01-25 02:40:00+00:00,2019-01-25 03:05:00+00:00,1.13168,1.13128,1.13228,1.1322699999999999,TARGET,0.0004,1.474999999999671,1.349999999999671,0.5899999999998684
N4_MICRO_BREAKOUT,NEUTRAL,LONG,2019-01-25 03:35:00+00:00,2019-01-25 03:40:00+00:00,2019-01-25 03:40:00+00:00,2019-01-25 03:55:00+00:00,1.1324500000000002,1.1320500000000002,1.1330500000000001,1.1320400000000002,STOP,0.0004,-1.0250000000000536,-1.1500000000000536,-0.41000000000002146
N4_MICRO_BREAKOUT,NEUTRAL,LONG,2019-01-25 05:05:00+00:00,2019-01-25 05:10:00+00:00,2019-01-25 05:10:00+00:00,2019-01-25 06:00:00+00:00,1.1324500000000002,1.1320500000000002,1.1330500000000001,1.1320400000000002,STOP,0.0004,-1.0250000000000536,-1.1500000000000536,-0.41000000000002146
N2_ASIA_RANGE_FADE,NEUTRAL,SHORT,2019-01-25 08:05:00+00:00,2019-01-25 08:10:00+00:00,2019-01-25 08:10:00+00:00,2019-01-25 08:20:00+00:00,1.13212,1.13252,1.13152,1.13253,STOP,0.0004,-1.0250000000000536,-1.1500000000000536,-0.41000000000002146
N3_ANCHOR_REVERSION,NEUTRAL,LONG,2019-01-27 22:05:00+00:00,2019-01-27 22:10:00+00:00,2019-01-27 22:10:00+00:00,2019-01-27 22:10:00+00:00,1.14083,1.14043,1.14143,1.14042,STOP,0.0004,-1.0250000000000536,-1.1500000000000536,-0.41000000000002146
N4_MICRO_BREAKOUT,NEUTRAL,LONG,2019-01-28 00:05:00+00:00,2019-01-28 00:10:00+00:00,2019-01-28 00:10:00+00:00,2019-01-28 00:15:00+00:00,1.14168,1.14128,1.14228,1.14127,STOP,0.0004,-1.0250000000000536,-1.1500000000000536,-0.41000000000002146
N4_MICRO_BREAKOUT,NEUTRAL,LONG,2019-01-28 00:30:00+00:00,2019-01-28 00:35:00+00:00,2019-01-28 00:35:00+00:00,2019-01-28 00:35:00+00:00,1.14182,1.14142,1.14242,1.14141,STOP,0.0004,-1.0250000000000536,-1.1500000000000536,-0.41000000000002146
N3_ANCHOR_REVERSION,NEUTRAL,SHORT,2019-01-28 00:35:00+00:00,2019-01-28 00:40:00+00:00,2019-01-28 00:40:00+00:00,2019-01-28 00:40:00+00:00,1.14141,1.14181,1.14081,1.14182,STOP,0.0004,-1.0250000000000536,-1.1500000000000536,-0.41000000000002146
N3_ANCHOR_REVERSION,NEUTRAL,SHORT,2019-01-28 00:45:00+00:00,2019-01-28 00:50:00+00:00,2019-01-28 00:50:00+00:00,2019-01-28 01:40:00+00:00,1.14154,1.14194,1.14094,1.14195,STOP,0.0004,-1.0250000000000536,-1.1500000000000536,-0.41000000000002146
N3_ANCHOR_REVERSION,NEUTRAL,SHORT,2019-01-29 00:05:00+00:00,2019-01-29 00:10:00+00:00,2019-01-29 00:10:00+00:00,2019-01-29 00:30:00+00:00,1.14312,1.1435199999999999,1.14252,1.14253,TARGET,0.0004,1.474999999999671,1.349999999999671,0.5899999999998684
N1_ROLLING_SWEEP_FADE,NEUTRAL,SHORT,2019-01-29 02:50:00+00:00,2019-01-29 02:55:00+00:00,2019-01-29 02:55:00+00:00,2019-01-29 04:35:00+00:00,1.1429399999999998,1.1433399999999998,1.14234,1.1433499999999999,STOP,0.0004,-1.0250000000000536,-1.1500000000000536,-0.41000000000002146
N4_MICRO_BREAKOUT,NEUTRAL,LONG,2019-01-29 04:35:00+00:00,2019-01-29 04:40:00+00:00,2019-01-29 04:40:00+00:00,2019-01-29 05:00:00+00:00,1.14345,1.1430500000000001,1.14405,1.14304,STOP,0.0004,-1.0250000000000536,-1.1500000000000536,-0.41000000000002146
N1_ROLLING_SWEEP_FADE,NEUTRAL,LONG,2019-01-29 05:45:00+00:00,2019-01-29 05:50:00+00:00,2019-01-29 05:50:00+00:00,2019-01-29 06:10:00+00:00,1.14304,1.14264,1.14364,1.14363,TARGET,0.0004,1.474999999999671,1.349999999999671,0.5899999999998684
N1_ROLLING_SWEEP_FADE,NEUTRAL,SHORT,2019-01-30 00:30:00+00:00,2019-01-30 00:35:00+00:00,2019-01-30 00:35:00+00:00,2019-01-30 00:40:00+00:00,1.1434,1.1438,1.1428,1.14381,STOP,0.0004,-1.0250000000000536,-1.1500000000000536,-0.41000000000002146
N1_ROLLING_SWEEP_FADE,NEUTRAL,LONG,2019-01-30 01:25:00+00:00,2019-01-30 01:30:00+00:00,2019-01-30 01:30:00+00:00,2019-01-30 01:40:00+00:00,1.14328,1.1428800000000001,1.14388,1.14387,TARGET,0.0004,1.474999999999671,1.349999999999671,0.5899999999998684
N1_ROLLING_SWEEP_FADE,NEUTRAL,SHORT,2019-01-30 01:40:00+00:00,2019-01-30 01:45:00+00:00,2019-01-30 01:45:00+00:00,2019-01-30 02:05:00+00:00,1.1438,1.1441999999999999,1.1432,1.14421,STOP,0.0004,-1.0250000000000536,-1.1500000000000536,-0.41000000000002146
N1_ROLLING_SWEEP_FADE,NEUTRAL,SHORT,2019-01-30 02:10:00+00:00,2019-01-30 02:15:00+00:00,2019-01-30 02:15:00+00:00,2019-01-30 05:55:00+00:00,1.14402,1.14442,1.14342,1.14443,STOP,0.0004,-1.0250000000000536,-1.1500000000000536,-0.41000000000002146
N1_ROLLING_SWEEP_FADE,NEUTRAL,SHORT,2019-02-04 02:20:00+00:00,2019-02-04 02:25:00+00:00,2019-02-04 02:25:00+00:00,2019-02-04 03:40:00+00:00,1.14563,1.1460299999999999,1.14503,1.14504,TARGET,0.0004,1.474999999999671,1.349999999999671,0.5899999999998684
N3_ANCHOR_REVERSION,NEUTRAL,LONG,2019-02-04 03:55:00+00:00,2019-02-04 04:00:00+00:00,2019-02-04 04:00:00+00:00,2019-02-04 04:20:00+00:00,1.14493,1.14453,1.14553,1.14452,STOP,0.0004,-1.0250000000000536,-1.1500000000000536,-0.41000000000002146
N4_MICRO_BREAKOUT,NEUTRAL,SHORT,2019-02-04 04:25:00+00:00,2019-02-04 04:30:00+00:00,2019-02-04 04:30:00+00:00,2019-02-04 07:40:00+00:00,1.14446,1.14486,1.14386,1.1438700000000002,TARGET,0.0004,1.474999999999671,1.349999999999671,0.5899999999998684
N2_ASIA_RANGE_FADE,NEUTRAL,LONG,2019-02-04 07:45:00+00:00,2019-02-04 07:50:00+00:00,2019-02-04 07:50:00+00:00,2019-02-04 08:00:00+00:00,1.14433,1.1439300000000001,1.14493,1.14392,STOP,0.0004,-1.0250000000000536,-1.1500000000000536,-0.41000000000002146
N1_ROLLING_SWEEP_FADE,NEUTRAL,LONG,2019-02-06 21:50:00+00:00,2019-02-06 21:55:00+00:00,2019-02-06 21:55:00+00:00,2019-02-07 02:15:00+00:00,1.1363,1.1359000000000001,1.1369,1.13589,STOP,0.0004,-1.0250000000000536,-1.1500000000000536,-0.41000000000002146
N1_ROLLING_SWEEP_FADE,NEUTRAL,LONG,2019-02-07 02:30:00+00:00,2019-02-07 02:35:00+00:00,2019-02-07 02:35:00+00:00,2019-02-07 07:00:00+00:00,1.13606,1.1356600000000001,1.13666,1.13565,STOP,0.0004,-1.0250000000000536,-1.1500000000000536,-0.41000000000002146
N2_ASIA_RANGE_FADE,NEUTRAL,LONG,2019-02-07 07:45:00+00:00,2019-02-07 07:50:00+00:00,2019-02-07 07:50:00+00:00,2019-02-07 07:55:00+00:00,1.13586,1.1354600000000001,1.13646,1.13545,STOP,0.0004,-1.0250000000000536,-1.1500000000000536,-0.41000000000002146
N4_MICRO_BREAKOUT,NEUTRAL,SHORT,2019-02-07 08:00:00+00:00,2019-02-07 08:05:00+00:00,2019-02-07 08:05:00+00:00,2019-02-07 08:50:00+00:00,1.13506,1.13546,1.13446,1.13547,STOP,0.0004,-1.0250000000000536,-1.1500000000000536,-0.41000000000002146
N4_MICRO_BREAKOUT,NEUTRAL,SHORT,2019-02-07 09:05:00+00:00,2019-02-07 09:10:00+00:00,2019-02-07 09:10:00+00:00,2019-02-07 09:15:00+00:00,1.13449,1.13489,1.13389,1.1349,STOP,0.0004,-1.0250000000000536,-1.1500000000000536,-0.41000000000002146
N1_ROLLING_SWEEP_FADE,NEUTRAL,LONG,2019-02-08 00:00:00+00:00,2019-02-08 00:05:00+00:00,2019-02-08 00:05:00+00:00,2019-02-08 00:30:00+00:00,1.13395,1.13355,1.13455,1.13354,STOP,0.0004,-1.0250000000000536,-1.1500000000000536,-0.41000000000002146
N4_MICRO_BREAKOUT,NEUTRAL,SHORT,2019-02-08 00:30:00+00:00,2019-02-08 00:35:00+00:00,2019-02-08 00:35:00+00:00,2019-02-08 00:55:00+00:00,1.1335899999999999,1.1339899999999998,1.13299,1.134,STOP,0.0004,-1.0250000000000536,-1.1500000000000536,-0.41000000000002146
N4_MICRO_BREAKOUT,NEUTRAL,SHORT,2019-02-08 02:05:00+00:00,2019-02-08 02:10:00+00:00,2019-02-08 02:10:00+00:00,2019-02-08 03:10:00+00:00,1.1336,1.134,1.133,1.13401,STOP,0.0004,-1.0250000000000536,-1.1500000000000536,-0.41000000000002146
N4_MICRO_BREAKOUT,NEUTRAL,LONG,2019-02-08 04:05:00+00:00,2019-02-08 04:10:00+00:00,2019-02-08 04:10:00+00:00,2019-02-08 05:20:00+00:00,1.1343100000000002,1.1339100000000002,1.13491,1.1339000000000001,STOP,0.0004,-1.0250000000000536,-1.1500000000000536,-0.41000000000002146
N1_ROLLING_SWEEP_FADE,NEUTRAL,SHORT,2019-02-11 01:15:00+00:00,2019-02-11 01:20:00+00:00,2019-02-11 01:20:00+00:00,2019-02-11 03:50:00+00:00,1.13252,1.13292,1.13192,1.13193,TARGET,0.0004,1.474999999999671,1.349999999999671,0.5899999999998684
N3_ANCHOR_REVERSION,NEUTRAL,LONG,2019-02-11 03:55:00+00:00,2019-02-11 04:00:00+00:00,2019-02-11 04:00:00+00:00,2019-02-11 06:30:00+00:00,1.1321,1.1317000000000002,1.1327,1.13269,TARGET,0.0004,1.474999999999671,1.349999999999671,0.5899999999998684
N1_ROLLING_SWEEP_FADE,NEUTRAL,SHORT,2019-02-11 06:35:00+00:00,2019-02-11 06:40:00+00:00,2019-02-11 06:40:00+00:00,2019-02-11 06:45:00+00:00,1.13263,1.13303,1.13203,1.13304,STOP,0.0004,-1.0250000000000536,-1.1500000000000536,-0.41000000000002146
N4_MICRO_BREAKOUT,NEUTRAL,LONG,2019-02-11 06:45:00+00:00,2019-02-11 06:50:00+00:00,2019-02-11 06:50:00+00:00,2019-02-11 07:00:00+00:00,1.13298,1.1325800000000001,1.13358,1.13257,STOP,0.0004,-1.0250000000000536,-1.1500000000000536,-0.41000000000002146
N3_ANCHOR_REVERSION,NEUTRAL,SHORT,2019-02-11 23:55:00+00:00,2019-02-12 00:00:00+00:00,2019-02-12 00:00:00+00:00,2019-02-12 01:25:00+00:00,1.12784,1.12824,1.12724,1.12825,STOP,0.0004,-1.0250000000000536,-1.1500000000000536,-0.41000000000002146
N1_ROLLING_SWEEP_FADE,NEUTRAL,SHORT,2019-02-12 02:00:00+00:00,2019-02-12 02:05:00+00:00,2019-02-12 02:05:00+00:00,2019-02-12 02:40:00+00:00,1.1280999999999999,1.1284999999999998,1.1275,1.12851,STOP,0.0004,-1.0250000000000536,-1.1500000000000536,-0.41000000000002146
N1_ROLLING_SWEEP_FADE,NEUTRAL,SHORT,2019-02-12 02:40:00+00:00,2019-02-12 02:45:00+00:00,2019-02-12 02:45:00+00:00,2019-02-12 05:10:00+00:00,1.12822,1.12862,1.12762,1.1276300000000001,TARGET,0.0004,1.474999999999671,1.349999999999671,0.5899999999998684
N3_ANCHOR_REVERSION,NEUTRAL,LONG,2019-02-12 05:20:00+00:00,2019-02-12 05:25:00+00:00,2019-02-12 05:25:00+00:00,2019-02-12 06:35:00+00:00,1.1276700000000002,1.1272700000000002,1.12827,1.12826,TARGET,0.0004,1.474999999999671,1.349999999999671,0.5899999999998684
N4_MICRO_BREAKOUT,NEUTRAL,LONG,2019-02-13 02:00:00+00:00,2019-02-13 02:05:00+00:00,2019-02-13 02:05:00+00:00,2019-02-13 02:50:00+00:00,1.13379,1.1333900000000001,1.13439,1.13338,STOP,0.0004,-1.0250000000000536,-1.1500000000000536,-0.41000000000002146
N3_ANCHOR_REVERSION,NEUTRAL,SHORT,2019-02-13 04:00:00+00:00,2019-02-13 04:05:00+00:00,2019-02-13 04:05:00+00:00,2019-02-13 06:40:00+00:00,1.1338599999999999,1.1342599999999998,1.13326,1.13327,TARGET,0.0004,1.474999999999671,1.349999999999671,0.5899999999998684
N3_ANCHOR_REVERSION,NEUTRAL,LONG,2019-02-13 06:45:00+00:00,2019-02-13 06:50:00+00:00,2019-02-13 06:50:00+00:00,2019-02-13 07:10:00+00:00,1.13337,1.13297,1.13397,1.13296,STOP,0.0004,-1.0250000000000536,-1.1500000000000536,-0.41000000000002146
N4_MICRO_BREAKOUT,NEUTRAL,SHORT,2019-02-13 07:10:00+00:00,2019-02-13 07:15:00+00:00,2019-02-13 07:15:00+00:00,2019-02-13 07:50:00+00:00,1.1329,1.1333,1.1323,1.1323100000000001,TARGET,0.0004,1.474999999999671,1.349999999999671,0.5899999999998684
N1_ROLLING_SWEEP_FADE,NEUTRAL,SHORT,2019-02-14 01:35:00+00:00,2019-02-14 01:40:00+00:00,2019-02-14 01:40:00+00:00,2019-02-14 01:40:00+00:00,1.12662,1.12702,1.12602,1.12703,STOP,0.0004,-1.0250000000000536,-1.1500000000000536,-0.41000000000002146
N4_MICRO_BREAKOUT,NEUTRAL,LONG,2019-02-14 02:00:00+00:00,2019-02-14 02:05:00+00:00,2019-02-14 02:05:00+00:00,2019-02-14 03:00:00+00:00,1.12705,1.1266500000000002,1.12765,1.12764,TARGET,0.0004,1.474999999999671,1.349999999999671,0.5899999999998684
N4_MICRO_BREAKOUT,NEUTRAL,LONG,2019-02-14 03:00:00+00:00,2019-02-14 03:05:00+00:00,2019-02-14 03:05:00+00:00,2019-02-14 03:50:00+00:00,1.12764,1.12724,1.12824,1.12824,TARGET,0.0004,1.4999999999998348,1.3749999999998348,0.5999999999999339
N1_ROLLING_SWEEP_FADE,NEUTRAL,SHORT,2019-02-14 03:50:00+00:00,2019-02-14 03:55:00+00:00,2019-02-14 03:55:00+00:00,2019-02-14 06:15:00+00:00,1.12815,1.12855,1.12755,1.1275600000000001,TARGET,0.0004,1.474999999999671,1.349999999999671,0.5899999999998684
N3_ANCHOR_REVERSION,NEUTRAL,SHORT,2019-02-15 21:00:00+00:00,2019-02-15 21:05:00+00:00,2019-02-15 21:05:00+00:00,2019-02-15 21:55:00+00:00,1.12963,1.1300299999999999,1.12903,1.13004,STOP,0.0004,-1.0250000000000536,-1.1500000000000536,-0.41000000000002146
N4_MICRO_BREAKOUT,NEUTRAL,LONG,2019-02-17 23:45:00+00:00,2019-02-17 23:50:00+00:00,2019-02-17 23:50:00+00:00,2019-02-18 00:30:00+00:00,1.1296300000000001,1.1292300000000002,1.13023,1.13022,TARGET,0.0004,1.474999999999671,1.349999999999671,0.5899999999998684
N3_ANCHOR_REVERSION,NEUTRAL,SHORT,2019-02-18 00:55:00+00:00,2019-02-18 01:00:00+00:00,2019-02-18 01:00:00+00:00,2019-02-18 01:00:00+00:00,1.13028,1.13068,1.12968,1.13069,STOP,0.0004,-1.0250000000000536,-1.1500000000000536,-0.41000000000002146
N4_MICRO_BREAKOUT,NEUTRAL,LONG,2019-02-18 01:00:00+00:00,2019-02-18 01:05:00+00:00,2019-02-18 01:05:00+00:00,2019-02-18 02:05:00+00:00,1.13083,1.13043,1.13143,1.1314199999999999,TARGET,0.0004,1.474999999999671,1.349999999999671,0.5899999999998684
N4_MICRO_BREAKOUT,NEUTRAL,LONG,2019-02-18 02:05:00+00:00,2019-02-18 02:10:00+00:00,2019-02-18 02:10:00+00:00,2019-02-18 02:10:00+00:00,1.13208,1.13168,1.13268,1.13167,STOP,0.0004,-1.0250000000000536,-1.1500000000000536,-0.41000000000002146
N1_ROLLING_SWEEP_FADE,NEUTRAL,SHORT,2019-02-18 02:45:00+00:00,2019-02-18 02:50:00+00:00,2019-02-18 02:50:00+00:00,2019-02-18 04:35:00+00:00,1.1321299999999999,1.1325299999999998,1.13153,1.13154,TARGET,0.0004,1.474999999999671,1.349999999999671,0.5899999999998684
N4_MICRO_BREAKOUT,NEUTRAL,LONG,2019-02-19 00:05:00+00:00,2019-02-19 00:10:00+00:00,2019-02-19 00:10:00+00:00,2019-02-19 00:35:00+00:00,1.1313600000000001,1.1309600000000002,1.13196,1.1309500000000001,STOP,0.0004,-1.0250000000000536,-1.1500000000000536,-0.41000000000002146
N4_MICRO_BREAKOUT,NEUTRAL,SHORT,2019-02-19 00:35:00+00:00,2019-02-19 00:40:00+00:00,2019-02-19 00:40:00+00:00,2019-02-19 01:30:00+00:00,1.13092,1.1313199999999999,1.13032,1.13033,TARGET,0.0004,1.474999999999671,1.349999999999671,0.5899999999998684
N1_ROLLING_SWEEP_FADE,NEUTRAL,LONG,2019-02-19 01:30:00+00:00,2019-02-19 01:35:00+00:00,2019-02-19 01:35:00+00:00,2019-02-19 02:35:00+00:00,1.13046,1.13006,1.13106,1.13005,STOP,0.0004,-1.0250000000000536,-1.1500000000000536,-0.41000000000002146
N4_MICRO_BREAKOUT,NEUTRAL,SHORT,2019-02-19 03:50:00+00:00,2019-02-19 03:55:00+00:00,2019-02-19 03:55:00+00:00,2019-02-19 04:15:00+00:00,1.1294899999999999,1.1298899999999998,1.12889,1.1299,STOP,0.0004,-1.0250000000000536,-1.1500000000000536,-0.41000000000002146
N1_ROLLING_SWEEP_FADE,NEUTRAL,SHORT,2019-02-26 02:55:00+00:00,2019-02-26 03:00:00+00:00,2019-02-26 03:00:00+00:00,2019-02-26 03:00:00+00:00,1.13632,1.13672,1.13572,1.13673,STOP,0.0004,-1.0250000000000536,-1.1500000000000536,-0.41000000000002146
N4_MICRO_BREAKOUT,NEUTRAL,LONG,2019-02-26 03:00:00+00:00,2019-02-26 03:05:00+00:00,2019-02-26 03:05:00+00:00,2019-02-26 03:20:00+00:00,1.13676,1.13636,1.13736,1.13635,STOP,0.0004,-1.0250000000000536,-1.1500000000000536,-0.41000000000002146
N3_ANCHOR_REVERSION,NEUTRAL,SHORT,2019-02-28 11:30:00+00:00,2019-02-28 11:35:00+00:00,2019-02-28 11:35:00+00:00,2019-02-28 11:50:00+00:00,1.14137,1.14177,1.14077,1.14178,STOP,0.0004,-1.0250000000000536,-1.1500000000000536,-0.41000000000002146
N1_ROLLING_SWEEP_FADE,NEUTRAL,SHORT,2019-02-28 11:50:00+00:00,2019-02-28 11:55:00+00:00,2019-02-28 11:55:00+00:00,2019-02-28 12:25:00+00:00,1.14158,1.14198,1.14098,1.1409900000000002,TARGET,0.0004,1.474999999999671,1.349999999999671,0.5899999999998684
N3_ANCHOR_REVERSION,NEUTRAL,SHORT,2019-02-28 13:10:00+00:00,2019-02-28 13:15:00+00:00,2019-02-28 13:15:00+00:00,2019-02-28 13:15:00+00:00,1.14157,1.14197,1.14097,1.14098,TARGET,0.0004,1.474999999999671,1.349999999999671,0.5899999999998684
N1_ROLLING_SWEEP_FADE,NEUTRAL,LONG,2019-02-28 13:25:00+00:00,2019-02-28 13:30:00+00:00,2019-02-28 13:30:00+00:00,2019-02-28 13:30:00+00:00,1.1407100000000001,1.1403100000000002,1.14131,1.1403,STOP,0.0004,-1.0250000000000536,-1.1500000000000536,-0.41000000000002146
N3_ANCHOR_REVERSION,NEUTRAL,LONG,2019-03-01 00:20:00+00:00,2019-03-01 00:25:00+00:00,2019-03-01 00:25:00+00:00,2019-03-01 02:15:00+00:00,1.13713,1.13673,1.13773,1.13672,STOP,0.0004,-1.0250000000000536,-1.1500000000000536,-0.41000000000002146
N3_ANCHOR_REVERSION,NEUTRAL,LONG,2019-03-01 02:45:00+00:00,2019-03-01 02:50:00+00:00,2019-03-01 02:50:00+00:00,2019-03-01 04:40:00+00:00,1.13683,1.13643,1.13743,1.1374199999999999,TARGET,0.0004,1.474999999999671,1.349999999999671,0.5899999999998684
N3_ANCHOR_REVERSION,NEUTRAL,SHORT,2019-03-03 23:10:00+00:00,2019-03-03 23:15:00+00:00,2019-03-03 23:15:00+00:00,2019-03-04 00:00:00+00:00,1.13764,1.13804,1.13704,1.1370500000000001,TARGET,0.0004,1.474999999999671,1.349999999999671,0.5899999999998684
N4_MICRO_BREAKOUT,NEUTRAL,SHORT,2019-03-04 02:45:00+00:00,2019-03-04 02:50:00+00:00,2019-03-04 02:50:00+00:00,2019-03-04 07:40:00+00:00,1.1366699999999998,1.1370699999999998,1.13607,1.13608,TARGET,0.0004,1.474999999999671,1.349999999999671,0.5899999999998684
N4_MICRO_BREAKOUT,NEUTRAL,SHORT,2019-03-04 07:40:00+00:00,2019-03-04 07:45:00+00:00,2019-03-04 07:45:00+00:00,2019-03-04 08:00:00+00:00,1.1359599999999999,1.1363599999999998,1.13536,1.13537,TARGET,0.0004,1.474999999999671,1.349999999999671,0.5899999999998684
N4_MICRO_BREAKOUT,NEUTRAL,SHORT,2019-03-07 19:30:00+00:00,2019-03-07 19:35:00+00:00,2019-03-07 19:35:00+00:00,2019-03-07 19:35:00+00:00,1.1203999999999998,1.1207999999999998,1.1198,1.1208099999999999,STOP,0.0004,-1.0250000000000536,-1.1500000000000536,-0.41000000000002146
N3_ANCHOR_REVERSION,NEUTRAL,LONG,2019-03-07 19:50:00+00:00,2019-03-07 19:55:00+00:00,2019-03-07 19:55:00+00:00,2019-03-07 20:00:00+00:00,1.1184500000000002,1.1180500000000002,1.11905,1.1180400000000001,STOP,0.0004,-1.0250000000000536,-1.1500000000000536,-0.41000000000002146
N1_ROLLING_SWEEP_FADE,NEUTRAL,SHORT,2019-03-07 23:10:00+00:00,2019-03-07 23:15:00+00:00,2019-03-07 23:15:00+00:00,2019-03-07 23:30:00+00:00,1.11948,1.11988,1.11888,1.11989,STOP,0.0004,-1.0250000000000536,-1.1500000000000536,-0.41000000000002146
N3_ANCHOR_REVERSION,NEUTRAL,LONG,2019-03-08 00:20:00+00:00,2019-03-08 00:25:00+00:00,2019-03-08 00:25:00+00:00,2019-03-08 00:30:00+00:00,1.1193300000000002,1.1189300000000002,1.11993,1.1189200000000001,STOP,0.0004,-1.0250000000000536,-1.1500000000000536,-0.41000000000002146
N3_ANCHOR_REVERSION,NEUTRAL,LONG,2019-03-08 00:35:00+00:00,2019-03-08 00:40:00+00:00,2019-03-08 00:40:00+00:00,2019-03-08 01:45:00+00:00,1.1191300000000002,1.1187300000000002,1.1197300000000001,1.1187200000000002,STOP,0.0004,-1.0250000000000536,-1.1500000000000536,-0.41000000000002146
N1_ROLLING_SWEEP_FADE,NEUTRAL,LONG,2019-03-08 01:50:00+00:00,2019-03-08 01:55:00+00:00,2019-03-08 01:55:00+00:00,2019-03-08 02:20:00+00:00,1.1188200000000001,1.1184200000000002,1.11942,1.11941,TARGET,0.0004,1.474999999999671,1.349999999999671,0.5899999999998684
N4_MICRO_BREAKOUT,NEUTRAL,LONG,2019-03-08 04:55:00+00:00,2019-03-08 05:00:00+00:00,2019-03-08 05:00:00+00:00,2019-03-08 06:35:00+00:00,1.1199700000000001,1.1195700000000002,1.12057,1.12056,TARGET,0.0004,1.474999999999671,1.349999999999671,0.5899999999998684
N3_ANCHOR_REVERSION,NEUTRAL,LONG,2019-03-10 21:50:00+00:00,2019-03-10 21:55:00+00:00,2019-03-10 21:55:00+00:00,2019-03-11 00:10:00+00:00,1.12339,1.1229900000000002,1.12399,1.12298,STOP,0.0004,-1.0250000000000536,-1.1500000000000536,-0.41000000000002146
N1_ROLLING_SWEEP_FADE,NEUTRAL,LONG,2019-03-11 00:20:00+00:00,2019-03-11 00:25:00+00:00,2019-03-11 00:25:00+00:00,2019-03-11 00:30:00+00:00,1.12291,1.1225100000000001,1.12351,1.1225,STOP,0.0004,-1.0250000000000536,-1.1500000000000536,-0.41000000000002146
N1_ROLLING_SWEEP_FADE,NEUTRAL,LONG,2019-03-11 00:40:00+00:00,2019-03-11 00:45:00+00:00,2019-03-11 00:45:00+00:00,2019-03-11 02:35:00+00:00,1.12261,1.1222100000000002,1.12321,1.1232,TARGET,0.0004,1.474999999999671,1.349999999999671,0.5899999999998684
N4_MICRO_BREAKOUT,NEUTRAL,LONG,2019-03-11 13:20:00+00:00,2019-03-11 13:25:00+00:00,2019-03-11 13:25:00+00:00,2019-03-11 13:35:00+00:00,1.12497,1.12457,1.12557,1.12456,STOP,0.0004,-1.0250000000000536,-1.1500000000000536,-0.41000000000002146
N3_ANCHOR_REVERSION,NEUTRAL,LONG,2019-03-11 16:00:00+00:00,2019-03-11 16:05:00+00:00,2019-03-11 16:05:00+00:00,2019-03-11 16:10:00+00:00,1.1227,1.1223,1.1233,1.12229,STOP,0.0004,-1.0250000000000536,-1.1500000000000536,-0.41000000000002146
N1_ROLLING_SWEEP_FADE,NEUTRAL,LONG,2019-03-12 04:05:00+00:00,2019-03-12 04:10:00+00:00,2019-03-12 04:10:00+00:00,2019-03-12 04:25:00+00:00,1.1261400000000001,1.1257400000000002,1.12674,1.1257300000000001,STOP,0.0004,-1.0250000000000536,-1.1500000000000536,-0.41000000000002146
N4_MICRO_BREAKOUT,NEUTRAL,SHORT,2019-03-12 04:50:00+00:00,2019-03-12 04:55:00+00:00,2019-03-12 04:55:00+00:00,2019-03-12 06:45:00+00:00,1.12554,1.12594,1.12494,1.12595,STOP,0.0004,-1.0250000000000536,-1.1500000000000536,-0.41000000000002146
N4_MICRO_BREAKOUT,NEUTRAL,LONG,2019-03-12 07:35:00+00:00,2019-03-12 07:40:00+00:00,2019-03-12 07:40:00+00:00,2019-03-12 07:55:00+00:00,1.12613,1.1257300000000001,1.12673,1.12672,TARGET,0.0004,1.474999999999671,1.349999999999671,0.5899999999998684
N1_ROLLING_SWEEP_FADE,NEUTRAL,SHORT,2019-03-13 01:20:00+00:00,2019-03-13 01:25:00+00:00,2019-03-13 01:25:00+00:00,2019-03-13 05:00:00+00:00,1.1289399999999998,1.1293399999999998,1.12834,1.12835,TARGET,0.0004,1.474999999999671,1.349999999999671,0.5899999999998684
N4_MICRO_BREAKOUT,NEUTRAL,LONG,2019-03-20 14:30:00+00:00,2019-03-20 14:35:00+00:00,2019-03-20 14:35:00+00:00,2019-03-20 14:40:00+00:00,1.13643,1.13603,1.13703,1.13602,STOP,0.0004,-1.0250000000000536,-1.1500000000000536,-0.41000000000002146
N1_ROLLING_SWEEP_FADE,NEUTRAL,LONG,2019-03-20 17:45:00+00:00,2019-03-20 17:50:00+00:00,2019-03-20 17:50:00+00:00,2019-03-20 17:55:00+00:00,1.1350500000000001,1.1346500000000002,1.13565,1.13564,TARGET,0.0004,1.474999999999671,1.349999999999671,0.5899999999998684
N4_MICRO_BREAKOUT,NEUTRAL,LONG,2019-03-20 18:00:00+00:00,2019-03-20 18:05:00+00:00,2019-03-20 18:05:00+00:00,2019-03-20 18:05:00+00:00,1.14083,1.14043,1.14143,1.14042,STOP,0.0004,-1.0250000000000536,-1.1500000000000536,-0.41000000000002146
N4_MICRO_BREAKOUT,NEUTRAL,LONG,2019-03-20 18:15:00+00:00,2019-03-20 18:20:00+00:00,2019-03-20 18:20:00+00:00,2019-03-20 18:20:00+00:00,1.14157,1.14117,1.14217,1.1421599999999998,TARGET,0.0004,1.474999999999671,1.349999999999671,0.5899999999998684
N3_ANCHOR_REVERSION,NEUTRAL,SHORT,2019-03-22 19:30:00+00:00,2019-03-22 19:35:00+00:00,2019-03-22 19:35:00+00:00,2019-03-22 20:55:00+00:00,1.1299599999999999,1.1303599999999998,1.12936,1.13023,TIME_12H,0.0004,-0.6750000000005363,-0.8000000000005363,-0.2700000000002145
N3_ANCHOR_REVERSION,NEUTRAL,LONG,2019-03-25 00:05:00+00:00,2019-03-25 00:10:00+00:00,2019-03-25 00:10:00+00:00,2019-03-25 00:50:00+00:00,1.12944,1.12904,1.13004,1.12903,STOP,0.0004,-1.0250000000000536,-1.1500000000000536,-0.41000000000002146
N4_MICRO_BREAKOUT,NEUTRAL,SHORT,2019-03-25 00:50:00+00:00,2019-03-25 00:55:00+00:00,2019-03-25 00:55:00+00:00,2019-03-25 01:00:00+00:00,1.1289,1.1293,1.1283,1.12931,STOP,0.0004,-1.0250000000000536,-1.1500000000000536,-0.41000000000002146
N4_MICRO_BREAKOUT,NEUTRAL,SHORT,2019-03-26 15:55:00+00:00,2019-03-26 16:00:00+00:00,2019-03-26 16:00:00+00:00,2019-03-26 16:00:00+00:00,1.12791,1.12831,1.12731,1.12832,STOP,0.0004,-1.0250000000000536,-1.1500000000000536,-0.41000000000002146
N3_ANCHOR_REVERSION,NEUTRAL,LONG,2019-03-26 16:00:00+00:00,2019-03-26 16:05:00+00:00,2019-03-26 16:05:00+00:00,2019-03-26 16:50:00+00:00,1.12842,1.12802,1.12902,1.1290099999999998,TARGET,0.0004,1.474999999999671,1.349999999999671,0.5899999999998684
N3_ANCHOR_REVERSION,NEUTRAL,LONG,2019-03-26 18:50:00+00:00,2019-03-26 18:55:00+00:00,2019-03-26 18:55:00+00:00,2019-03-26 19:30:00+00:00,1.12785,1.12745,1.12845,1.12744,STOP,0.0004,-1.0250000000000536,-1.1500000000000536,-0.41000000000002146
N4_MICRO_BREAKOUT,NEUTRAL,SHORT,2019-03-26 19:30:00+00:00,2019-03-26 19:35:00+00:00,2019-03-26 19:35:00+00:00,2019-03-26 19:55:00+00:00,1.12741,1.12781,1.12681,1.1268200000000002,TARGET,0.0004,1.474999999999671,1.349999999999671,0.5899999999998684
N4_MICRO_BREAKOUT,NEUTRAL,SHORT,2019-03-27 00:25:00+00:00,2019-03-27 00:30:00+00:00,2019-03-27 00:30:00+00:00,2019-03-27 00:50:00+00:00,1.12689,1.12729,1.12629,1.1263,TARGET,0.0004,1.474999999999671,1.349999999999671,0.5899999999998684
N1_ROLLING_SWEEP_FADE,NEUTRAL,LONG,2019-03-27 00:50:00+00:00,2019-03-27 00:55:00+00:00,2019-03-27 00:55:00+00:00,2019-03-27 01:00:00+00:00,1.12664,1.1262400000000001,1.12724,1.12623,STOP,0.0004,-1.0250000000000536,-1.1500000000000536,-0.41000000000002146
N3_ANCHOR_REVERSION,NEUTRAL,LONG,2019-03-27 01:05:00+00:00,2019-03-27 01:10:00+00:00,2019-03-27 01:10:00+00:00,2019-03-27 01:15:00+00:00,1.1264800000000001,1.1260800000000002,1.12708,1.1260700000000001,STOP,0.0004,-1.0250000000000536,-1.1500000000000536,-0.41000000000002146
N4_MICRO_BREAKOUT,NEUTRAL,SHORT,2019-03-27 01:15:00+00:00,2019-03-27 01:20:00+00:00,2019-03-27 01:20:00+00:00,2019-03-27 01:20:00+00:00,1.12587,1.1262699999999999,1.12527,1.12628,STOP,0.0004,-1.0250000000000536,-1.1500000000000536,-0.41000000000002146
N1_ROLLING_SWEEP_FADE,NEUTRAL,LONG,2019-03-28 16:15:00+00:00,2019-03-28 16:20:00+00:00,2019-03-28 16:20:00+00:00,2019-03-28 16:30:00+00:00,1.12259,1.12219,1.12319,1.12218,STOP,0.0004,-1.0250000000000536,-1.1500000000000536,-0.41000000000002146
N1_ROLLING_SWEEP_FADE,NEUTRAL,SHORT,2019-03-28 18:00:00+00:00,2019-03-28 18:05:00+00:00,2019-03-28 18:05:00+00:00,2019-03-28 19:05:00+00:00,1.12316,1.12356,1.12256,1.12257,TARGET,0.0004,1.474999999999671,1.349999999999671,0.5899999999998684
N4_MICRO_BREAKOUT,NEUTRAL,SHORT,2019-03-29 02:05:00+00:00,2019-03-29 02:10:00+00:00,2019-03-29 02:10:00+00:00,2019-03-29 02:15:00+00:00,1.12238,1.12278,1.12178,1.12279,STOP,0.0004,-1.0250000000000536,-1.1500000000000536,-0.41000000000002146
N1_ROLLING_SWEEP_FADE,NEUTRAL,LONG,2019-03-29 19:00:00+00:00,2019-03-29 19:05:00+00:00,2019-03-29 19:05:00+00:00,2019-03-29 20:55:00+00:00,1.12185,1.12145,1.12245,1.12178,TIME_12H,0.0004,-0.17500000000003624,-0.30000000000003624,-0.0700000000000145
N1_ROLLING_SWEEP_FADE,NEUTRAL,LONG,2019-03-31 23:05:00+00:00,2019-03-31 23:10:00+00:00,2019-03-31 23:10:00+00:00,2019-04-01 01:45:00+00:00,1.1223100000000001,1.1219100000000002,1.12291,1.1229,TARGET,0.0004,1.474999999999671,1.349999999999671,0.5899999999998684
N1_ROLLING_SWEEP_FADE,NEUTRAL,SHORT,2019-04-01 01:45:00+00:00,2019-04-01 01:50:00+00:00,2019-04-01 01:50:00+00:00,2019-04-01 02:30:00+00:00,1.12253,1.12293,1.12193,1.12294,STOP,0.0004,-1.0250000000000536,-1.1500000000000536,-0.41000000000002146
N1_ROLLING_SWEEP_FADE,NEUTRAL,SHORT,2019-04-01 02:50:00+00:00,2019-04-01 02:55:00+00:00,2019-04-01 02:55:00+00:00,2019-04-01 04:35:00+00:00,1.1230799999999999,1.1234799999999998,1.12248,1.1234899999999999,STOP,0.0004,-1.0250000000000536,-1.1500000000000536,-0.41000000000002146
N1_ROLLING_SWEEP_FADE,NEUTRAL,LONG,2019-04-09 00:00:00+00:00,2019-04-09 00:05:00+00:00,2019-04-09 00:05:00+00:00,2019-04-09 01:30:00+00:00,1.12592,1.12552,1.12652,1.12651,TARGET,0.0004,1.474999999999671,1.349999999999671,0.5899999999998684
N4_MICRO_BREAKOUT,NEUTRAL,LONG,2019-04-09 03:50:00+00:00,2019-04-09 03:55:00+00:00,2019-04-09 03:55:00+00:00,2019-04-09 04:55:00+00:00,1.1269600000000002,1.1265600000000002,1.1275600000000001,1.1265500000000002,STOP,0.0004,-1.0250000000000536,-1.1500000000000536,-0.41000000000002146
N1_ROLLING_SWEEP_FADE,NEUTRAL,SHORT,2019-04-10 16:35:00+00:00,2019-04-10 16:40:00+00:00,2019-04-10 16:40:00+00:00,2019-04-10 16:45:00+00:00,1.12719,1.1275899999999999,1.12659,1.1276,STOP,0.0004,-1.0250000000000536,-1.1500000000000536,-0.41000000000002146
N3_ANCHOR_REVERSION,NEUTRAL,LONG,2019-04-11 17:55:00+00:00,2019-04-11 18:00:00+00:00,2019-04-11 18:00:00+00:00,2019-04-11 20:55:00+00:00,1.1256000000000002,1.1252000000000002,1.1262,1.1251900000000001,STOP,0.0004,-1.0250000000000536,-1.1500000000000536,-0.41000000000002146
N1_ROLLING_SWEEP_FADE,NEUTRAL,SHORT,2019-04-11 21:15:00+00:00,2019-04-11 21:20:00+00:00,2019-04-11 21:20:00+00:00,2019-04-11 21:20:00+00:00,1.1254899999999999,1.1258899999999998,1.12489,1.1259,STOP,0.0004,-1.0250000000000536,-1.1500000000000536,-0.41000000000002146
N1_ROLLING_SWEEP_FADE,NEUTRAL,LONG,2019-04-12 00:15:00+00:00,2019-04-12 00:20:00+00:00,2019-04-12 00:20:00+00:00,2019-04-12 00:30:00+00:00,1.12603,1.1256300000000001,1.12663,1.12662,TARGET,0.0004,1.474999999999671,1.349999999999671,0.5899999999998684
N4_MICRO_BREAKOUT,NEUTRAL,LONG,2019-04-12 00:30:00+00:00,2019-04-12 00:35:00+00:00,2019-04-12 00:35:00+00:00,2019-04-12 00:35:00+00:00,1.1267800000000001,1.1263800000000002,1.12738,1.12737,TARGET,0.0004,1.474999999999671,1.349999999999671,0.5899999999998684
N3_ANCHOR_REVERSION,NEUTRAL,SHORT,2019-04-12 03:45:00+00:00,2019-04-12 03:50:00+00:00,2019-04-12 03:50:00+00:00,2019-04-12 04:25:00+00:00,1.1287699999999998,1.1291699999999998,1.12817,1.1291799999999999,STOP,0.0004,-1.0250000000000536,-1.1500000000000536,-0.41000000000002146
N3_ANCHOR_REVERSION,NEUTRAL,SHORT,2019-04-12 04:45:00+00:00,2019-04-12 04:50:00+00:00,2019-04-12 04:50:00+00:00,2019-04-12 05:35:00+00:00,1.1290799999999999,1.1294799999999998,1.12848,1.12849,TARGET,0.0004,1.474999999999671,1.349999999999671,0.5899999999998684
N3_ANCHOR_REVERSION,NEUTRAL,SHORT,2019-04-14 23:05:00+00:00,2019-04-14 23:10:00+00:00,2019-04-14 23:10:00+00:00,2019-04-14 23:25:00+00:00,1.13034,1.1307399999999999,1.12974,1.13075,STOP,0.0004,-1.0250000000000536,-1.1500000000000536,-0.41000000000002146
N3_ANCHOR_REVERSION,NEUTRAL,SHORT,2019-04-14 23:30:00+00:00,2019-04-14 23:35:00+00:00,2019-04-14 23:35:00+00:00,2019-04-15 01:40:00+00:00,1.1304699999999999,1.1308699999999998,1.12987,1.1308799999999999,STOP,0.0004,-1.0250000000000536,-1.1500000000000536,-0.41000000000002146
N3_ANCHOR_REVERSION,NEUTRAL,LONG,2019-04-15 06:05:00+00:00,2019-04-15 06:10:00+00:00,2019-04-15 06:10:00+00:00,2019-04-15 06:45:00+00:00,1.13057,1.1301700000000001,1.13117,1.13116,TARGET,0.0004,1.474999999999671,1.349999999999671,0.5899999999998684
N4_MICRO_BREAKOUT,NEUTRAL,LONG,2019-04-15 06:45:00+00:00,2019-04-15 06:50:00+00:00,2019-04-15 06:50:00+00:00,2019-04-15 07:25:00+00:00,1.13138,1.13098,1.13198,1.13197,TARGET,0.0004,1.474999999999671,1.349999999999671,0.5899999999998684
N3_ANCHOR_REVERSION,NEUTRAL,LONG,2019-04-16 02:00:00+00:00,2019-04-16 02:05:00+00:00,2019-04-16 02:05:00+00:00,2019-04-16 03:35:00+00:00,1.12968,1.12928,1.13028,1.1302699999999999,TARGET,0.0004,1.474999999999671,1.349999999999671,0.5899999999998684
N4_MICRO_BREAKOUT,NEUTRAL,LONG,2019-04-16 11:55:00+00:00,2019-04-16 12:00:00+00:00,2019-04-16 12:00:00+00:00,2019-04-16 12:05:00+00:00,1.13101,1.1306100000000001,1.13161,1.1306,STOP,0.0004,-1.0250000000000536,-1.1500000000000536,-0.41000000000002146
N1_ROLLING_SWEEP_FADE,NEUTRAL,LONG,2019-04-16 12:35:00+00:00,2019-04-16 12:40:00+00:00,2019-04-16 12:40:00+00:00,2019-04-16 12:40:00+00:00,1.13013,1.1297300000000001,1.13073,1.12972,STOP,0.0004,-1.0250000000000536,-1.1500000000000536,-0.41000000000002146
N1_ROLLING_SWEEP_FADE,NEUTRAL,LONG,2019-04-16 12:55:00+00:00,2019-04-16 13:00:00+00:00,2019-04-16 13:00:00+00:00,2019-04-16 14:05:00+00:00,1.12976,1.1293600000000001,1.13036,1.12935,STOP,0.0004,-1.0250000000000536,-1.1500000000000536,-0.41000000000002146
N3_ANCHOR_REVERSION,NEUTRAL,SHORT,2019-04-17 07:55:00+00:00,2019-04-17 08:00:00+00:00,2019-04-17 08:00:00+00:00,2019-04-17 08:15:00+00:00,1.13168,1.13208,1.13108,1.13209,STOP,0.0004,-1.0250000000000536,-1.1500000000000536,-0.41000000000002146
N3_ANCHOR_REVERSION,NEUTRAL,SHORT,2019-04-17 08:30:00+00:00,2019-04-17 08:35:00+00:00,2019-04-17 08:35:00+00:00,2019-04-17 09:35:00+00:00,1.13156,1.1319599999999999,1.13096,1.13197,STOP,0.0004,-1.0250000000000536,-1.1500000000000536,-0.41000000000002146
N1_ROLLING_SWEEP_FADE,NEUTRAL,SHORT,2019-04-17 09:35:00+00:00,2019-04-17 09:40:00+00:00,2019-04-17 09:40:00+00:00,2019-04-17 10:40:00+00:00,1.13116,1.13156,1.13056,1.13057,TARGET,0.0004,1.474999999999671,1.349999999999671,0.5899999999998684
N2_ASIA_RANGE_FADE,NEUTRAL,SHORT,2019-04-17 11:25:00+00:00,2019-04-17 11:30:00+00:00,2019-04-17 11:30:00+00:00,2019-04-17 11:50:00+00:00,1.13109,1.1314899999999999,1.13049,1.1305,TARGET,0.0004,1.474999999999671,1.349999999999671,0.5899999999998684
N4_MICRO_BREAKOUT,NEUTRAL,SHORT,2019-04-24 16:25:00+00:00,2019-04-24 16:30:00+00:00,2019-04-24 16:30:00+00:00,2019-04-24 16:35:00+00:00,1.11692,1.1173199999999999,1.11632,1.11633,TARGET,0.0004,1.474999999999671,1.349999999999671,0.5899999999998684
N4_MICRO_BREAKOUT,NEUTRAL,SHORT,2019-04-24 16:35:00+00:00,2019-04-24 16:40:00+00:00,2019-04-24 16:40:00+00:00,2019-04-24 16:45:00+00:00,1.11618,1.11658,1.11558,1.11659,STOP,0.0004,-1.0250000000000536,-1.1500000000000536,-0.41000000000002146
N4_MICRO_BREAKOUT,NEUTRAL,SHORT,2019-04-24 18:25:00+00:00,2019-04-24 18:30:00+00:00,2019-04-24 18:30:00+00:00,2019-04-24 18:40:00+00:00,1.1155,1.1159,1.1149,1.11491,TARGET,0.0004,1.474999999999671,1.349999999999671,0.5899999999998684
N4_MICRO_BREAKOUT,NEUTRAL,SHORT,2019-04-24 18:50:00+00:00,2019-04-24 18:55:00+00:00,2019-04-24 18:55:00+00:00,2019-04-24 19:10:00+00:00,1.11428,1.11468,1.11368,1.11469,STOP,0.0004,-1.0250000000000536,-1.1500000000000536,-0.41000000000002146
N4_MICRO_BREAKOUT,NEUTRAL,SHORT,2019-04-25 00:00:00+00:00,2019-04-25 00:05:00+00:00,2019-04-25 00:05:00+00:00,2019-04-25 00:25:00+00:00,1.11469,1.11509,1.11409,1.1151,STOP,0.0004,-1.0250000000000536,-1.1500000000000536,-0.41000000000002146
N1_ROLLING_SWEEP_FADE,NEUTRAL,SHORT,2019-04-25 01:00:00+00:00,2019-04-25 01:05:00+00:00,2019-04-25 01:05:00+00:00,2019-04-25 01:15:00+00:00,1.1152799999999998,1.1156799999999998,1.11468,1.11469,TARGET,0.0004,1.474999999999671,1.349999999999671,0.5899999999998684
N1_ROLLING_SWEEP_FADE,NEUTRAL,LONG,2019-04-25 01:25:00+00:00,2019-04-25 01:30:00+00:00,2019-04-25 01:30:00+00:00,2019-04-25 01:45:00+00:00,1.1147500000000001,1.1143500000000002,1.11535,1.11534,TARGET,0.0004,1.474999999999671,1.349999999999671,0.5899999999998684
N1_ROLLING_SWEEP_FADE,NEUTRAL,SHORT,2019-04-25 02:00:00+00:00,2019-04-25 02:05:00+00:00,2019-04-25 02:05:00+00:00,2019-04-25 02:10:00+00:00,1.11516,1.1155599999999999,1.11456,1.11557,STOP,0.0004,-1.0250000000000536,-1.1500000000000536,-0.41000000000002146
N3_ANCHOR_REVERSION,NEUTRAL,LONG,2019-04-26 19:10:00+00:00,2019-04-26 19:15:00+00:00,2019-04-26 19:15:00+00:00,2019-04-26 19:45:00+00:00,1.11541,1.11501,1.11601,1.115,STOP,0.0004,-1.0250000000000536,-1.1500000000000536,-0.41000000000002146
N4_MICRO_BREAKOUT,NEUTRAL,SHORT,2019-04-26 19:45:00+00:00,2019-04-26 19:50:00+00:00,2019-04-26 19:50:00+00:00,2019-04-26 20:10:00+00:00,1.11493,1.11533,1.11433,1.11534,STOP,0.0004,-1.0250000000000536,-1.1500000000000536,-0.41000000000002146
N4_MICRO_BREAKOUT,NEUTRAL,LONG,2019-04-29 02:15:00+00:00,2019-04-29 02:20:00+00:00,2019-04-29 02:20:00+00:00,2019-04-29 04:35:00+00:00,1.1153600000000001,1.1149600000000002,1.11596,1.11595,TARGET,0.0004,1.474999999999671,1.349999999999671,0.5899999999998684
N3_ANCHOR_REVERSION,NEUTRAL,SHORT,2019-04-29 18:10:00+00:00,2019-04-29 18:15:00+00:00,2019-04-29 18:15:00+00:00,2019-04-29 18:15:00+00:00,1.1178,1.1181999999999999,1.1172,1.11821,STOP,0.0004,-1.0250000000000536,-1.1500000000000536,-0.41000000000002146
N4_MICRO_BREAKOUT,NEUTRAL,LONG,2019-04-29 18:15:00+00:00,2019-04-29 18:20:00+00:00,2019-04-29 18:20:00+00:00,2019-04-29 18:25:00+00:00,1.11873,1.11833,1.11933,1.11832,STOP,0.0004,-1.0250000000000536,-1.1500000000000536,-0.41000000000002146
N3_ANCHOR_REVERSION,NEUTRAL,SHORT,2019-04-29 19:00:00+00:00,2019-04-29 19:05:00+00:00,2019-04-29 19:05:00+00:00,2019-04-29 19:15:00+00:00,1.11819,1.11859,1.11759,1.1186,STOP,0.0004,-1.0250000000000536,-1.1500000000000536,-0.41000000000002146
N1_ROLLING_SWEEP_FADE,NEUTRAL,LONG,2019-04-30 00:05:00+00:00,2019-04-30 00:10:00+00:00,2019-04-30 00:10:00+00:00,2019-04-30 00:55:00+00:00,1.1185100000000001,1.1181100000000002,1.11911,1.1191,TARGET,0.0004,1.474999999999671,1.349999999999671,0.5899999999998684
N3_ANCHOR_REVERSION,NEUTRAL,LONG,2019-04-30 01:05:00+00:00,2019-04-30 01:10:00+00:00,2019-04-30 01:10:00+00:00,2019-04-30 02:10:00+00:00,1.11822,1.11782,1.11882,1.1188099999999999,TARGET,0.0004,1.474999999999671,1.349999999999671,0.5899999999998684
N4_MICRO_BREAKOUT,NEUTRAL,LONG,2019-04-30 03:05:00+00:00,2019-04-30 03:10:00+00:00,2019-04-30 03:10:00+00:00,2019-04-30 03:55:00+00:00,1.1191200000000001,1.1187200000000002,1.11972,1.11871,STOP,0.0004,-1.0250000000000536,-1.1500000000000536,-0.41000000000002146
N4_MICRO_BREAKOUT,NEUTRAL,SHORT,2019-04-30 05:50:00+00:00,2019-04-30 05:55:00+00:00,2019-04-30 05:55:00+00:00,2019-04-30 06:55:00+00:00,1.11792,1.11832,1.11732,1.11833,STOP,0.0004,-1.0250000000000536,-1.1500000000000536,-0.41000000000002146
N1_ROLLING_SWEEP_FADE,NEUTRAL,LONG,2019-05-02 18:55:00+00:00,2019-05-02 19:00:00+00:00,2019-05-02 19:00:00+00:00,2019-05-02 20:40:00+00:00,1.11756,1.1171600000000002,1.11816,1.11715,STOP,0.0004,-1.0250000000000536,-1.1500000000000536,-0.41000000000002146
N1_ROLLING_SWEEP_FADE,NEUTRAL,SHORT,2019-05-02 22:45:00+00:00,2019-05-02 22:50:00+00:00,2019-05-02 22:50:00+00:00,2019-05-03 04:40:00+00:00,1.1174499999999998,1.1178499999999998,1.11685,1.11686,TARGET,0.0004,1.474999999999671,1.349999999999671,0.5899999999998684
N1_ROLLING_SWEEP_FADE,NEUTRAL,SHORT,2019-05-03 12:25:00+00:00,2019-05-03 12:30:00+00:00,2019-05-03 12:30:00+00:00,2019-05-03 12:30:00+00:00,1.1154899999999999,1.1158899999999998,1.11489,1.1149,TARGET,0.0004,1.474999999999671,1.349999999999671,0.5899999999998684
N4_MICRO_BREAKOUT,NEUTRAL,LONG,2019-05-03 14:00:00+00:00,2019-05-03 14:05:00+00:00,2019-05-03 14:05:00+00:00,2019-05-03 14:10:00+00:00,1.11786,1.1174600000000001,1.11846,1.11845,TARGET,0.0004,1.474999999999671,1.349999999999671,0.5899999999998684
N1_ROLLING_SWEEP_FADE,NEUTRAL,SHORT,2019-05-03 14:10:00+00:00,2019-05-03 14:15:00+00:00,2019-05-03 14:15:00+00:00,2019-05-03 14:15:00+00:00,1.1182299999999998,1.1186299999999998,1.11763,1.1186399999999999,STOP,0.0004,-1.0250000000000536,-1.1500000000000536,-0.41000000000002146
N1_ROLLING_SWEEP_FADE,NEUTRAL,LONG,2019-05-03 18:00:00+00:00,2019-05-03 18:05:00+00:00,2019-05-03 18:05:00+00:00,2019-05-03 18:15:00+00:00,1.11951,1.11911,1.12011,1.1191,STOP,0.0004,-1.0250000000000536,-1.1500000000000536,-0.41000000000002146
N3_ANCHOR_REVERSION,NEUTRAL,LONG,2019-05-05 21:20:00+00:00,2019-05-05 21:25:00+00:00,2019-05-05 21:25:00+00:00,2019-05-05 21:30:00+00:00,1.11799,1.11759,1.11859,1.11758,STOP,0.0004,-1.0250000000000536,-1.1500000000000536,-0.41000000000002146
N3_ANCHOR_REVERSION,NEUTRAL,LONG,2019-05-05 21:30:00+00:00,2019-05-05 21:35:00+00:00,2019-05-05 21:35:00+00:00,2019-05-05 21:45:00+00:00,1.1180100000000002,1.1176100000000002,1.11861,1.1186,TARGET,0.0004,1.474999999999671,1.349999999999671,0.5899999999998684
N1_ROLLING_SWEEP_FADE,NEUTRAL,SHORT,2019-05-05 22:15:00+00:00,2019-05-05 22:20:00+00:00,2019-05-05 22:20:00+00:00,2019-05-05 22:20:00+00:00,1.11858,1.1189799999999999,1.11798,1.11899,STOP,0.0004,-1.0250000000000536,-1.1500000000000536,-0.41000000000002146
N1_ROLLING_SWEEP_FADE,NEUTRAL,SHORT,2019-05-05 22:25:00+00:00,2019-05-05 22:30:00+00:00,2019-05-05 22:30:00+00:00,2019-05-05 22:30:00+00:00,1.11892,1.1193199999999999,1.11832,1.11933,STOP,0.0004,-1.0250000000000536,-1.1500000000000536,-0.41000000000002146
N3_ANCHOR_REVERSION,NEUTRAL,LONG,2019-05-06 00:15:00+00:00,2019-05-06 00:20:00+00:00,2019-05-06 00:20:00+00:00,2019-05-06 00:25:00+00:00,1.11853,1.11813,1.11913,1.11812,STOP,0.0004,-1.0250000000000536,-1.1500000000000536,-0.41000000000002146
N4_MICRO_BREAKOUT,NEUTRAL,SHORT,2019-05-06 00:25:00+00:00,2019-05-06 00:30:00+00:00,2019-05-06 00:30:00+00:00,2019-05-06 00:40:00+00:00,1.11804,1.1184399999999999,1.11744,1.11845,STOP,0.0004,-1.0250000000000536,-1.1500000000000536,-0.41000000000002146
N4_MICRO_BREAKOUT,NEUTRAL,SHORT,2019-05-14 18:55:00+00:00,2019-05-14 19:00:00+00:00,2019-05-14 19:00:00+00:00,2019-05-14 19:05:00+00:00,1.1206399999999999,1.1210399999999998,1.12004,1.1210499999999999,STOP,0.0004,-1.0250000000000536,-1.1500000000000536,-0.41000000000002146
N3_ANCHOR_REVERSION,NEUTRAL,LONG,2019-05-14 20:50:00+00:00,2019-05-14 20:55:00+00:00,2019-05-14 20:55:00+00:00,2019-05-15 00:35:00+00:00,1.1204800000000001,1.1200800000000002,1.12108,1.1200700000000001,STOP,0.0004,-1.0250000000000536,-1.1500000000000536,-0.41000000000002146
N1_ROLLING_SWEEP_FADE,NEUTRAL,LONG,2019-05-15 00:35:00+00:00,2019-05-15 00:40:00+00:00,2019-05-15 00:40:00+00:00,2019-05-15 01:50:00+00:00,1.1202,1.1198000000000001,1.1208,1.12079,TARGET,0.0004,1.474999999999671,1.349999999999671,0.5899999999998684
N1_ROLLING_SWEEP_FADE,NEUTRAL,LONG,2019-05-15 18:40:00+00:00,2019-05-15 18:45:00+00:00,2019-05-15 18:45:00+00:00,2019-05-15 19:05:00+00:00,1.1205,1.1201,1.1211,1.12009,STOP,0.0004,-1.0250000000000536,-1.1500000000000536,-0.41000000000002146
N3_ANCHOR_REVERSION,NEUTRAL,LONG,2019-05-15 19:25:00+00:00,2019-05-15 19:30:00+00:00,2019-05-15 19:30:00+00:00,2019-05-15 22:45:00+00:00,1.1201400000000001,1.1197400000000002,1.12074,1.12073,TARGET,0.0004,1.474999999999671,1.349999999999671,0.5899999999998684
N1_ROLLING_SWEEP_FADE,NEUTRAL,LONG,2019-05-15 22:45:00+00:00,2019-05-15 22:50:00+00:00,2019-05-15 22:50:00+00:00,2019-05-15 23:00:00+00:00,1.1207900000000002,1.1203900000000002,1.12139,1.1203800000000002,STOP,0.0004,-1.0250000000000536,-1.1500000000000536,-0.41000000000002146
N1_ROLLING_SWEEP_FADE,NEUTRAL,SHORT,2019-05-16 00:00:00+00:00,2019-05-16 00:05:00+00:00,2019-05-16 00:05:00+00:00,2019-05-16 01:40:00+00:00,1.1206099999999999,1.1210099999999998,1.12001,1.12102,STOP,0.0004,-1.0250000000000536,-1.1500000000000536,-0.41000000000002146
N1_ROLLING_SWEEP_FADE,NEUTRAL,SHORT,2019-05-16 01:40:00+00:00,2019-05-16 01:45:00+00:00,2019-05-16 01:45:00+00:00,2019-05-16 07:35:00+00:00,1.1207799999999999,1.1211799999999998,1.12018,1.12119,STOP,0.0004,-1.0250000000000536,-1.1500000000000536,-0.41000000000002146
N4_MICRO_BREAKOUT,NEUTRAL,SHORT,2019-05-16 18:55:00+00:00,2019-05-16 19:00:00+00:00,2019-05-16 19:00:00+00:00,2019-05-16 19:30:00+00:00,1.117,1.1174,1.1164,1.11741,STOP,0.0004,-1.0250000000000536,-1.1500000000000536,-0.41000000000002146
N1_ROLLING_SWEEP_FADE,NEUTRAL,LONG,2019-05-16 21:35:00+00:00,2019-05-16 21:40:00+00:00,2019-05-16 21:40:00+00:00,2019-05-17 00:25:00+00:00,1.11754,1.11714,1.11814,1.11713,STOP,0.0004,-1.0250000000000536,-1.1500000000000536,-0.41000000000002146
N1_ROLLING_SWEEP_FADE,NEUTRAL,LONG,2019-05-17 00:30:00+00:00,2019-05-17 00:35:00+00:00,2019-05-17 00:35:00+00:00,2019-05-17 01:55:00+00:00,1.11724,1.11684,1.11784,1.1178299999999999,TARGET,0.0004,1.474999999999671,1.349999999999671,0.5899999999998684
N3_ANCHOR_REVERSION,NEUTRAL,SHORT,2019-05-17 02:00:00+00:00,2019-05-17 02:05:00+00:00,2019-05-17 02:05:00+00:00,2019-05-17 05:40:00+00:00,1.1178,1.1181999999999999,1.1172,1.11721,TARGET,0.0004,1.474999999999671,1.349999999999671,0.5899999999998684
N2_ASIA_RANGE_FADE,NEUTRAL,LONG,2019-05-21 06:00:00+00:00,2019-05-21 06:05:00+00:00,2019-05-21 06:05:00+00:00,2019-05-21 06:15:00+00:00,1.1155000000000002,1.1151000000000002,1.1161,1.1150900000000001,STOP,0.0004,-1.0250000000000536,-1.1500000000000536,-0.41000000000002146
N4_MICRO_BREAKOUT,NEUTRAL,SHORT,2019-05-21 06:15:00+00:00,2019-05-21 06:20:00+00:00,2019-05-21 06:20:00+00:00,2019-05-21 07:05:00+00:00,1.11489,1.11529,1.11429,1.1153,STOP,0.0004,-1.0250000000000536,-1.1500000000000536,-0.41000000000002146
N3_ANCHOR_REVERSION,NEUTRAL,LONG,2019-05-21 07:05:00+00:00,2019-05-21 07:10:00+00:00,2019-05-21 07:10:00+00:00,2019-05-21 07:20:00+00:00,1.11525,1.1148500000000001,1.11585,1.11484,STOP,0.0004,-1.0250000000000536,-1.1500000000000536,-0.41000000000002146
N3_ANCHOR_REVERSION,NEUTRAL,LONG,2019-05-21 07:25:00+00:00,2019-05-21 07:30:00+00:00,2019-05-21 07:30:00+00:00,2019-05-21 07:50:00+00:00,1.1151200000000001,1.1147200000000002,1.11572,1.11571,TARGET,0.0004,1.474999999999671,1.349999999999671,0.5899999999998684
N1_ROLLING_SWEEP_FADE,NEUTRAL,LONG,2019-05-22 20:50:00+00:00,2019-05-22 20:55:00+00:00,2019-05-22 20:55:00+00:00,2019-05-23 01:35:00+00:00,1.11528,1.11488,1.11588,1.11487,STOP,0.0004,-1.0250000000000536,-1.1500000000000536,-0.41000000000002146
N4_MICRO_BREAKOUT,NEUTRAL,SHORT,2019-05-23 01:35:00+00:00,2019-05-23 01:40:00+00:00,2019-05-23 01:40:00+00:00,2019-05-23 02:00:00+00:00,1.11489,1.11529,1.11429,1.1153,STOP,0.0004,-1.0250000000000536,-1.1500000000000536,-0.41000000000002146
N1_ROLLING_SWEEP_FADE,NEUTRAL,LONG,2019-05-23 03:50:00+00:00,2019-05-23 03:55:00+00:00,2019-05-23 03:55:00+00:00,2019-05-23 05:00:00+00:00,1.11508,1.1146800000000001,1.11568,1.11467,STOP,0.0004,-1.0250000000000536,-1.1500000000000536,-0.41000000000002146
N1_ROLLING_SWEEP_FADE,NEUTRAL,SHORT,2019-05-24 01:15:00+00:00,2019-05-24 01:20:00+00:00,2019-05-24 01:20:00+00:00,2019-05-24 01:35:00+00:00,1.1178299999999999,1.1182299999999998,1.11723,1.11824,STOP,0.0004,-1.0250000000000536,-1.1500000000000536,-0.41000000000002146
N1_ROLLING_SWEEP_FADE,NEUTRAL,LONG,2019-05-24 02:40:00+00:00,2019-05-24 02:45:00+00:00,2019-05-24 02:45:00+00:00,2019-05-24 06:10:00+00:00,1.11816,1.11776,1.11876,1.11875,TARGET,0.0004,1.474999999999671,1.349999999999671,0.5899999999998684
N1_ROLLING_SWEEP_FADE,NEUTRAL,LONG,2019-05-28 19:20:00+00:00,2019-05-28 19:25:00+00:00,2019-05-28 19:25:00+00:00,2019-05-29 00:05:00+00:00,1.11629,1.11589,1.11689,1.1168799999999999,TARGET,0.0004,1.474999999999671,1.349999999999671,0.5899999999998684
N4_MICRO_BREAKOUT,NEUTRAL,LONG,2019-05-29 00:05:00+00:00,2019-05-29 00:10:00+00:00,2019-05-29 00:10:00+00:00,2019-05-29 01:05:00+00:00,1.11707,1.11667,1.11767,1.11666,STOP,0.0004,-1.0250000000000536,-1.1500000000000536,-0.41000000000002146
N1_ROLLING_SWEEP_FADE,NEUTRAL,LONG,2019-05-29 17:00:00+00:00,2019-05-29 17:05:00+00:00,2019-05-29 17:05:00+00:00,2019-05-29 17:05:00+00:00,1.11334,1.11294,1.11394,1.11293,STOP,0.0004,-1.0250000000000536,-1.1500000000000536,-0.41000000000002146
N1_ROLLING_SWEEP_FADE,NEUTRAL,LONG,2019-05-29 17:10:00+00:00,2019-05-29 17:15:00+00:00,2019-05-29 17:15:00+00:00,2019-05-29 17:20:00+00:00,1.1131,1.1127,1.1137,1.11269,STOP,0.0004,-1.0250000000000536,-1.1500000000000536,-0.41000000000002146
N3_ANCHOR_REVERSION,NEUTRAL,LONG,2019-05-29 17:30:00+00:00,2019-05-29 17:35:00+00:00,2019-05-29 17:35:00+00:00,2019-05-29 17:55:00+00:00,1.1131300000000002,1.1127300000000002,1.11373,1.11372,TARGET,0.0004,1.474999999999671,1.349999999999671,0.5899999999998684
N1_ROLLING_SWEEP_FADE,NEUTRAL,SHORT,2019-05-29 23:55:00+00:00,2019-05-30 00:00:00+00:00,2019-05-30 00:00:00+00:00,2019-05-30 00:10:00+00:00,1.11364,1.11404,1.11304,1.11405,STOP,0.0004,-1.0250000000000536,-1.1500000000000536,-0.41000000000002146
N3_ANCHOR_REVERSION,NEUTRAL,SHORT,2019-05-30 00:15:00+00:00,2019-05-30 00:20:00+00:00,2019-05-30 00:20:00+00:00,2019-05-30 06:00:00+00:00,1.1139999999999999,1.1143999999999998,1.1134,1.11341,TARGET,0.0004,1.474999999999671,1.349999999999671,0.5899999999998684
N1_ROLLING_SWEEP_FADE,NEUTRAL,SHORT,2019-05-30 21:40:00+00:00,2019-05-30 21:45:00+00:00,2019-05-30 21:45:00+00:00,2019-05-30 22:55:00+00:00,1.1129499999999999,1.1133499999999998,1.11235,1.11336,STOP,0.0004,-1.0250000000000536,-1.1500000000000536,-0.41000000000002146
N1_ROLLING_SWEEP_FADE,NEUTRAL,SHORT,2019-05-30 23:30:00+00:00,2019-05-30 23:35:00+00:00,2019-05-30 23:35:00+00:00,2019-05-31 00:25:00+00:00,1.11329,1.1136899999999998,1.11269,1.1137,STOP,0.0004,-1.0250000000000536,-1.1500000000000536,-0.41000000000002146
N4_MICRO_BREAKOUT,NEUTRAL,LONG,2019-05-31 00:30:00+00:00,2019-05-31 00:35:00+00:00,2019-05-31 00:35:00+00:00,2019-05-31 00:50:00+00:00,1.11385,1.11345,1.11445,1.11344,STOP,0.0004,-1.0250000000000536,-1.1500000000000536,-0.41000000000002146
N1_ROLLING_SWEEP_FADE,NEUTRAL,SHORT,2019-06-02 21:45:00+00:00,2019-06-02 21:50:00+00:00,2019-06-02 21:50:00+00:00,2019-06-02 22:05:00+00:00,1.11687,1.11727,1.11627,1.11728,STOP,0.0004,-1.0250000000000536,-1.1500000000000536,-0.41000000000002146
N1_ROLLING_SWEEP_FADE,NEUTRAL,SHORT,2019-06-02 22:15:00+00:00,2019-06-02 22:20:00+00:00,2019-06-02 22:20:00+00:00,2019-06-03 00:00:00+00:00,1.11719,1.1175899999999999,1.11659,1.1176,STOP,0.0004,-1.0250000000000536,-1.1500000000000536,-0.41000000000002146
N4_MICRO_BREAKOUT,NEUTRAL,LONG,2019-06-03 00:00:00+00:00,2019-06-03 00:05:00+00:00,2019-06-03 00:05:00+00:00,2019-06-03 00:40:00+00:00,1.1176000000000001,1.1172000000000002,1.1182,1.11819,TARGET,0.0004,1.474999999999671,1.349999999999671,0.5899999999998684
N3_ANCHOR_REVERSION,NEUTRAL,SHORT,2019-06-03 00:50:00+00:00,2019-06-03 00:55:00+00:00,2019-06-03 00:55:00+00:00,2019-06-03 01:35:00+00:00,1.11801,1.11841,1.11741,1.11842,STOP,0.0004,-1.0250000000000536,-1.1500000000000536,-0.41000000000002146
N3_ANCHOR_REVERSION,NEUTRAL,SHORT,2019-06-03 01:40:00+00:00,2019-06-03 01:45:00+00:00,2019-06-03 01:45:00+00:00,2019-06-03 02:45:00+00:00,1.1182699999999999,1.1186699999999998,1.11767,1.11868,STOP,0.0004,-1.0250000000000536,-1.1500000000000536,-0.41000000000002146
N1_ROLLING_SWEEP_FADE,NEUTRAL,SHORT,2019-06-13 16:45:00+00:00,2019-06-13 16:50:00+00:00,2019-06-13 16:50:00+00:00,2019-06-13 17:40:00+00:00,1.12778,1.12818,1.12718,1.12819,STOP,0.0004,-1.0250000000000536,-1.1500000000000536,-0.41000000000002146
N1_ROLLING_SWEEP_FADE,NEUTRAL,LONG,2019-06-13 18:50:00+00:00,2019-06-13 18:55:00+00:00,2019-06-13 18:55:00+00:00,2019-06-13 18:55:00+00:00,1.1281100000000002,1.1277100000000002,1.12871,1.1277000000000001,STOP,0.0004,-1.0250000000000536,-1.1500000000000536,-0.41000000000002146
N3_ANCHOR_REVERSION,NEUTRAL,LONG,2019-06-13 19:55:00+00:00,2019-06-13 20:00:00+00:00,2019-06-13 20:00:00+00:00,2019-06-14 00:00:00+00:00,1.12754,1.12714,1.12814,1.1281299999999999,TARGET,0.0004,1.474999999999671,1.349999999999671,0.5899999999998684
N1_ROLLING_SWEEP_FADE,NEUTRAL,SHORT,2019-06-14 00:10:00+00:00,2019-06-14 00:15:00+00:00,2019-06-14 00:15:00+00:00,2019-06-14 03:10:00+00:00,1.1279899999999998,1.1283899999999998,1.12739,1.1274,TARGET,0.0004,1.474999999999671,1.349999999999671,0.5899999999998684
N4_MICRO_BREAKOUT,NEUTRAL,SHORT,2019-06-14 12:30:00+00:00,2019-06-14 12:35:00+00:00,2019-06-14 12:35:00+00:00,2019-06-14 12:40:00+00:00,1.12486,1.12526,1.12426,1.12427,TARGET,0.0004,1.474999999999671,1.349999999999671,0.5899999999998684
N1_ROLLING_SWEEP_FADE,NEUTRAL,LONG,2019-06-14 20:00:00+00:00,2019-06-14 20:05:00+00:00,2019-06-14 20:05:00+00:00,2019-06-14 20:55:00+00:00,1.12081,1.1204100000000001,1.12141,1.12049,TIME_12H,0.0004,-0.800000000000245,-0.925000000000245,-0.320000000000098
N4_MICRO_BREAKOUT,NEUTRAL,SHORT,2019-06-14 20:55:00+00:00,2019-06-14 21:00:00+00:00,2019-06-16 21:00:00+00:00,2019-06-16 21:25:00+00:00,1.1208799999999999,1.1212799999999998,1.12028,1.12129,STOP,0.0004,-1.0250000000000536,-1.1500000000000536,-0.41000000000002146
N4_MICRO_BREAKOUT,NEUTRAL,LONG,2019-06-16 22:00:00+00:00,2019-06-16 22:05:00+00:00,2019-06-16 22:05:00+00:00,2019-06-17 00:35:00+00:00,1.1214700000000002,1.1210700000000002,1.1220700000000001,1.12206,TARGET,0.0004,1.474999999999671,1.349999999999671,0.5899999999998684
N3_ANCHOR_REVERSION,NEUTRAL,SHORT,2019-06-17 00:40:00+00:00,2019-06-17 00:45:00+00:00,2019-06-17 00:45:00+00:00,2019-06-17 01:50:00+00:00,1.1218899999999998,1.1222899999999998,1.12129,1.1222999999999999,STOP,0.0004,-1.0250000000000536,-1.1500000000000536,-0.41000000000002146
N4_MICRO_BREAKOUT,NEUTRAL,LONG,2019-06-17 01:55:00+00:00,2019-06-17 02:00:00+00:00,2019-06-17 02:00:00+00:00,2019-06-17 02:25:00+00:00,1.12244,1.1220400000000001,1.12304,1.12203,STOP,0.0004,-1.0250000000000536,-1.1500000000000536,-0.41000000000002146
N4_MICRO_BREAKOUT,NEUTRAL,SHORT,2019-06-17 04:35:00+00:00,2019-06-17 04:40:00+00:00,2019-06-17 04:40:00+00:00,2019-06-17 06:25:00+00:00,1.12153,1.1219299999999999,1.12093,1.12094,TARGET,0.0004,1.474999999999671,1.349999999999671,0.5899999999998684
N1_ROLLING_SWEEP_FADE,NEUTRAL,LONG,2019-06-17 06:25:00+00:00,2019-06-17 06:30:00+00:00,2019-06-17 06:30:00+00:00,2019-06-17 06:30:00+00:00,1.12105,1.1206500000000001,1.12165,1.12064,STOP,0.0004,-1.0250000000000536,-1.1500000000000536,-0.41000000000002146
N4_MICRO_BREAKOUT,NEUTRAL,LONG,2019-06-18 00:00:00+00:00,2019-06-18 00:05:00+00:00,2019-06-18 00:05:00+00:00,2019-06-18 00:20:00+00:00,1.12263,1.12223,1.12323,1.12222,STOP,0.0004,-1.0250000000000536,-1.1500000000000536,-0.41000000000002146
N1_ROLLING_SWEEP_FADE,NEUTRAL,SHORT,2019-06-18 01:25:00+00:00,2019-06-18 01:30:00+00:00,2019-06-18 01:30:00+00:00,2019-06-18 02:05:00+00:00,1.1229099999999999,1.1233099999999998,1.12231,1.1233199999999999,STOP,0.0004,-1.0250000000000536,-1.1500000000000536,-0.41000000000002146
N3_ANCHOR_REVERSION,NEUTRAL,SHORT,2019-06-18 03:45:00+00:00,2019-06-18 03:50:00+00:00,2019-06-18 03:50:00+00:00,2019-06-18 05:05:00+00:00,1.1231799999999998,1.1235799999999998,1.12258,1.1235899999999999,STOP,0.0004,-1.0250000000000536,-1.1500000000000536,-0.41000000000002146
N3_ANCHOR_REVERSION,NEUTRAL,LONG,2019-06-18 10:20:00+00:00,2019-06-18 10:25:00+00:00,2019-06-18 10:25:00+00:00,2019-06-18 10:55:00+00:00,1.1193300000000002,1.1189300000000002,1.11993,1.11992,TARGET,0.0004,1.474999999999671,1.349999999999671,0.5899999999998684
N1_ROLLING_SWEEP_FADE,NEUTRAL,SHORT,2019-06-19 00:10:00+00:00,2019-06-19 00:15:00+00:00,2019-06-19 00:15:00+00:00,2019-06-19 02:55:00+00:00,1.11988,1.12028,1.11928,1.1192900000000001,TARGET,0.0004,1.474999999999671,1.349999999999671,0.5899999999998684
N1_ROLLING_SWEEP_FADE,NEUTRAL,LONG,2019-06-19 02:55:00+00:00,2019-06-19 03:00:00+00:00,2019-06-19 03:00:00+00:00,2019-06-19 04:50:00+00:00,1.11938,1.11898,1.11998,1.11897,STOP,0.0004,-1.0250000000000536,-1.1500000000000536,-0.41000000000002146
N1_ROLLING_SWEEP_FADE,NEUTRAL,LONG,2019-06-19 04:55:00+00:00,2019-06-19 05:00:00+00:00,2019-06-19 05:00:00+00:00,2019-06-19 06:35:00+00:00,1.1189,1.1185,1.1195,1.1194899999999999,TARGET,0.0004,1.474999999999671,1.349999999999671,0.5899999999998684
N4_MICRO_BREAKOUT,NEUTRAL,LONG,2019-06-19 07:00:00+00:00,2019-06-19 07:05:00+00:00,2019-06-19 07:05:00+00:00,2019-06-19 07:15:00+00:00,1.11979,1.11939,1.12039,1.11938,STOP,0.0004,-1.0250000000000536,-1.1500000000000536,-0.41000000000002146
N4_MICRO_BREAKOUT,NEUTRAL,LONG,2019-06-20 02:45:00+00:00,2019-06-20 02:50:00+00:00,2019-06-20 02:50:00+00:00,2019-06-20 02:50:00+00:00,1.12697,1.12657,1.12757,1.12656,STOP,0.0004,-1.0250000000000536,-1.1500000000000536,-0.41000000000002146
N3_ANCHOR_REVERSION,NEUTRAL,SHORT,2019-06-21 19:50:00+00:00,2019-06-21 19:55:00+00:00,2019-06-21 19:55:00+00:00,2019-06-21 20:55:00+00:00,1.1372099999999998,1.1376099999999998,1.13661,1.13696,TIME_12H,0.0004,0.6249999999996536,0.4999999999996536,0.24999999999986144
N4_MICRO_BREAKOUT,NEUTRAL,LONG,2019-06-23 22:05:00+00:00,2019-06-23 22:10:00+00:00,2019-06-23 22:10:00+00:00,2019-06-23 22:30:00+00:00,1.1378400000000002,1.1374400000000002,1.1384400000000001,1.1374300000000002,STOP,0.0004,-1.0250000000000536,-1.1500000000000536,-0.41000000000002146
N3_ANCHOR_REVERSION,NEUTRAL,SHORT,2019-06-23 22:35:00+00:00,2019-06-23 22:40:00+00:00,2019-06-23 22:40:00+00:00,2019-06-23 22:50:00+00:00,1.1373,1.1377,1.1367,1.13771,STOP,0.0004,-1.0250000000000536,-1.1500000000000536,-0.41000000000002146
N3_ANCHOR_REVERSION,NEUTRAL,SHORT,2019-06-23 22:55:00+00:00,2019-06-23 23:00:00+00:00,2019-06-23 23:00:00+00:00,2019-06-23 23:40:00+00:00,1.13746,1.1378599999999999,1.13686,1.13787,STOP,0.0004,-1.0250000000000536,-1.1500000000000536,-0.41000000000002146
N4_MICRO_BREAKOUT,NEUTRAL,LONG,2019-06-23 23:50:00+00:00,2019-06-23 23:55:00+00:00,2019-06-23 23:55:00+00:00,2019-06-24 00:30:00+00:00,1.1384500000000002,1.1380500000000002,1.1390500000000001,1.1380400000000002,STOP,0.0004,-1.0250000000000536,-1.1500000000000536,-0.41000000000002146
N3_ANCHOR_REVERSION,NEUTRAL,SHORT,2019-06-24 01:15:00+00:00,2019-06-24 01:20:00+00:00,2019-06-24 01:20:00+00:00,2019-06-24 02:50:00+00:00,1.13804,1.13844,1.13744,1.13845,STOP,0.0004,-1.0250000000000536,-1.1500000000000536,-0.41000000000002146
N3_ANCHOR_REVERSION,NEUTRAL,SHORT,2019-06-24 03:25:00+00:00,2019-06-24 03:30:00+00:00,2019-06-24 03:30:00+00:00,2019-06-24 04:55:00+00:00,1.13822,1.13862,1.13762,1.1376300000000001,TARGET,0.0004,1.474999999999671,1.349999999999671,0.5899999999998684
N4_MICRO_BREAKOUT,NEUTRAL,SHORT,2019-06-24 04:55:00+00:00,2019-06-24 05:00:00+00:00,2019-06-24 05:00:00+00:00,2019-06-24 05:30:00+00:00,1.1374799999999998,1.1378799999999998,1.13688,1.1378899999999998,STOP,0.0004,-1.0250000000000536,-1.1500000000000536,-0.41000000000002146
N4_MICRO_BREAKOUT,NEUTRAL,LONG,2019-06-24 06:10:00+00:00,2019-06-24 06:15:00+00:00,2019-06-24 06:15:00+00:00,2019-06-24 06:45:00+00:00,1.1388,1.1384,1.1394,1.13839,STOP,0.0004,-1.0250000000000536,-1.1500000000000536,-0.41000000000002146
N1_ROLLING_SWEEP_FADE,NEUTRAL,LONG,2019-06-26 18:35:00+00:00,2019-06-26 18:40:00+00:00,2019-06-26 18:40:00+00:00,2019-06-26 18:50:00+00:00,1.13732,1.1369200000000002,1.13792,1.13691,STOP,0.0004,-1.0250000000000536,-1.1500000000000536,-0.41000000000002146
N1_ROLLING_SWEEP_FADE,NEUTRAL,LONG,2019-06-26 19:00:00+00:00,2019-06-26 19:05:00+00:00,2019-06-26 19:05:00+00:00,2019-06-26 19:55:00+00:00,1.1370900000000002,1.1366900000000002,1.13769,1.1366800000000001,STOP,0.0004,-1.0250000000000536,-1.1500000000000536,-0.41000000000002146
N1_ROLLING_SWEEP_FADE,NEUTRAL,SHORT,2019-06-26 20:55:00+00:00,2019-06-26 21:00:00+00:00,2019-06-26 21:00:00+00:00,2019-06-26 21:00:00+00:00,1.13675,1.1371499999999999,1.13615,1.13716,STOP,0.0004,-1.0250000000000536,-1.1500000000000536,-0.41000000000002146
N1_ROLLING_SWEEP_FADE,NEUTRAL,SHORT,2019-06-26 21:15:00+00:00,2019-06-26 21:20:00+00:00,2019-06-26 21:20:00+00:00,2019-06-26 21:25:00+00:00,1.13707,1.13747,1.13647,1.13748,STOP,0.0004,-1.0250000000000536,-1.1500000000000536,-0.41000000000002146
N1_ROLLING_SWEEP_FADE,NEUTRAL,LONG,2019-06-27 00:10:00+00:00,2019-06-27 00:15:00+00:00,2019-06-27 00:15:00+00:00,2019-06-27 02:00:00+00:00,1.13717,1.13677,1.13777,1.13676,STOP,0.0004,-1.0250000000000536,-1.1500000000000536,-0.41000000000002146
N4_MICRO_BREAKOUT,NEUTRAL,SHORT,2019-06-27 02:00:00+00:00,2019-06-27 02:05:00+00:00,2019-06-27 02:05:00+00:00,2019-06-27 02:10:00+00:00,1.1367699999999998,1.1371699999999998,1.13617,1.13618,TARGET,0.0004,1.474999999999671,1.349999999999671,0.5899999999998684
N1_ROLLING_SWEEP_FADE,NEUTRAL,LONG,2019-06-27 02:30:00+00:00,2019-06-27 02:35:00+00:00,2019-06-27 02:35:00+00:00,2019-06-27 03:55:00+00:00,1.13629,1.13589,1.13689,1.13588,STOP,0.0004,-1.0250000000000536,-1.1500000000000536,-0.41000000000002146
N4_MICRO_BREAKOUT,NEUTRAL,SHORT,2019-06-27 05:20:00+00:00,2019-06-27 05:25:00+00:00,2019-06-27 05:25:00+00:00,2019-06-27 05:30:00+00:00,1.1347699999999998,1.1351699999999998,1.13417,1.1351799999999999,STOP,0.0004,-1.0250000000000536,-1.1500000000000536,-0.41000000000002146
N1_ROLLING_SWEEP_FADE,NEUTRAL,LONG,2019-06-28 11:10:00+00:00,2019-06-28 11:15:00+00:00,2019-06-28 11:15:00+00:00,2019-06-28 11:20:00+00:00,1.1384500000000002,1.1380500000000002,1.1390500000000001,1.1380400000000002,STOP,0.0004,-1.0250000000000536,-1.1500000000000536,-0.41000000000002146
N2_ASIA_RANGE_FADE,NEUTRAL,SHORT,2019-06-28 11:30:00+00:00,2019-06-28 11:35:00+00:00,2019-06-28 11:35:00+00:00,2019-06-28 11:55:00+00:00,1.1376,1.138,1.137,1.13701,TARGET,0.0004,1.474999999999671,1.349999999999671,0.5899999999998684
N3_ANCHOR_REVERSION,NEUTRAL,LONG,2019-06-28 12:00:00+00:00,2019-06-28 12:05:00+00:00,2019-06-28 12:05:00+00:00,2019-06-28 12:30:00+00:00,1.13775,1.13735,1.13835,1.13834,TARGET,0.0004,1.474999999999671,1.349999999999671,0.5899999999998684
N1_ROLLING_SWEEP_FADE,NEUTRAL,SHORT,2019-06-28 14:30:00+00:00,2019-06-28 14:35:00+00:00,2019-06-28 14:35:00+00:00,2019-06-28 14:35:00+00:00,1.13808,1.13848,1.13748,1.13849,STOP,0.0004,-1.0250000000000536,-1.1500000000000536,-0.41000000000002146
N3_ANCHOR_REVERSION,NEUTRAL,LONG,2019-07-01 18:00:00+00:00,2019-07-01 18:05:00+00:00,2019-07-01 18:05:00+00:00,2019-07-01 22:25:00+00:00,1.12843,1.12803,1.12903,1.12802,STOP,0.0004,-1.0250000000000536,-1.1500000000000536,-0.41000000000002146
N4_MICRO_BREAKOUT,NEUTRAL,SHORT,2019-07-01 22:25:00+00:00,2019-07-01 22:30:00+00:00,2019-07-01 22:30:00+00:00,2019-07-01 22:30:00+00:00,1.12811,1.12851,1.12751,1.12852,STOP,0.0004,-1.0250000000000536,-1.1500000000000536,-0.41000000000002146
N3_ANCHOR_REVERSION,NEUTRAL,LONG,2019-07-01 22:40:00+00:00,2019-07-01 22:45:00+00:00,2019-07-01 22:45:00+00:00,2019-07-02 02:15:00+00:00,1.12853,1.12813,1.12913,1.12812,STOP,0.0004,-1.0250000000000536,-1.1500000000000536,-0.41000000000002146
N4_MICRO_BREAKOUT,NEUTRAL,SHORT,2019-07-02 02:35:00+00:00,2019-07-02 02:40:00+00:00,2019-07-02 02:40:00+00:00,2019-07-02 03:00:00+00:00,1.12771,1.12811,1.12711,1.12812,STOP,0.0004,-1.0250000000000536,-1.1500000000000536,-0.41000000000002146
N1_ROLLING_SWEEP_FADE,NEUTRAL,LONG,2019-07-02 04:10:00+00:00,2019-07-02 04:15:00+00:00,2019-07-02 04:15:00+00:00,2019-07-02 04:45:00+00:00,1.12798,1.12758,1.12858,1.1285699999999999,TARGET,0.0004,1.474999999999671,1.349999999999671,0.5899999999998684
N4_MICRO_BREAKOUT,NEUTRAL,LONG,2019-07-02 04:55:00+00:00,2019-07-02 05:00:00+00:00,2019-07-02 05:00:00+00:00,2019-07-02 07:10:00+00:00,1.12903,1.12863,1.12963,1.1296199999999998,TARGET,0.0004,1.474999999999671,1.349999999999671,0.5899999999998684
N4_MICRO_BREAKOUT,NEUTRAL,LONG,2019-07-02 07:15:00+00:00,2019-07-02 07:20:00+00:00,2019-07-02 07:20:00+00:00,2019-07-02 07:20:00+00:00,1.12991,1.12951,1.13051,1.1295,STOP,0.0004,-1.0250000000000536,-1.1500000000000536,-0.41000000000002146
N4_MICRO_BREAKOUT,NEUTRAL,LONG,2019-07-03 00:20:00+00:00,2019-07-03 00:25:00+00:00,2019-07-03 00:25:00+00:00,2019-07-03 01:50:00+00:00,1.1292900000000001,1.1288900000000002,1.12989,1.12888,STOP,0.0004,-1.0250000000000536,-1.1500000000000536,-0.41000000000002146
N4_MICRO_BREAKOUT,NEUTRAL,SHORT,2019-07-03 20:50:00+00:00,2019-07-03 20:55:00+00:00,2019-07-03 20:55:00+00:00,2019-07-03 21:10:00+00:00,1.1275499999999998,1.1279499999999998,1.12695,1.1279599999999999,STOP,0.0004,-1.0250000000000536,-1.1500000000000536,-0.41000000000002146
N4_MICRO_BREAKOUT,NEUTRAL,LONG,2019-07-03 22:05:00+00:00,2019-07-03 22:10:00+00:00,2019-07-03 22:10:00+00:00,2019-07-04 01:30:00+00:00,1.1283100000000001,1.1279100000000002,1.12891,1.1289,TARGET,0.0004,1.474999999999671,1.349999999999671,0.5899999999998684
N4_MICRO_BREAKOUT,NEUTRAL,LONG,2019-07-04 01:30:00+00:00,2019-07-04 01:35:00+00:00,2019-07-04 01:35:00+00:00,2019-07-04 02:20:00+00:00,1.12907,1.12867,1.12967,1.12866,STOP,0.0004,-1.0250000000000536,-1.1500000000000536,-0.41000000000002146
N3_ANCHOR_REVERSION,NEUTRAL,LONG,2019-07-04 05:50:00+00:00,2019-07-04 05:55:00+00:00,2019-07-04 05:55:00+00:00,2019-07-04 07:20:00+00:00,1.12839,1.12799,1.12899,1.12798,STOP,0.0004,-1.0250000000000536,-1.1500000000000536,-0.41000000000002146
N1_ROLLING_SWEEP_FADE,NEUTRAL,LONG,2019-07-05 07:55:00+00:00,2019-07-05 08:00:00+00:00,2019-07-05 08:00:00+00:00,2019-07-05 08:00:00+00:00,1.12683,1.12643,1.12743,1.12642,STOP,0.0004,-1.0250000000000536,-1.1500000000000536,-0.41000000000002146
N4_MICRO_BREAKOUT,NEUTRAL,SHORT,2019-07-05 08:20:00+00:00,2019-07-05 08:25:00+00:00,2019-07-05 08:25:00+00:00,2019-07-05 08:30:00+00:00,1.12618,1.12658,1.12558,1.12659,STOP,0.0004,-1.0250000000000536,-1.1500000000000536,-0.41000000000002146
N3_ANCHOR_REVERSION,NEUTRAL,LONG,2019-07-05 08:35:00+00:00,2019-07-05 08:40:00+00:00,2019-07-05 08:40:00+00:00,2019-07-05 08:40:00+00:00,1.12681,1.1264100000000001,1.12741,1.1264,STOP,0.0004,-1.0250000000000536,-1.1500000000000536,-0.41000000000002146
N3_ANCHOR_REVERSION,NEUTRAL,LONG,2019-07-05 09:45:00+00:00,2019-07-05 09:50:00+00:00,2019-07-05 09:50:00+00:00,2019-07-05 10:30:00+00:00,1.1261700000000001,1.1257700000000002,1.12677,1.12676,TARGET,0.0004,1.474999999999671,1.349999999999671,0.5899999999998684
N1_ROLLING_SWEEP_FADE,NEUTRAL,SHORT,2019-07-07 22:00:00+00:00,2019-07-07 22:05:00+00:00,2019-07-07 22:05:00+00:00,2019-07-08 00:50:00+00:00,1.12265,1.1230499999999999,1.12205,1.12206,TARGET,0.0004,1.474999999999671,1.349999999999671,0.5899999999998684
N1_ROLLING_SWEEP_FADE,NEUTRAL,SHORT,2019-07-11 04:55:00+00:00,2019-07-11 05:00:00+00:00,2019-07-11 05:00:00+00:00,2019-07-11 05:00:00+00:00,1.1275499999999998,1.1279499999999998,1.12695,1.1279599999999999,STOP,0.0004,-1.0250000000000536,-1.1500000000000536,-0.41000000000002146
N4_MICRO_BREAKOUT,NEUTRAL,SHORT,2019-07-11 06:20:00+00:00,2019-07-11 06:25:00+00:00,2019-07-11 06:25:00+00:00,2019-07-11 06:50:00+00:00,1.12672,1.12712,1.12612,1.12713,STOP,0.0004,-1.0250000000000536,-1.1500000000000536,-0.41000000000002146
N1_ROLLING_SWEEP_FADE,NEUTRAL,SHORT,2019-07-11 06:55:00+00:00,2019-07-11 07:00:00+00:00,2019-07-11 07:00:00+00:00,2019-07-11 07:05:00+00:00,1.12695,1.1273499999999999,1.12635,1.12736,STOP,0.0004,-1.0250000000000536,-1.1500000000000536,-0.41000000000002146
N4_MICRO_BREAKOUT,NEUTRAL,SHORT,2019-07-11 23:50:00+00:00,2019-07-11 23:55:00+00:00,2019-07-11 23:55:00+00:00,2019-07-12 00:45:00+00:00,1.12512,1.1255199999999999,1.12452,1.12553,STOP,0.0004,-1.0250000000000536,-1.1500000000000536,-0.41000000000002146
N1_ROLLING_SWEEP_FADE,NEUTRAL,SHORT,2019-07-12 01:05:00+00:00,2019-07-12 01:10:00+00:00,2019-07-12 01:10:00+00:00,2019-07-12 01:40:00+00:00,1.126,1.1263999999999998,1.1254,1.12641,STOP,0.0004,-1.0250000000000536,-1.1500000000000536,-0.41000000000002146
N3_ANCHOR_REVERSION,NEUTRAL,SHORT,2019-07-12 03:25:00+00:00,2019-07-12 03:30:00+00:00,2019-07-12 03:30:00+00:00,2019-07-12 03:50:00+00:00,1.12669,1.12709,1.12609,1.1271,STOP,0.0004,-1.0250000000000536,-1.1500000000000536,-0.41000000000002146
N4_MICRO_BREAKOUT,NEUTRAL,LONG,2019-07-12 03:50:00+00:00,2019-07-12 03:55:00+00:00,2019-07-12 03:55:00+00:00,2019-07-12 06:00:00+00:00,1.12727,1.12687,1.12787,1.12686,STOP,0.0004,-1.0250000000000536,-1.1500000000000536,-0.41000000000002146
N3_ANCHOR_REVERSION,NEUTRAL,LONG,2019-07-12 13:10:00+00:00,2019-07-12 13:15:00+00:00,2019-07-12 13:15:00+00:00,2019-07-12 13:20:00+00:00,1.12461,1.1242100000000002,1.12521,1.1242,STOP,0.0004,-1.0250000000000536,-1.1500000000000536,-0.41000000000002146
N4_MICRO_BREAKOUT,NEUTRAL,LONG,2019-07-14 22:15:00+00:00,2019-07-14 22:20:00+00:00,2019-07-14 22:20:00+00:00,2019-07-14 23:05:00+00:00,1.12751,1.12711,1.12811,1.1271,STOP,0.0004,-1.0250000000000536,-1.1500000000000536,-0.41000000000002146
N3_ANCHOR_REVERSION,NEUTRAL,LONG,2019-07-15 01:45:00+00:00,2019-07-15 01:50:00+00:00,2019-07-15 01:50:00+00:00,2019-07-15 04:00:00+00:00,1.12676,1.12636,1.12736,1.1273499999999999,TARGET,0.0004,1.474999999999671,1.349999999999671,0.5899999999998684
N1_ROLLING_SWEEP_FADE,NEUTRAL,LONG,2019-07-15 19:10:00+00:00,2019-07-15 19:15:00+00:00,2019-07-15 19:15:00+00:00,2019-07-16 06:40:00+00:00,1.12576,1.1253600000000001,1.12636,1.12535,STOP,0.0004,-1.0250000000000536,-1.1500000000000536,-0.41000000000002146
N1_ROLLING_SWEEP_FADE,NEUTRAL,LONG,2019-07-16 09:25:00+00:00,2019-07-16 09:30:00+00:00,2019-07-16 09:30:00+00:00,2019-07-16 09:50:00+00:00,1.12398,1.12358,1.12458,1.12357,STOP,0.0004,-1.0250000000000536,-1.1500000000000536,-0.41000000000002146
N4_MICRO_BREAKOUT,NEUTRAL,SHORT,2019-07-16 10:45:00+00:00,2019-07-16 10:50:00+00:00,2019-07-16 10:50:00+00:00,2019-07-16 11:25:00+00:00,1.12219,1.12259,1.12159,1.1226,STOP,0.0004,-1.0250000000000536,-1.1500000000000536,-0.41000000000002146
N4_MICRO_BREAKOUT,NEUTRAL,SHORT,2019-07-17 19:00:00+00:00,2019-07-17 19:05:00+00:00,2019-07-17 19:05:00+00:00,2019-07-17 19:40:00+00:00,1.12201,1.12241,1.12141,1.12242,STOP,0.0004,-1.0250000000000536,-1.1500000000000536,-0.41000000000002146
N3_ANCHOR_REVERSION,NEUTRAL,SHORT,2019-07-17 21:55:00+00:00,2019-07-17 22:00:00+00:00,2019-07-17 22:00:00+00:00,2019-07-18 00:45:00+00:00,1.1227,1.1231,1.1221,1.12311,STOP,0.0004,-1.0250000000000536,-1.1500000000000536,-0.41000000000002146
N4_MICRO_BREAKOUT,NEUTRAL,LONG,2019-07-18 00:45:00+00:00,2019-07-18 00:50:00+00:00,2019-07-18 00:50:00+00:00,2019-07-18 00:55:00+00:00,1.1231200000000001,1.1227200000000002,1.12372,1.12371,TARGET,0.0004,1.474999999999671,1.349999999999671,0.5899999999998684
N1_ROLLING_SWEEP_FADE,NEUTRAL,SHORT,2019-07-18 02:45:00+00:00,2019-07-18 02:50:00+00:00,2019-07-18 02:50:00+00:00,2019-07-18 03:05:00+00:00,1.12363,1.1240299999999999,1.12303,1.12404,STOP,0.0004,-1.0250000000000536,-1.1500000000000536,-0.41000000000002146
N4_MICRO_BREAKOUT,NEUTRAL,LONG,2019-07-18 03:20:00+00:00,2019-07-18 03:25:00+00:00,2019-07-18 03:25:00+00:00,2019-07-18 04:20:00+00:00,1.1241800000000002,1.1237800000000002,1.1247800000000001,1.1237700000000002,STOP,0.0004,-1.0250000000000536,-1.1500000000000536,-0.41000000000002146
N1_ROLLING_SWEEP_FADE,NEUTRAL,LONG,2019-07-18 05:00:00+00:00,2019-07-18 05:05:00+00:00,2019-07-18 05:05:00+00:00,2019-07-18 06:10:00+00:00,1.1237300000000001,1.1233300000000002,1.12433,1.12432,TARGET,0.0004,1.474999999999671,1.349999999999671,0.5899999999998684
N1_ROLLING_SWEEP_FADE,NEUTRAL,SHORT,2019-07-19 01:20:00+00:00,2019-07-19 01:25:00+00:00,2019-07-19 01:25:00+00:00,2019-07-19 02:05:00+00:00,1.12618,1.12658,1.12558,1.12659,STOP,0.0004,-1.0250000000000536,-1.1500000000000536,-0.41000000000002146
N4_MICRO_BREAKOUT,NEUTRAL,SHORT,2019-07-19 18:05:00+00:00,2019-07-19 18:10:00+00:00,2019-07-19 18:10:00+00:00,2019-07-19 18:10:00+00:00,1.1213199999999999,1.1217199999999998,1.12072,1.12073,TARGET,0.0004,1.474999999999671,1.349999999999671,0.5899999999998684
N1_ROLLING_SWEEP_FADE,NEUTRAL,LONG,2019-07-19 18:15:00+00:00,2019-07-19 18:20:00+00:00,2019-07-19 18:20:00+00:00,2019-07-19 18:25:00+00:00,1.12101,1.12061,1.12161,1.1216,TARGET,0.0004,1.474999999999671,1.349999999999671,0.5899999999998684
N3_ANCHOR_REVERSION,NEUTRAL,LONG,2019-07-19 18:25:00+00:00,2019-07-19 18:30:00+00:00,2019-07-19 18:30:00+00:00,2019-07-19 18:30:00+00:00,1.12164,1.12124,1.12224,1.12123,STOP,0.0004,-1.0250000000000536,-1.1500000000000536,-0.41000000000002146
N1_ROLLING_SWEEP_FADE,NEUTRAL,SHORT,2019-07-21 22:00:00+00:00,2019-07-21 22:05:00+00:00,2019-07-21 22:05:00+00:00,2019-07-22 00:15:00+00:00,1.1216199999999998,1.1220199999999998,1.12102,1.1220299999999999,STOP,0.0004,-1.0250000000000536,-1.1500000000000536,-0.41000000000002146
N1_ROLLING_SWEEP_FADE,NEUTRAL,SHORT,2019-07-22 00:15:00+00:00,2019-07-22 00:20:00+00:00,2019-07-22 00:20:00+00:00,2019-07-22 00:50:00+00:00,1.1217899999999998,1.1221899999999998,1.12119,1.1212,TARGET,0.0004,1.474999999999671,1.349999999999671,0.5899999999998684
N1_ROLLING_SWEEP_FADE,NEUTRAL,SHORT,2019-07-22 04:55:00+00:00,2019-07-22 05:00:00+00:00,2019-07-22 05:00:00+00:00,2019-07-22 06:55:00+00:00,1.12177,1.12217,1.12117,1.12218,STOP,0.0004,-1.0250000000000536,-1.1500000000000536,-0.41000000000002146
N1_ROLLING_SWEEP_FADE,NEUTRAL,LONG,2019-07-23 03:30:00+00:00,2019-07-23 03:35:00+00:00,2019-07-23 03:35:00+00:00,2019-07-23 03:40:00+00:00,1.11968,1.11928,1.12028,1.11927,STOP,0.0004,-1.0250000000000536,-1.1500000000000536,-0.41000000000002146
N3_ANCHOR_REVERSION,NEUTRAL,LONG,2019-07-23 03:50:00+00:00,2019-07-23 03:55:00+00:00,2019-07-23 03:55:00+00:00,2019-07-23 04:40:00+00:00,1.1194300000000001,1.1190300000000002,1.12003,1.1190200000000001,STOP,0.0004,-1.0250000000000536,-1.1500000000000536,-0.41000000000002146
N3_ANCHOR_REVERSION,NEUTRAL,LONG,2019-07-23 04:45:00+00:00,2019-07-23 04:50:00+00:00,2019-07-23 04:50:00+00:00,2019-07-23 06:15:00+00:00,1.11924,1.11884,1.11984,1.11883,STOP,0.0004,-1.0250000000000536,-1.1500000000000536,-0.41000000000002146
N2_ASIA_RANGE_FADE,NEUTRAL,LONG,2019-07-23 06:55:00+00:00,2019-07-23 07:00:00+00:00,2019-07-23 07:00:00+00:00,2019-07-23 07:00:00+00:00,1.1190200000000001,1.1186200000000002,1.11962,1.11861,STOP,0.0004,-1.0250000000000536,-1.1500000000000536,-0.41000000000002146
N4_MICRO_BREAKOUT,NEUTRAL,SHORT,2019-07-24 00:00:00+00:00,2019-07-24 00:05:00+00:00,2019-07-24 00:05:00+00:00,2019-07-24 00:50:00+00:00,1.1145699999999998,1.1149699999999998,1.11397,1.1149799999999999,STOP,0.0004,-1.0250000000000536,-1.1500000000000536,-0.41000000000002146
N4_MICRO_BREAKOUT,NEUTRAL,SHORT,2019-07-24 18:00:00+00:00,2019-07-24 18:05:00+00:00,2019-07-24 18:05:00+00:00,2019-07-24 18:05:00+00:00,1.1135,1.1139,1.1129,1.11391,STOP,0.0004,-1.0250000000000536,-1.1500000000000536,-0.41000000000002146
N3_ANCHOR_REVERSION,NEUTRAL,LONG,2019-07-24 18:05:00+00:00,2019-07-24 18:10:00+00:00,2019-07-24 18:10:00+00:00,2019-07-24 18:55:00+00:00,1.11393,1.1135300000000001,1.11453,1.11352,STOP,0.0004,-1.0250000000000536,-1.1500000000000536,-0.41000000000002146
N1_ROLLING_SWEEP_FADE,NEUTRAL,LONG,2019-07-24 19:15:00+00:00,2019-07-24 19:20:00+00:00,2019-07-24 19:20:00+00:00,2019-07-24 21:00:00+00:00,1.1134700000000002,1.1130700000000002,1.1140700000000001,1.11406,TARGET,0.0004,1.474999999999671,1.349999999999671,0.5899999999998684
N1_ROLLING_SWEEP_FADE,NEUTRAL,LONG,2019-07-25 16:45:00+00:00,2019-07-25 16:50:00+00:00,2019-07-25 16:50:00+00:00,2019-07-25 16:50:00+00:00,1.1141400000000001,1.1137400000000002,1.11474,1.11373,STOP,0.0004,-1.0250000000000536,-1.1500000000000536,-0.41000000000002146
N1_ROLLING_SWEEP_FADE,NEUTRAL,SHORT,2019-07-25 21:45:00+00:00,2019-07-25 21:50:00+00:00,2019-07-25 21:50:00+00:00,2019-07-26 01:25:00+00:00,1.11469,1.11509,1.11409,1.1151,STOP,0.0004,-1.0250000000000536,-1.1500000000000536,-0.41000000000002146
N3_ANCHOR_REVERSION,NEUTRAL,SHORT,2019-07-29 17:50:00+00:00,2019-07-29 17:55:00+00:00,2019-07-29 17:55:00+00:00,2019-07-29 18:55:00+00:00,1.11414,1.1145399999999999,1.11354,1.11455,STOP,0.0004,-1.0250000000000536,-1.1500000000000536,-0.41000000000002146
N3_ANCHOR_REVERSION,NEUTRAL,SHORT,2019-07-29 19:05:00+00:00,2019-07-29 19:10:00+00:00,2019-07-29 19:10:00+00:00,2019-07-29 19:25:00+00:00,1.1145399999999999,1.1149399999999998,1.11394,1.1149499999999999,STOP,0.0004,-1.0250000000000536,-1.1500000000000536,-0.41000000000002146
N1_ROLLING_SWEEP_FADE,NEUTRAL,LONG,2019-07-29 21:30:00+00:00,2019-07-29 21:35:00+00:00,2019-07-29 21:35:00+00:00,2019-07-29 23:45:00+00:00,1.11467,1.11427,1.11527,1.11426,STOP,0.0004,-1.0250000000000536,-1.1500000000000536,-0.41000000000002146
N1_ROLLING_SWEEP_FADE,NEUTRAL,LONG,2019-07-30 00:00:00+00:00,2019-07-30 00:05:00+00:00,2019-07-30 00:05:00+00:00,2019-07-30 01:05:00+00:00,1.11436,1.11396,1.11496,1.11395,STOP,0.0004,-1.0250000000000536,-1.1500000000000536,-0.41000000000002146
N4_MICRO_BREAKOUT,NEUTRAL,SHORT,2019-07-30 01:05:00+00:00,2019-07-30 01:10:00+00:00,2019-07-30 01:10:00+00:00,2019-07-30 02:25:00+00:00,1.1138899999999998,1.1142899999999998,1.11329,1.1142999999999998,STOP,0.0004,-1.0250000000000536,-1.1500000000000536,-0.41000000000002146
N1_ROLLING_SWEEP_FADE,NEUTRAL,SHORT,2019-07-31 17:40:00+00:00,2019-07-31 17:45:00+00:00,2019-07-31 17:45:00+00:00,2019-07-31 17:55:00+00:00,1.11331,1.11371,1.11271,1.11372,STOP,0.0004,-1.0250000000000536,-1.1500000000000536,-0.41000000000002146
N3_ANCHOR_REVERSION,NEUTRAL,LONG,2019-07-31 18:10:00+00:00,2019-07-31 18:15:00+00:00,2019-07-31 18:15:00+00:00,2019-07-31 18:15:00+00:00,1.1122,1.1118000000000001,1.1128,1.11179,STOP,0.0004,-1.0250000000000536,-1.1500000000000536,-0.41000000000002146
N3_ANCHOR_REVERSION,NEUTRAL,LONG,2019-07-31 18:25:00+00:00,2019-07-31 18:30:00+00:00,2019-07-31 18:30:00+00:00,2019-07-31 18:30:00+00:00,1.1111600000000001,1.1107600000000002,1.11176,1.1107500000000001,STOP,0.0004,-1.0250000000000536,-1.1500000000000536,-0.41000000000002146
N4_MICRO_BREAKOUT,NEUTRAL,SHORT,2019-07-31 18:35:00+00:00,2019-07-31 18:40:00+00:00,2019-07-31 18:40:00+00:00,2019-07-31 18:40:00+00:00,1.10835,1.10875,1.10775,1.10876,STOP,0.0004,-1.0250000000000536,-1.1500000000000536,-0.41000000000002146
N1_ROLLING_SWEEP_FADE,NEUTRAL,SHORT,2019-08-01 05:10:00+00:00,2019-08-01 05:15:00+00:00,2019-08-01 05:15:00+00:00,2019-08-01 06:20:00+00:00,1.10507,1.10547,1.10447,1.1044800000000001,TARGET,0.0004,1.474999999999671,1.349999999999671,0.5899999999998684
N4_MICRO_BREAKOUT,NEUTRAL,SHORT,2019-08-01 07:55:00+00:00,2019-08-01 08:00:00+00:00,2019-08-01 08:00:00+00:00,2019-08-01 08:00:00+00:00,1.10324,1.10364,1.10264,1.10365,STOP,0.0004,-1.0250000000000536,-1.1500000000000536,-0.41000000000002146
N2_ASIA_RANGE_FADE,NEUTRAL,LONG,2019-08-01 08:00:00+00:00,2019-08-01 08:05:00+00:00,2019-08-01 08:05:00+00:00,2019-08-01 08:30:00+00:00,1.1038100000000002,1.1034100000000002,1.1044100000000001,1.1044,TARGET,0.0004,1.474999999999671,1.349999999999671,0.5899999999998684
N1_ROLLING_SWEEP_FADE,NEUTRAL,SHORT,2019-08-01 08:35:00+00:00,2019-08-01 08:40:00+00:00,2019-08-01 08:40:00+00:00,2019-08-01 09:00:00+00:00,1.1046,1.105,1.104,1.10501,STOP,0.0004,-1.0250000000000536,-1.1500000000000536,-0.41000000000002146
N4_MICRO_BREAKOUT,NEUTRAL,LONG,2019-08-02 06:10:00+00:00,2019-08-02 06:15:00+00:00,2019-08-02 06:15:00+00:00,2019-08-02 06:30:00+00:00,1.1086,1.1082,1.1092,1.10819,STOP,0.0004,-1.0250000000000536,-1.1500000000000536,-0.41000000000002146
N1_ROLLING_SWEEP_FADE,NEUTRAL,LONG,2019-08-05 05:05:00+00:00,2019-08-05 05:10:00+00:00,2019-08-05 05:10:00+00:00,2019-08-05 06:30:00+00:00,1.1126500000000001,1.1122500000000002,1.11325,1.1122400000000001,STOP,0.0004,-1.0250000000000536,-1.1500000000000536,-0.41000000000002146
N1_ROLLING_SWEEP_FADE,NEUTRAL,SHORT,2019-08-13 18:55:00+00:00,2019-08-13 19:00:00+00:00,2019-08-13 19:00:00+00:00,2019-08-13 23:45:00+00:00,1.1173499999999998,1.1177499999999998,1.11675,1.1177599999999999,STOP,0.0004,-1.0250000000000536,-1.1500000000000536,-0.41000000000002146
N4_MICRO_BREAKOUT,NEUTRAL,LONG,2019-08-14 01:00:00+00:00,2019-08-14 01:05:00+00:00,2019-08-14 01:05:00+00:00,2019-08-14 01:15:00+00:00,1.11802,1.11762,1.11862,1.11761,STOP,0.0004,-1.0250000000000536,-1.1500000000000536,-0.41000000000002146
N1_ROLLING_SWEEP_FADE,NEUTRAL,SHORT,2019-08-14 01:15:00+00:00,2019-08-14 01:20:00+00:00,2019-08-14 01:20:00+00:00,2019-08-14 04:05:00+00:00,1.11758,1.11798,1.11698,1.1169900000000001,TARGET,0.0004,1.474999999999671,1.349999999999671,0.5899999999998684
N4_MICRO_BREAKOUT,NEUTRAL,SHORT,2019-08-14 04:05:00+00:00,2019-08-14 04:10:00+00:00,2019-08-14 04:10:00+00:00,2019-08-14 04:35:00+00:00,1.1169499999999999,1.1173499999999998,1.11635,1.11736,STOP,0.0004,-1.0250000000000536,-1.1500000000000536,-0.41000000000002146
N1_ROLLING_SWEEP_FADE,NEUTRAL,SHORT,2019-08-14 04:45:00+00:00,2019-08-14 04:50:00+00:00,2019-08-14 04:50:00+00:00,2019-08-14 06:35:00+00:00,1.1171099999999998,1.1175099999999998,1.11651,1.1175199999999998,STOP,0.0004,-1.0250000000000536,-1.1500000000000536,-0.41000000000002146
N1_ROLLING_SWEEP_FADE,NEUTRAL,LONG,2019-08-15 00:05:00+00:00,2019-08-15 00:10:00+00:00,2019-08-15 00:10:00+00:00,2019-08-15 00:45:00+00:00,1.11444,1.1140400000000001,1.11504,1.11403,STOP,0.0004,-1.0250000000000536,-1.1500000000000536,-0.41000000000002146
N1_ROLLING_SWEEP_FADE,NEUTRAL,LONG,2019-08-15 00:45:00+00:00,2019-08-15 00:50:00+00:00,2019-08-15 00:50:00+00:00,2019-08-15 03:55:00+00:00,1.11419,1.11379,1.11479,1.1147799999999999,TARGET,0.0004,1.474999999999671,1.349999999999671,0.5899999999998684
N3_ANCHOR_REVERSION,NEUTRAL,SHORT,2019-08-15 04:00:00+00:00,2019-08-15 04:05:00+00:00,2019-08-15 04:05:00+00:00,2019-08-15 04:45:00+00:00,1.11468,1.1150799999999998,1.11408,1.11509,STOP,0.0004,-1.0250000000000536,-1.1500000000000536,-0.41000000000002146
N3_ANCHOR_REVERSION,NEUTRAL,SHORT,2019-08-15 05:00:00+00:00,2019-08-15 05:05:00+00:00,2019-08-15 05:05:00+00:00,2019-08-15 06:00:00+00:00,1.1149,1.1153,1.1143,1.11531,STOP,0.0004,-1.0250000000000536,-1.1500000000000536,-0.41000000000002146
N1_ROLLING_SWEEP_FADE,NEUTRAL,LONG,2019-08-16 00:45:00+00:00,2019-08-16 00:50:00+00:00,2019-08-16 00:50:00+00:00,2019-08-16 01:10:00+00:00,1.1103,1.1099,1.1109,1.10989,STOP,0.0004,-1.0250000000000536,-1.1500000000000536,-0.41000000000002146
N3_ANCHOR_REVERSION,NEUTRAL,LONG,2019-08-16 01:40:00+00:00,2019-08-16 01:45:00+00:00,2019-08-16 01:45:00+00:00,2019-08-16 02:25:00+00:00,1.11005,1.10965,1.11065,1.10964,STOP,0.0004,-1.0250000000000536,-1.1500000000000536,-0.41000000000002146
N3_ANCHOR_REVERSION,NEUTRAL,LONG,2019-08-16 02:45:00+00:00,2019-08-16 02:50:00+00:00,2019-08-16 02:50:00+00:00,2019-08-16 05:55:00+00:00,1.10988,1.10948,1.11048,1.1104699999999998,TARGET,0.0004,1.474999999999671,1.349999999999671,0.5899999999998684
N1_ROLLING_SWEEP_FADE,NEUTRAL,SHORT,2019-08-16 14:25:00+00:00,2019-08-16 14:30:00+00:00,2019-08-16 14:30:00+00:00,2019-08-16 14:35:00+00:00,1.10892,1.1093199999999999,1.10832,1.10933,STOP,0.0004,-1.0250000000000536,-1.1500000000000536,-0.41000000000002146
N1_ROLLING_SWEEP_FADE,NEUTRAL,LONG,2019-08-18 22:00:00+00:00,2019-08-18 22:05:00+00:00,2019-08-18 22:05:00+00:00,2019-08-18 23:00:00+00:00,1.1098000000000001,1.1094000000000002,1.1104,1.10939,STOP,0.0004,-1.0250000000000536,-1.1500000000000536,-0.41000000000002146
N3_ANCHOR_REVERSION,NEUTRAL,LONG,2019-08-19 00:30:00+00:00,2019-08-19 00:35:00+00:00,2019-08-19 00:35:00+00:00,2019-08-19 07:00:00+00:00,1.1089600000000002,1.1085600000000002,1.10956,1.10955,TARGET,0.0004,1.474999999999671,1.349999999999671,0.5899999999998684
N1_ROLLING_SWEEP_FADE,NEUTRAL,LONG,2019-08-19 19:00:00+00:00,2019-08-19 19:05:00+00:00,2019-08-19 19:05:00+00:00,2019-08-19 19:35:00+00:00,1.1083800000000001,1.1079800000000002,1.10898,1.1079700000000001,STOP,0.0004,-1.0250000000000536,-1.1500000000000536,-0.41000000000002146
N3_ANCHOR_REVERSION,NEUTRAL,LONG,2019-08-19 20:45:00+00:00,2019-08-19 20:50:00+00:00,2019-08-19 20:50:00+00:00,2019-08-20 00:10:00+00:00,1.10802,1.10762,1.10862,1.1086099999999999,TARGET,0.0004,1.474999999999671,1.349999999999671,0.5899999999998684
N3_ANCHOR_REVERSION,NEUTRAL,SHORT,2019-08-20 01:40:00+00:00,2019-08-20 01:45:00+00:00,2019-08-20 01:45:00+00:00,2019-08-20 06:20:00+00:00,1.10862,1.10902,1.10802,1.10803,TARGET,0.0004,1.474999999999671,1.349999999999671,0.5899999999998684
N4_MICRO_BREAKOUT,NEUTRAL,SHORT,2019-08-20 06:25:00+00:00,2019-08-20 06:30:00+00:00,2019-08-20 06:30:00+00:00,2019-08-20 08:00:00+00:00,1.10778,1.10818,1.10718,1.1071900000000001,TARGET,0.0004,1.474999999999671,1.349999999999671,0.5899999999998684
N1_ROLLING_SWEEP_FADE,NEUTRAL,LONG,2019-08-20 08:00:00+00:00,2019-08-20 08:05:00+00:00,2019-08-20 08:05:00+00:00,2019-08-20 09:05:00+00:00,1.10745,1.10705,1.10805,1.10804,TARGET,0.0004,1.474999999999671,1.349999999999671,0.5899999999998684
N1_ROLLING_SWEEP_FADE,NEUTRAL,SHORT,2019-08-20 16:50:00+00:00,2019-08-20 16:55:00+00:00,2019-08-20 16:55:00+00:00,2019-08-20 17:30:00+00:00,1.1097599999999999,1.1101599999999998,1.10916,1.1101699999999999,STOP,0.0004,-1.0250000000000536,-1.1500000000000536,-0.41000000000002146
N4_MICRO_BREAKOUT,NEUTRAL,SHORT,2019-08-21 00:00:00+00:00,2019-08-21 00:05:00+00:00,2019-08-21 00:05:00+00:00,2019-08-21 02:00:00+00:00,1.10964,1.11004,1.10904,1.11005,STOP,0.0004,-1.0250000000000536,-1.1500000000000536,-0.41000000000002146
N4_MICRO_BREAKOUT,NEUTRAL,LONG,2019-08-21 02:10:00+00:00,2019-08-21 02:15:00+00:00,2019-08-21 02:15:00+00:00,2019-08-21 02:20:00+00:00,1.1104500000000002,1.1100500000000002,1.11105,1.1100400000000001,STOP,0.0004,-1.0250000000000536,-1.1500000000000536,-0.41000000000002146
N3_ANCHOR_REVERSION,NEUTRAL,SHORT,2019-08-21 02:20:00+00:00,2019-08-21 02:25:00+00:00,2019-08-21 02:25:00+00:00,2019-08-21 04:35:00+00:00,1.1100299999999999,1.1104299999999998,1.10943,1.10944,TARGET,0.0004,1.474999999999671,1.349999999999671,0.5899999999998684
N3_ANCHOR_REVERSION,NEUTRAL,LONG,2019-08-21 04:55:00+00:00,2019-08-21 05:00:00+00:00,2019-08-21 05:00:00+00:00,2019-08-21 06:55:00+00:00,1.10945,1.10905,1.11005,1.10904,STOP,0.0004,-1.0250000000000536,-1.1500000000000536,-0.41000000000002146
N2_ASIA_RANGE_FADE,NEUTRAL,LONG,2019-08-22 06:55:00+00:00,2019-08-22 07:00:00+00:00,2019-08-22 07:00:00+00:00,2019-08-22 07:10:00+00:00,1.1082400000000001,1.1078400000000002,1.10884,1.10783,STOP,0.0004,-1.0250000000000536,-1.1500000000000536,-0.41000000000002146
N2_ASIA_RANGE_FADE,NEUTRAL,LONG,2019-08-22 07:10:00+00:00,2019-08-22 07:15:00+00:00,2019-08-22 07:15:00+00:00,2019-08-22 07:15:00+00:00,1.10817,1.1077700000000001,1.10877,1.10876,TARGET,0.0004,1.474999999999671,1.349999999999671,0.5899999999998684
N3_ANCHOR_REVERSION,NEUTRAL,SHORT,2019-08-22 07:45:00+00:00,2019-08-22 07:50:00+00:00,2019-08-22 07:50:00+00:00,2019-08-22 07:55:00+00:00,1.11022,1.11062,1.10962,1.11063,STOP,0.0004,-1.0250000000000536,-1.1500000000000536,-0.41000000000002146
N4_MICRO_BREAKOUT,NEUTRAL,SHORT,2019-08-22 09:35:00+00:00,2019-08-22 09:40:00+00:00,2019-08-22 09:40:00+00:00,2019-08-22 09:40:00+00:00,1.1075199999999998,1.1079199999999998,1.10692,1.1079299999999999,STOP,0.0004,-1.0250000000000536,-1.1500000000000536,-0.41000000000002146
N1_ROLLING_SWEEP_FADE,NEUTRAL,LONG,2019-08-23 00:45:00+00:00,2019-08-23 00:50:00+00:00,2019-08-23 00:50:00+00:00,2019-08-23 01:10:00+00:00,1.1082,1.1078000000000001,1.1088,1.10779,STOP,0.0004,-1.0250000000000536,-1.1500000000000536,-0.41000000000002146
N4_MICRO_BREAKOUT,NEUTRAL,LONG,2019-08-23 18:35:00+00:00,2019-08-23 18:40:00+00:00,2019-08-23 18:40:00+00:00,2019-08-23 18:40:00+00:00,1.1152600000000001,1.1148600000000002,1.11586,1.1148500000000001,STOP,0.0004,-1.0250000000000536,-1.1500000000000536,-0.41000000000002146
N3_ANCHOR_REVERSION,NEUTRAL,SHORT,2019-08-23 19:00:00+00:00,2019-08-23 19:05:00+00:00,2019-08-23 19:05:00+00:00,2019-08-23 19:10:00+00:00,1.1144999999999998,1.1148999999999998,1.1139,1.1149099999999998,STOP,0.0004,-1.0250000000000536,-1.1500000000000536,-0.41000000000002146
N3_ANCHOR_REVERSION,NEUTRAL,SHORT,2019-08-25 22:20:00+00:00,2019-08-25 22:25:00+00:00,2019-08-25 22:25:00+00:00,2019-08-25 22:25:00+00:00,1.11507,1.11547,1.11447,1.11548,STOP,0.0004,-1.0250000000000536,-1.1500000000000536,-0.41000000000002146
N4_MICRO_BREAKOUT,NEUTRAL,LONG,2019-08-25 22:25:00+00:00,2019-08-25 22:30:00+00:00,2019-08-25 22:30:00+00:00,2019-08-25 22:40:00+00:00,1.1160700000000001,1.1156700000000002,1.11667,1.11566,STOP,0.0004,-1.0250000000000536,-1.1500000000000536,-0.41000000000002146
N1_ROLLING_SWEEP_FADE,NEUTRAL,LONG,2019-08-26 00:00:00+00:00,2019-08-26 00:05:00+00:00,2019-08-26 00:05:00+00:00,2019-08-26 00:10:00+00:00,1.1145,1.1141,1.1151,1.11409,STOP,0.0004,-1.0250000000000536,-1.1500000000000536,-0.41000000000002146
N1_ROLLING_SWEEP_FADE,NEUTRAL,LONG,2019-08-26 00:15:00+00:00,2019-08-26 00:20:00+00:00,2019-08-26 00:20:00+00:00,2019-08-26 00:25:00+00:00,1.11449,1.11409,1.11509,1.11408,STOP,0.0004,-1.0250000000000536,-1.1500000000000536,-0.41000000000002146
N4_MICRO_BREAKOUT,NEUTRAL,SHORT,2019-08-26 00:25:00+00:00,2019-08-26 00:30:00+00:00,2019-08-26 00:30:00+00:00,2019-08-26 00:50:00+00:00,1.11384,1.11424,1.11324,1.11425,STOP,0.0004,-1.0250000000000536,-1.1500000000000536,-0.41000000000002146
N3_ANCHOR_REVERSION,NEUTRAL,LONG,2019-08-28 18:50:00+00:00,2019-08-28 18:55:00+00:00,2019-08-28 18:55:00+00:00,2019-08-28 19:15:00+00:00,1.10796,1.10756,1.10856,1.10755,STOP,0.0004,-1.0250000000000536,-1.1500000000000536,-0.41000000000002146
N3_ANCHOR_REVERSION,NEUTRAL,LONG,2019-08-28 19:20:00+00:00,2019-08-28 19:25:00+00:00,2019-08-28 19:25:00+00:00,2019-08-28 19:55:00+00:00,1.1079,1.1075000000000002,1.1085,1.10749,STOP,0.0004,-1.0250000000000536,-1.1500000000000536,-0.41000000000002146
N1_ROLLING_SWEEP_FADE,NEUTRAL,SHORT,2019-08-28 20:55:00+00:00,2019-08-28 21:00:00+00:00,2019-08-28 21:00:00+00:00,2019-08-28 21:00:00+00:00,1.1076899999999998,1.1080899999999998,1.10709,1.1080999999999999,STOP,0.0004,-1.0250000000000536,-1.1500000000000536,-0.41000000000002146
N1_ROLLING_SWEEP_FADE,NEUTRAL,SHORT,2019-08-28 21:30:00+00:00,2019-08-28 21:35:00+00:00,2019-08-28 21:35:00+00:00,2019-08-28 21:35:00+00:00,1.10795,1.10835,1.10735,1.10836,STOP,0.0004,-1.0250000000000536,-1.1500000000000536,-0.41000000000002146
N1_ROLLING_SWEEP_FADE,NEUTRAL,LONG,2019-08-29 00:00:00+00:00,2019-08-29 00:05:00+00:00,2019-08-29 00:05:00+00:00,2019-08-29 02:20:00+00:00,1.1085800000000001,1.1081800000000002,1.10918,1.10817,STOP,0.0004,-1.0250000000000536,-1.1500000000000536,-0.41000000000002146
N3_ANCHOR_REVERSION,NEUTRAL,LONG,2019-08-29 16:50:00+00:00,2019-08-29 16:55:00+00:00,2019-08-29 16:55:00+00:00,2019-08-29 17:00:00+00:00,1.10531,1.10491,1.10591,1.1049,STOP,0.0004,-1.0250000000000536,-1.1500000000000536,-0.41000000000002146
N4_MICRO_BREAKOUT,NEUTRAL,SHORT,2019-08-29 17:05:00+00:00,2019-08-29 17:10:00+00:00,2019-08-29 17:10:00+00:00,2019-08-29 17:10:00+00:00,1.10431,1.1047099999999999,1.10371,1.10472,STOP,0.0004,-1.0250000000000536,-1.1500000000000536,-0.41000000000002146
N1_ROLLING_SWEEP_FADE,NEUTRAL,LONG,2019-08-29 17:10:00+00:00,2019-08-29 17:15:00+00:00,2019-08-29 17:15:00+00:00,2019-08-29 17:40:00+00:00,1.1047900000000002,1.1043900000000002,1.10539,1.10538,TARGET,0.0004,1.474999999999671,1.349999999999671,0.5899999999998684
N1_ROLLING_SWEEP_FADE,NEUTRAL,SHORT,2019-08-29 23:55:00+00:00,2019-08-30 00:00:00+00:00,2019-08-30 00:00:00+00:00,2019-08-30 00:55:00+00:00,1.10588,1.10628,1.10528,1.10529,TARGET,0.0004,1.474999999999671,1.349999999999671,0.5899999999998684
N1_ROLLING_SWEEP_FADE,NEUTRAL,LONG,2019-08-30 00:55:00+00:00,2019-08-30 01:00:00+00:00,2019-08-30 01:00:00+00:00,2019-08-30 01:05:00+00:00,1.10546,1.1050600000000002,1.10606,1.10505,STOP,0.0004,-1.0250000000000536,-1.1500000000000536,-0.41000000000002146
N1_ROLLING_SWEEP_FADE,NEUTRAL,LONG,2019-08-30 01:05:00+00:00,2019-08-30 01:10:00+00:00,2019-08-30 01:10:00+00:00,2019-08-30 01:30:00+00:00,1.1053000000000002,1.1049000000000002,1.1059,1.1048900000000001,STOP,0.0004,-1.0250000000000536,-1.1500000000000536,-0.41000000000002146
N3_ANCHOR_REVERSION,NEUTRAL,LONG,2019-08-30 01:40:00+00:00,2019-08-30 01:45:00+00:00,2019-08-30 01:45:00+00:00,2019-08-30 02:35:00+00:00,1.1049300000000002,1.1045300000000002,1.1055300000000001,1.1045200000000002,STOP,0.0004,-1.0250000000000536,-1.1500000000000536,-0.41000000000002146
N1_ROLLING_SWEEP_FADE,NEUTRAL,SHORT,2019-09-03 16:55:00+00:00,2019-09-03 17:00:00+00:00,2019-09-03 17:00:00+00:00,2019-09-03 17:20:00+00:00,1.09701,1.09741,1.09641,1.09742,STOP,0.0004,-1.0250000000000536,-1.1500000000000536,-0.41000000000002146
N3_ANCHOR_REVERSION,NEUTRAL,SHORT,2019-09-03 18:25:00+00:00,2019-09-03 18:30:00+00:00,2019-09-03 18:30:00+00:00,2019-09-03 18:55:00+00:00,1.0971899999999999,1.0975899999999998,1.09659,1.0966,TARGET,0.0004,1.474999999999671,1.349999999999671,0.5899999999998684
N1_ROLLING_SWEEP_FADE,NEUTRAL,LONG,2019-09-03 18:55:00+00:00,2019-09-03 19:00:00+00:00,2019-09-03 19:00:00+00:00,2019-09-03 20:45:00+00:00,1.09677,1.09637,1.09737,1.09736,TARGET,0.0004,1.474999999999671,1.349999999999671,0.5899999999998684
N1_ROLLING_SWEEP_FADE,NEUTRAL,SHORT,2019-09-03 20:55:00+00:00,2019-09-03 21:00:00+00:00,2019-09-03 21:00:00+00:00,2019-09-03 21:00:00+00:00,1.0972499999999998,1.0976499999999998,1.09665,1.09766,STOP,0.0004,-1.0250000000006088,-1.1500000000006088,-0.4100000000002435
N1_ROLLING_SWEEP_FADE,NEUTRAL,SHORT,2019-09-03 23:55:00+00:00,2019-09-04 00:00:00+00:00,2019-09-04 00:00:00+00:00,2019-09-04 00:05:00+00:00,1.09724,1.09764,1.09664,1.09765,STOP,0.0004,-1.0250000000000536,-1.1500000000000536,-0.41000000000002146
N4_MICRO_BREAKOUT,NEUTRAL,LONG,2019-09-04 00:05:00+00:00,2019-09-04 00:10:00+00:00,2019-09-04 00:10:00+00:00,2019-09-04 00:30:00+00:00,1.09772,1.09732,1.09832,1.09731,STOP,0.0004,-1.0250000000000536,-1.1500000000000536,-0.41000000000002146
N4_MICRO_BREAKOUT,NEUTRAL,LONG,2019-09-04 01:15:00+00:00,2019-09-04 01:20:00+00:00,2019-09-04 01:20:00+00:00,2019-09-04 01:25:00+00:00,1.09803,1.09763,1.09863,1.09762,STOP,0.0004,-1.0250000000000536,-1.1500000000000536,-0.41000000000002146
N1_ROLLING_SWEEP_FADE,NEUTRAL,SHORT,2019-09-04 04:00:00+00:00,2019-09-04 04:05:00+00:00,2019-09-04 04:05:00+00:00,2019-09-04 06:20:00+00:00,1.09757,1.09797,1.09697,1.09798,STOP,0.0004,-1.0250000000000536,-1.1500000000000536,-0.41000000000002146
N4_MICRO_BREAKOUT,NEUTRAL,LONG,2019-09-05 00:00:00+00:00,2019-09-05 00:05:00+00:00,2019-09-05 00:05:00+00:00,2019-09-05 00:10:00+00:00,1.10373,1.1033300000000001,1.10433,1.10332,STOP,0.0004,-1.0250000000000536,-1.1500000000000536,-0.41000000000002146
N3_ANCHOR_REVERSION,NEUTRAL,LONG,2019-09-05 00:30:00+00:00,2019-09-05 00:35:00+00:00,2019-09-05 00:35:00+00:00,2019-09-05 01:25:00+00:00,1.1032000000000002,1.1028000000000002,1.1038000000000001,1.1027900000000002,STOP,0.0004,-1.0250000000000536,-1.1500000000000536,-0.41000000000002146
N4_MICRO_BREAKOUT,NEUTRAL,SHORT,2019-09-05 01:25:00+00:00,2019-09-05 01:30:00+00:00,2019-09-05 01:30:00+00:00,2019-09-05 01:30:00+00:00,1.10283,1.10323,1.10223,1.10324,STOP,0.0004,-1.0250000000000536,-1.1500000000000536,-0.41000000000002146
N1_ROLLING_SWEEP_FADE,NEUTRAL,SHORT,2019-09-05 01:40:00+00:00,2019-09-05 01:45:00+00:00,2019-09-05 01:45:00+00:00,2019-09-05 01:55:00+00:00,1.10351,1.10391,1.10291,1.1029200000000001,TARGET,0.0004,1.474999999999671,1.349999999999671,0.5899999999998684
N3_ANCHOR_REVERSION,NEUTRAL,LONG,2019-09-05 23:55:00+00:00,2019-09-06 00:00:00+00:00,2019-09-06 00:00:00+00:00,2019-09-06 00:35:00+00:00,1.10348,1.10308,1.10408,1.10307,STOP,0.0004,-1.0250000000000536,-1.1500000000000536,-0.41000000000002146
N1_ROLLING_SWEEP_FADE,NEUTRAL,SHORT,2019-09-06 01:30:00+00:00,2019-09-06 01:35:00+00:00,2019-09-06 01:35:00+00:00,2019-09-06 04:40:00+00:00,1.10333,1.1037299999999999,1.10273,1.10374,STOP,0.0004,-1.0250000000000536,-1.1500000000000536,-0.41000000000002146
N3_ANCHOR_REVERSION,NEUTRAL,SHORT,2019-09-06 05:25:00+00:00,2019-09-06 05:30:00+00:00,2019-09-06 05:30:00+00:00,2019-09-06 05:35:00+00:00,1.10385,1.10425,1.10325,1.10426,STOP,0.0004,-1.0250000000000536,-1.1500000000000536,-0.41000000000002146
N4_MICRO_BREAKOUT,NEUTRAL,LONG,2019-09-06 05:35:00+00:00,2019-09-06 05:40:00+00:00,2019-09-06 05:40:00+00:00,2019-09-06 06:00:00+00:00,1.10426,1.10386,1.10486,1.10385,STOP,0.0004,-1.0250000000000536,-1.1500000000000536,-0.41000000000002146
N1_ROLLING_SWEEP_FADE,NEUTRAL,SHORT,2019-09-08 22:00:00+00:00,2019-09-08 22:05:00+00:00,2019-09-08 22:05:00+00:00,2019-09-09 00:45:00+00:00,1.10242,1.10282,1.10182,1.10183,TARGET,0.0004,1.474999999999671,1.349999999999671,0.5899999999998684
N4_MICRO_BREAKOUT,NEUTRAL,SHORT,2019-09-09 00:45:00+00:00,2019-09-09 00:50:00+00:00,2019-09-09 00:50:00+00:00,2019-09-09 01:10:00+00:00,1.10162,1.10202,1.10102,1.10203,STOP,0.0004,-1.0250000000000536,-1.1500000000000536,-0.41000000000002146
N1_ROLLING_SWEEP_FADE,NEUTRAL,SHORT,2019-09-09 01:40:00+00:00,2019-09-09 01:45:00+00:00,2019-09-09 01:45:00+00:00,2019-09-09 01:45:00+00:00,1.1023999999999998,1.1027999999999998,1.1018,1.1028099999999998,STOP,0.0004,-1.0250000000000536,-1.1500000000000536,-0.41000000000002146
N1_ROLLING_SWEEP_FADE,NEUTRAL,LONG,2019-09-09 06:00:00+00:00,2019-09-09 06:05:00+00:00,2019-09-09 06:05:00+00:00,2019-09-09 06:25:00+00:00,1.1027500000000001,1.1023500000000002,1.10335,1.10234,STOP,0.0004,-1.0250000000000536,-1.1500000000000536,-0.41000000000002146
N4_MICRO_BREAKOUT,NEUTRAL,LONG,2019-09-09 06:45:00+00:00,2019-09-09 06:50:00+00:00,2019-09-09 06:50:00+00:00,2019-09-09 06:55:00+00:00,1.1032000000000002,1.1028000000000002,1.1038000000000001,1.1027900000000002,STOP,0.0004,-1.0250000000000536,-1.1500000000000536,-0.41000000000002146
N4_MICRO_BREAKOUT,NEUTRAL,SHORT,2019-09-10 00:10:00+00:00,2019-09-10 00:15:00+00:00,2019-09-10 00:15:00+00:00,2019-09-10 06:35:00+00:00,1.10439,1.10479,1.10379,1.1048,STOP,0.0004,-1.0250000000000536,-1.1500000000000536,-0.41000000000002146
N4_MICRO_BREAKOUT,NEUTRAL,LONG,2019-09-10 06:45:00+00:00,2019-09-10 06:50:00+00:00,2019-09-10 06:50:00+00:00,2019-09-10 07:05:00+00:00,1.10498,1.1045800000000001,1.10558,1.10557,TARGET,0.0004,1.474999999999671,1.349999999999671,0.5899999999998684
N3_ANCHOR_REVERSION,NEUTRAL,LONG,2019-09-11 09:30:00+00:00,2019-09-11 09:35:00+00:00,2019-09-11 09:35:00+00:00,2019-09-11 09:50:00+00:00,1.1027500000000001,1.1023500000000002,1.10335,1.10234,STOP,0.0004,-1.0250000000000536,-1.1500000000000536,-0.41000000000002146
N1_ROLLING_SWEEP_FADE,NEUTRAL,LONG,2019-09-11 10:00:00+00:00,2019-09-11 10:05:00+00:00,2019-09-11 10:05:00+00:00,2019-09-11 10:05:00+00:00,1.10217,1.1017700000000001,1.10277,1.10176,STOP,0.0004,-1.0250000000000536,-1.1500000000000536,-0.41000000000002146
N3_ANCHOR_REVERSION,NEUTRAL,LONG,2019-09-11 10:40:00+00:00,2019-09-11 10:45:00+00:00,2019-09-11 10:45:00+00:00,2019-09-11 10:50:00+00:00,1.10178,1.10138,1.10238,1.10137,STOP,0.0004,-1.0250000000000536,-1.1500000000000536,-0.41000000000002146
N4_MICRO_BREAKOUT,NEUTRAL,SHORT,2019-09-11 10:50:00+00:00,2019-09-11 10:55:00+00:00,2019-09-11 10:55:00+00:00,2019-09-11 11:45:00+00:00,1.10096,1.10136,1.10036,1.10037,TARGET,0.0004,1.474999999999671,1.349999999999671,0.5899999999998684
N1_ROLLING_SWEEP_FADE,NEUTRAL,SHORT,2019-09-12 00:00:00+00:00,2019-09-12 00:05:00+00:00,2019-09-12 00:05:00+00:00,2019-09-12 01:10:00+00:00,1.10116,1.1015599999999999,1.10056,1.10157,STOP,0.0004,-1.0250000000000536,-1.1500000000000536,-0.41000000000002146
N1_ROLLING_SWEEP_FADE,NEUTRAL,SHORT,2019-09-12 21:30:00+00:00,2019-09-12 21:35:00+00:00,2019-09-12 21:35:00+00:00,2019-09-12 23:05:00+00:00,1.10641,1.1068099999999998,1.10581,1.10582,TARGET,0.0004,1.474999999999671,1.349999999999671,0.5899999999998684
N3_ANCHOR_REVERSION,NEUTRAL,LONG,2019-09-12 23:15:00+00:00,2019-09-12 23:20:00+00:00,2019-09-12 23:20:00+00:00,2019-09-13 00:50:00+00:00,1.1058700000000001,1.1054700000000002,1.10647,1.10646,TARGET,0.0004,1.474999999999671,1.349999999999671,0.5899999999998684
N3_ANCHOR_REVERSION,NEUTRAL,SHORT,2019-09-13 03:20:00+00:00,2019-09-13 03:25:00+00:00,2019-09-13 03:25:00+00:00,2019-09-13 03:55:00+00:00,1.10656,1.10696,1.10596,1.10697,STOP,0.0004,-1.0250000000000536,-1.1500000000000536,-0.41000000000002146
N4_MICRO_BREAKOUT,NEUTRAL,LONG,2019-09-13 04:05:00+00:00,2019-09-13 04:10:00+00:00,2019-09-13 04:10:00+00:00,2019-09-13 04:20:00+00:00,1.1072300000000002,1.1068300000000002,1.10783,1.1068200000000001,STOP,0.0004,-1.0250000000000536,-1.1500000000000536,-0.41000000000002146
N4_MICRO_BREAKOUT,NEUTRAL,LONG,2019-09-13 05:20:00+00:00,2019-09-13 05:25:00+00:00,2019-09-13 05:25:00+00:00,2019-09-13 06:00:00+00:00,1.10731,1.10691,1.10791,1.1069,STOP,0.0004,-1.0250000000000536,-1.1500000000000536,-0.41000000000002146
N4_MICRO_BREAKOUT,NEUTRAL,SHORT,2019-09-13 18:55:00+00:00,2019-09-13 19:00:00+00:00,2019-09-13 19:00:00+00:00,2019-09-13 19:00:00+00:00,1.10669,1.10709,1.10609,1.1071,STOP,0.0004,-1.0250000000000536,-1.1500000000000536,-0.41000000000002146
N3_ANCHOR_REVERSION,NEUTRAL,LONG,2019-09-15 21:45:00+00:00,2019-09-15 21:50:00+00:00,2019-09-15 21:50:00+00:00,2019-09-15 22:55:00+00:00,1.10727,1.10687,1.10787,1.1078599999999998,TARGET,0.0004,1.474999999999671,1.349999999999671,0.5899999999998684
N1_ROLLING_SWEEP_FADE,NEUTRAL,SHORT,2019-09-15 23:00:00+00:00,2019-09-15 23:05:00+00:00,2019-09-15 23:05:00+00:00,2019-09-15 23:20:00+00:00,1.1079299999999999,1.1083299999999998,1.10733,1.1083399999999999,STOP,0.0004,-1.0250000000000536,-1.1500000000000536,-0.41000000000002146
N4_MICRO_BREAKOUT,NEUTRAL,LONG,2019-09-15 23:20:00+00:00,2019-09-15 23:25:00+00:00,2019-09-15 23:25:00+00:00,2019-09-16 00:00:00+00:00,1.1085,1.1081,1.1091,1.10809,STOP,0.0004,-1.0250000000000536,-1.1500000000000536,-0.41000000000002146
N1_ROLLING_SWEEP_FADE,NEUTRAL,LONG,2019-09-16 00:45:00+00:00,2019-09-16 00:50:00+00:00,2019-09-16 00:50:00+00:00,2019-09-16 03:25:00+00:00,1.10756,1.1071600000000001,1.10816,1.10715,STOP,0.0004,-1.0250000000000536,-1.1500000000000536,-0.41000000000002146
N1_ROLLING_SWEEP_FADE,NEUTRAL,LONG,2019-09-16 11:15:00+00:00,2019-09-16 11:20:00+00:00,2019-09-16 11:20:00+00:00,2019-09-16 11:40:00+00:00,1.10395,1.10355,1.10455,1.10354,STOP,0.0004,-1.0250000000000536,-1.1500000000000536,-0.41000000000002146
N4_MICRO_BREAKOUT,NEUTRAL,SHORT,2019-09-16 11:45:00+00:00,2019-09-16 11:50:00+00:00,2019-09-16 11:50:00+00:00,2019-09-16 12:10:00+00:00,1.10317,1.10357,1.10257,1.10358,STOP,0.0004,-1.0250000000000536,-1.1500000000000536,-0.41000000000002146
N3_ANCHOR_REVERSION,NEUTRAL,LONG,2019-09-16 12:20:00+00:00,2019-09-16 12:25:00+00:00,2019-09-16 12:25:00+00:00,2019-09-16 12:45:00+00:00,1.10328,1.10288,1.10388,1.10287,STOP,0.0004,-1.0250000000000536,-1.1500000000000536,-0.41000000000002146
N1_ROLLING_SWEEP_FADE,NEUTRAL,SHORT,2019-09-17 00:00:00+00:00,2019-09-17 00:05:00+00:00,2019-09-17 00:05:00+00:00,2019-09-17 00:10:00+00:00,1.10018,1.10058,1.09958,1.10059,STOP,0.0004,-1.0250000000000536,-1.1500000000000536,-0.41000000000002146
N1_ROLLING_SWEEP_FADE,NEUTRAL,SHORT,2019-09-17 00:10:00+00:00,2019-09-17 00:15:00+00:00,2019-09-17 00:15:00+00:00,2019-09-17 00:50:00+00:00,1.10046,1.10086,1.09986,1.10087,STOP,0.0004,-1.0250000000000536,-1.1500000000000536,-0.41000000000002146
N3_ANCHOR_REVERSION,NEUTRAL,SHORT,2019-09-17 00:55:00+00:00,2019-09-17 01:00:00+00:00,2019-09-17 01:00:00+00:00,2019-09-17 01:45:00+00:00,1.1008799999999999,1.1012799999999998,1.10028,1.10029,TARGET,0.0004,1.474999999999671,1.349999999999671,0.5899999999998684
N3_ANCHOR_REVERSION,NEUTRAL,SHORT,2019-09-17 03:40:00+00:00,2019-09-17 03:45:00+00:00,2019-09-17 03:45:00+00:00,2019-09-17 06:05:00+00:00,1.1011499999999999,1.1015499999999998,1.10055,1.10056,TARGET,0.0004,1.474999999999671,1.349999999999671,0.5899999999998684
N3_ANCHOR_REVERSION,NEUTRAL,SHORT,2019-09-17 23:55:00+00:00,2019-09-18 00:00:00+00:00,2019-09-18 00:00:00+00:00,2019-09-18 01:10:00+00:00,1.10736,1.1077599999999999,1.10676,1.10677,TARGET,0.0004,1.474999999999671,1.349999999999671,0.5899999999998684
N1_ROLLING_SWEEP_FADE,NEUTRAL,LONG,2019-09-18 01:10:00+00:00,2019-09-18 01:15:00+00:00,2019-09-18 01:15:00+00:00,2019-09-18 04:30:00+00:00,1.10684,1.10644,1.10744,1.10643,STOP,0.0004,-1.0250000000000536,-1.1500000000000536,-0.41000000000002146
N3_ANCHOR_REVERSION,NEUTRAL,LONG,2019-09-18 05:00:00+00:00,2019-09-18 05:05:00+00:00,2019-09-18 05:05:00+00:00,2019-09-18 06:25:00+00:00,1.10661,1.1062100000000001,1.10721,1.1062,STOP,0.0004,-1.0250000000000536,-1.1500000000000536,-0.41000000000002146
N4_MICRO_BREAKOUT,NEUTRAL,SHORT,2019-09-18 06:25:00+00:00,2019-09-18 06:30:00+00:00,2019-09-18 06:30:00+00:00,2019-09-18 06:35:00+00:00,1.10624,1.1066399999999998,1.10564,1.10665,STOP,0.0004,-1.0250000000000536,-1.1500000000000536,-0.41000000000002146
N1_ROLLING_SWEEP_FADE,NEUTRAL,LONG,2019-09-19 00:55:00+00:00,2019-09-19 01:00:00+00:00,2019-09-19 01:00:00+00:00,2019-09-19 01:55:00+00:00,1.10261,1.1022100000000001,1.10321,1.1032,TARGET,0.0004,1.474999999999671,1.349999999999671,0.5899999999998684
N1_ROLLING_SWEEP_FADE,NEUTRAL,SHORT,2019-09-19 03:30:00+00:00,2019-09-19 03:35:00+00:00,2019-09-19 03:35:00+00:00,2019-09-19 04:55:00+00:00,1.10357,1.10397,1.10297,1.10398,STOP,0.0004,-1.0250000000000536,-1.1500000000000536,-0.41000000000002146
N4_MICRO_BREAKOUT,NEUTRAL,LONG,2019-09-19 05:35:00+00:00,2019-09-19 05:40:00+00:00,2019-09-19 05:40:00+00:00,2019-09-19 06:40:00+00:00,1.10426,1.10386,1.10486,1.1048499999999999,TARGET,0.0004,1.474999999999671,1.349999999999671,0.5899999999998684
N3_ANCHOR_REVERSION,NEUTRAL,SHORT,2019-09-19 06:45:00+00:00,2019-09-19 06:50:00+00:00,2019-09-19 06:50:00+00:00,2019-09-19 07:05:00+00:00,1.10452,1.10492,1.10392,1.10393,TARGET,0.0004,1.474999999999671,1.349999999999671,0.5899999999998684
N1_ROLLING_SWEEP_FADE,NEUTRAL,SHORT,2019-09-20 17:15:00+00:00,2019-09-20 17:20:00+00:00,2019-09-20 17:20:00+00:00,2019-09-20 17:20:00+00:00,1.1009099999999998,1.1013099999999998,1.10031,1.1013199999999999,STOP,0.0004,-1.0250000000000536,-1.1500000000000536,-0.41000000000002146
N1_ROLLING_SWEEP_FADE,NEUTRAL,SHORT,2019-09-20 18:00:00+00:00,2019-09-20 18:05:00+00:00,2019-09-20 18:05:00+00:00,2019-09-20 18:30:00+00:00,1.10172,1.10212,1.10112,1.1011300000000002,TARGET,0.0004,1.474999999999671,1.349999999999671,0.5899999999998684
N4_MICRO_BREAKOUT,NEUTRAL,LONG,2019-09-22 23:10:00+00:00,2019-09-22 23:15:00+00:00,2019-09-22 23:15:00+00:00,2019-09-23 00:15:00+00:00,1.1020400000000001,1.1016400000000002,1.10264,1.10163,STOP,0.0004,-1.0250000000000536,-1.1500000000000536,-0.41000000000002146
N1_ROLLING_SWEEP_FADE,NEUTRAL,LONG,2019-09-23 00:20:00+00:00,2019-09-23 00:25:00+00:00,2019-09-23 00:25:00+00:00,2019-09-23 02:10:00+00:00,1.10182,1.10142,1.10242,1.10241,TARGET,0.0004,1.474999999999671,1.349999999999671,0.5899999999998684
N3_ANCHOR_REVERSION,NEUTRAL,LONG,2019-09-23 09:50:00+00:00,2019-09-23 09:55:00+00:00,2019-09-23 09:55:00+00:00,2019-09-23 10:00:00+00:00,1.0982800000000001,1.0978800000000002,1.09888,1.0978700000000001,STOP,0.0004,-1.0250000000000536,-1.1500000000000536,-0.41000000000002146
N4_MICRO_BREAKOUT,NEUTRAL,LONG,2019-09-23 12:20:00+00:00,2019-09-23 12:25:00+00:00,2019-09-23 12:25:00+00:00,2019-09-23 12:25:00+00:00,1.09956,1.0991600000000001,1.10016,1.09915,STOP,0.0004,-1.0250000000000536,-1.1500000000000536,-0.41000000000002146
N3_ANCHOR_REVERSION,NEUTRAL,SHORT,2019-09-23 12:40:00+00:00,2019-09-23 12:45:00+00:00,2019-09-23 12:45:00+00:00,2019-09-23 13:15:00+00:00,1.09907,1.09947,1.09847,1.0984800000000001,TARGET,0.0004,1.474999999999671,1.349999999999671,0.5899999999998684
N1_ROLLING_SWEEP_FADE,NEUTRAL,LONG,2019-09-24 16:25:00+00:00,2019-09-24 16:30:00+00:00,2019-09-24 16:30:00+00:00,2019-09-24 16:35:00+00:00,1.1001400000000001,1.0997400000000002,1.10074,1.10073,TARGET,0.0004,1.474999999999671,1.349999999999671,0.5899999999998684
N4_MICRO_BREAKOUT,NEUTRAL,LONG,2019-09-24 16:35:00+00:00,2019-09-24 16:40:00+00:00,2019-09-24 16:40:00+00:00,2019-09-24 17:20:00+00:00,1.10131,1.10091,1.10191,1.1018999999999999,TARGET,0.0004,1.474999999999671,1.349999999999671,0.5899999999998684
N1_ROLLING_SWEEP_FADE,NEUTRAL,SHORT,2019-09-24 18:45:00+00:00,2019-09-24 18:50:00+00:00,2019-09-24 18:50:00+00:00,2019-09-24 18:50:00+00:00,1.10136,1.1017599999999999,1.10076,1.10177,STOP,0.0004,-1.0250000000000536,-1.1500000000000536,-0.41000000000002146
N1_ROLLING_SWEEP_FADE,NEUTRAL,LONG,2019-09-24 21:50:00+00:00,2019-09-24 21:55:00+00:00,2019-09-24 21:55:00+00:00,2019-09-24 21:55:00+00:00,1.10207,1.1016700000000001,1.10267,1.10166,STOP,0.0004,-1.0250000000000536,-1.1500000000000536,-0.41000000000002146
N4_MICRO_BREAKOUT,NEUTRAL,SHORT,2019-09-24 23:55:00+00:00,2019-09-25 00:00:00+00:00,2019-09-25 00:00:00+00:00,2019-09-25 00:05:00+00:00,1.10133,1.1017299999999999,1.10073,1.10174,STOP,0.0004,-1.0250000000000536,-1.1500000000000536,-0.41000000000002146
N4_MICRO_BREAKOUT,NEUTRAL,SHORT,2019-09-25 00:25:00+00:00,2019-09-25 00:30:00+00:00,2019-09-25 00:30:00+00:00,2019-09-25 01:35:00+00:00,1.10114,1.10154,1.10054,1.1005500000000001,TARGET,0.0004,1.474999999999671,1.349999999999671,0.5899999999998684
N4_MICRO_BREAKOUT,NEUTRAL,SHORT,2019-09-25 01:35:00+00:00,2019-09-25 01:40:00+00:00,2019-09-25 01:40:00+00:00,2019-09-25 04:25:00+00:00,1.1004699999999998,1.1008699999999998,1.09987,1.09988,TARGET,0.0004,1.474999999999671,1.349999999999671,0.5899999999998684
N3_ANCHOR_REVERSION,NEUTRAL,LONG,2019-09-25 17:00:00+00:00,2019-09-25 17:05:00+00:00,2019-09-25 17:05:00+00:00,2019-09-25 18:40:00+00:00,1.0945,1.0941,1.0951,1.09409,STOP,0.0004,-1.0250000000000536,-1.1500000000000536,-0.41000000000002146
N3_ANCHOR_REVERSION,NEUTRAL,SHORT,2019-09-25 23:55:00+00:00,2019-09-26 00:00:00+00:00,2019-09-26 00:00:00+00:00,2019-09-26 00:05:00+00:00,1.0951,1.0955,1.0945,1.09551,STOP,0.0004,-1.0250000000000536,-1.1500000000000536,-0.41000000000002146
N1_ROLLING_SWEEP_FADE,NEUTRAL,SHORT,2019-09-26 00:10:00+00:00,2019-09-26 00:15:00+00:00,2019-09-26 00:15:00+00:00,2019-09-26 02:05:00+00:00,1.0953,1.0957,1.0947,1.09571,STOP,0.0004,-1.0250000000000536,-1.1500000000000536,-0.41000000000002146
N1_ROLLING_SWEEP_FADE,NEUTRAL,SHORT,2019-09-26 02:25:00+00:00,2019-09-26 02:30:00+00:00,2019-09-26 02:30:00+00:00,2019-09-26 03:15:00+00:00,1.09588,1.09628,1.09528,1.09629,STOP,0.0004,-1.0250000000000536,-1.1500000000000536,-0.41000000000002146
N3_ANCHOR_REVERSION,NEUTRAL,SHORT,2019-09-26 03:30:00+00:00,2019-09-26 03:35:00+00:00,2019-09-26 03:35:00+00:00,2019-09-26 05:40:00+00:00,1.09621,1.0966099999999999,1.09561,1.09562,TARGET,0.0004,1.474999999999671,1.349999999999671,0.5899999999998684
N4_MICRO_BREAKOUT,NEUTRAL,SHORT,2019-09-27 00:30:00+00:00,2019-09-27 00:35:00+00:00,2019-09-27 00:35:00+00:00,2019-09-27 00:35:00+00:00,1.0913899999999999,1.0917899999999998,1.09079,1.0917999999999999,STOP,0.0004,-1.0250000000000536,-1.1500000000000536,-0.41000000000002146
N1_ROLLING_SWEEP_FADE,NEUTRAL,LONG,2019-09-27 00:35:00+00:00,2019-09-27 00:40:00+00:00,2019-09-27 00:40:00+00:00,2019-09-27 01:10:00+00:00,1.09161,1.09121,1.09221,1.0912,STOP,0.0004,-1.0250000000000536,-1.1500000000000536,-0.41000000000002146
N3_ANCHOR_REVERSION,NEUTRAL,LONG,2019-09-27 01:20:00+00:00,2019-09-27 01:25:00+00:00,2019-09-27 01:25:00+00:00,2019-09-27 03:35:00+00:00,1.09161,1.09121,1.09221,1.0921999999999998,TARGET,0.0004,1.474999999999671,1.349999999999671,0.5899999999998684
N3_ANCHOR_REVERSION,NEUTRAL,SHORT,2019-09-27 04:00:00+00:00,2019-09-27 04:05:00+00:00,2019-09-27 04:05:00+00:00,2019-09-27 06:05:00+00:00,1.09229,1.09269,1.09169,1.0917000000000001,TARGET,0.0004,1.474999999999671,1.349999999999671,0.5899999999998684
N4_MICRO_BREAKOUT,NEUTRAL,LONG,2019-09-29 22:30:00+00:00,2019-09-29 22:35:00+00:00,2019-09-29 22:35:00+00:00,2019-09-30 00:00:00+00:00,1.09454,1.0941400000000001,1.09514,1.09413,STOP,0.0004,-1.0250000000000536,-1.1500000000000536,-0.41000000000002146
N4_MICRO_BREAKOUT,NEUTRAL,SHORT,2019-09-30 00:00:00+00:00,2019-09-30 00:05:00+00:00,2019-09-30 00:05:00+00:00,2019-09-30 01:00:00+00:00,1.09405,1.09445,1.09345,1.09346,TARGET,0.0004,1.474999999999671,1.349999999999671,0.5899999999998684
N3_ANCHOR_REVERSION,NEUTRAL,LONG,2019-09-30 12:00:00+00:00,2019-09-30 12:05:00+00:00,2019-09-30 12:05:00+00:00,2019-09-30 12:10:00+00:00,1.09112,1.0907200000000001,1.09172,1.09071,STOP,0.0004,-1.0250000000000536,-1.1500000000000536,-0.41000000000002146
N4_MICRO_BREAKOUT,NEUTRAL,SHORT,2019-09-30 12:10:00+00:00,2019-09-30 12:15:00+00:00,2019-09-30 12:15:00+00:00,2019-09-30 12:15:00+00:00,1.08891,1.08931,1.08831,1.08932,STOP,0.0004,-1.0250000000000536,-1.1500000000000536,-0.41000000000002146
N3_ANCHOR_REVERSION,NEUTRAL,LONG,2019-09-30 12:15:00+00:00,2019-09-30 12:20:00+00:00,2019-09-30 12:20:00+00:00,2019-09-30 12:20:00+00:00,1.0894700000000002,1.0890700000000002,1.09007,1.0890600000000001,STOP,0.0004,-1.0250000000000536,-1.1500000000000536,-0.41000000000002146
N1_ROLLING_SWEEP_FADE,NEUTRAL,SHORT,2019-09-30 23:55:00+00:00,2019-10-01 00:00:00+00:00,2019-10-01 00:00:00+00:00,2019-10-01 01:15:00+00:00,1.08991,1.09031,1.08931,1.08932,TARGET,0.0004,1.474999999999671,1.349999999999671,0.5899999999998684
N1_ROLLING_SWEEP_FADE,NEUTRAL,LONG,2019-10-01 01:20:00+00:00,2019-10-01 01:25:00+00:00,2019-10-01 01:25:00+00:00,2019-10-01 02:25:00+00:00,1.08922,1.0888200000000001,1.08982,1.08881,STOP,0.0004,-1.0250000000000536,-1.1500000000000536,-0.41000000000002146
N4_MICRO_BREAKOUT,NEUTRAL,LONG,2019-10-01 16:15:00+00:00,2019-10-01 16:20:00+00:00,2019-10-01 16:20:00+00:00,2019-10-01 16:20:00+00:00,1.09403,1.09363,1.09463,1.09362,STOP,0.0004,-1.0250000000000536,-1.1500000000000536,-0.41000000000002146
N1_ROLLING_SWEEP_FADE,NEUTRAL,SHORT,2019-10-01 16:20:00+00:00,2019-10-01 16:25:00+00:00,2019-10-01 16:25:00+00:00,2019-10-01 17:10:00+00:00,1.09367,1.0940699999999999,1.09307,1.09408,STOP,0.0004,-1.0250000000000536,-1.1500000000000536,-0.41000000000002146
N4_MICRO_BREAKOUT,NEUTRAL,LONG,2019-10-02 00:00:00+00:00,2019-10-02 00:05:00+00:00,2019-10-02 00:05:00+00:00,2019-10-02 04:10:00+00:00,1.09365,1.09325,1.09425,1.09324,STOP,0.0004,-1.0250000000000536,-1.1500000000000536,-0.41000000000002146
N4_MICRO_BREAKOUT,NEUTRAL,SHORT,2019-10-02 04:25:00+00:00,2019-10-02 04:30:00+00:00,2019-10-02 04:30:00+00:00,2019-10-02 05:40:00+00:00,1.0931899999999999,1.0935899999999998,1.09259,1.0936,STOP,0.0004,-1.0250000000000536,-1.1500000000000536,-0.41000000000002146
N4_MICRO_BREAKOUT,NEUTRAL,SHORT,2019-10-02 06:00:00+00:00,2019-10-02 06:05:00+00:00,2019-10-02 06:05:00+00:00,2019-10-02 07:00:00+00:00,1.09297,1.09337,1.09237,1.0923800000000001,TARGET,0.0004,1.474999999999671,1.349999999999671,0.5899999999998684
N3_ANCHOR_REVERSION,NEUTRAL,SHORT,2019-10-02 14:00:00+00:00,2019-10-02 14:05:00+00:00,2019-10-02 14:05:00+00:00,2019-10-02 14:10:00+00:00,1.09411,1.0945099999999999,1.09351,1.09452,STOP,0.0004,-1.0250000000000536,-1.1500000000000536,-0.41000000000002146
N4_MICRO_BREAKOUT,NEUTRAL,LONG,2019-10-03 00:00:00+00:00,2019-10-03 00:05:00+00:00,2019-10-03 00:05:00+00:00,2019-10-03 00:40:00+00:00,1.0964200000000002,1.0960200000000002,1.09702,1.0960100000000002,STOP,0.0004,-1.0250000000000536,-1.1500000000000536,-0.41000000000002146
N1_ROLLING_SWEEP_FADE,NEUTRAL,LONG,2019-10-03 00:55:00+00:00,2019-10-03 01:00:00+00:00,2019-10-03 01:00:00+00:00,2019-10-03 02:40:00+00:00,1.09613,1.09573,1.09673,1.09572,STOP,0.0004,-1.0250000000000536,-1.1500000000000536,-0.41000000000002146
N3_ANCHOR_REVERSION,NEUTRAL,LONG,2019-10-03 04:10:00+00:00,2019-10-03 04:15:00+00:00,2019-10-03 04:15:00+00:00,2019-10-03 06:00:00+00:00,1.09576,1.0953600000000001,1.09636,1.09535,STOP,0.0004,-1.0250000000000536,-1.1500000000000536,-0.41000000000002146
N3_ANCHOR_REVERSION,NEUTRAL,LONG,2019-10-08 16:45:00+00:00,2019-10-08 16:50:00+00:00,2019-10-08 16:50:00+00:00,2019-10-08 16:55:00+00:00,1.09559,1.09519,1.09619,1.09518,STOP,0.0004,-1.0250000000000536,-1.1500000000000536,-0.41000000000002146
N3_ANCHOR_REVERSION,NEUTRAL,LONG,2019-10-08 17:00:00+00:00,2019-10-08 17:05:00+00:00,2019-10-08 17:05:00+00:00,2019-10-08 17:15:00+00:00,1.0955400000000002,1.0951400000000002,1.0961400000000001,1.0951300000000002,STOP,0.0004,-1.0250000000000536,-1.1500000000000536,-0.41000000000002146
N4_MICRO_BREAKOUT,NEUTRAL,SHORT,2019-10-08 18:10:00+00:00,2019-10-08 18:15:00+00:00,2019-10-08 18:15:00+00:00,2019-10-08 18:30:00+00:00,1.09467,1.09507,1.09407,1.09508,STOP,0.0004,-1.0250000000000536,-1.1500000000000536,-0.41000000000002146
N1_ROLLING_SWEEP_FADE,NEUTRAL,SHORT,2019-10-08 18:30:00+00:00,2019-10-08 18:35:00+00:00,2019-10-08 18:35:00+00:00,2019-10-08 18:35:00+00:00,1.09492,1.0953199999999998,1.09432,1.09433,TARGET,0.0004,1.474999999999671,1.349999999999671,0.5899999999998684
N3_ANCHOR_REVERSION,NEUTRAL,SHORT,2019-10-09 00:00:00+00:00,2019-10-09 00:05:00+00:00,2019-10-09 00:05:00+00:00,2019-10-09 01:30:00+00:00,1.09594,1.0963399999999999,1.09534,1.09635,STOP,0.0004,-1.0250000000000536,-1.1500000000000536,-0.41000000000002146
N1_ROLLING_SWEEP_FADE,NEUTRAL,SHORT,2019-10-09 01:35:00+00:00,2019-10-09 01:40:00+00:00,2019-10-09 01:40:00+00:00,2019-10-09 02:50:00+00:00,1.0961699999999999,1.0965699999999998,1.09557,1.0965799999999999,STOP,0.0004,-1.0250000000000536,-1.1500000000000536,-0.41000000000002146
N4_MICRO_BREAKOUT,NEUTRAL,SHORT,2019-10-09 05:05:00+00:00,2019-10-09 05:10:00+00:00,2019-10-09 05:10:00+00:00,2019-10-09 07:00:00+00:00,1.09594,1.0963399999999999,1.09534,1.09635,STOP,0.0004,-1.0250000000000536,-1.1500000000000536,-0.41000000000002146
N4_MICRO_BREAKOUT,NEUTRAL,LONG,2019-10-10 09:35:00+00:00,2019-10-10 09:40:00+00:00,2019-10-10 09:40:00+00:00,2019-10-10 09:50:00+00:00,1.10246,1.10206,1.10306,1.1030499999999999,TARGET,0.0004,1.474999999999671,1.349999999999671,0.5899999999998684
N4_MICRO_BREAKOUT,NEUTRAL,LONG,2019-10-10 09:50:00+00:00,2019-10-10 09:55:00+00:00,2019-10-10 09:55:00+00:00,2019-10-10 10:10:00+00:00,1.10312,1.1027200000000001,1.10372,1.10271,STOP,0.0004,-1.0250000000000536,-1.1500000000000536,-0.41000000000002146
N1_ROLLING_SWEEP_FADE,NEUTRAL,SHORT,2019-10-10 11:30:00+00:00,2019-10-10 11:35:00+00:00,2019-10-10 11:35:00+00:00,2019-10-10 12:10:00+00:00,1.1026399999999998,1.1030399999999998,1.10204,1.1030499999999999,STOP,0.0004,-1.0250000000000536,-1.1500000000000536,-0.41000000000002146
N1_ROLLING_SWEEP_FADE,NEUTRAL,LONG,2019-10-10 12:40:00+00:00,2019-10-10 12:45:00+00:00,2019-10-10 12:45:00+00:00,2019-10-10 13:30:00+00:00,1.10234,1.1019400000000001,1.10294,1.10193,STOP,0.0004,-1.0250000000000536,-1.1500000000000536,-0.41000000000002146
N1_ROLLING_SWEEP_FADE,NEUTRAL,LONG,2019-10-11 18:10:00+00:00,2019-10-11 18:15:00+00:00,2019-10-11 18:15:00+00:00,2019-10-11 18:55:00+00:00,1.10454,1.1041400000000001,1.10514,1.10413,STOP,0.0004,-1.0250000000000536,-1.1500000000000536,-0.41000000000002146
N1_ROLLING_SWEEP_FADE,NEUTRAL,LONG,2019-10-11 19:15:00+00:00,2019-10-11 19:20:00+00:00,2019-10-11 19:20:00+00:00,2019-10-11 19:25:00+00:00,1.1041400000000001,1.1037400000000002,1.10474,1.10373,STOP,0.0004,-1.0250000000000536,-1.1500000000000536,-0.41000000000002146
N1_ROLLING_SWEEP_FADE,NEUTRAL,LONG,2019-10-11 19:40:00+00:00,2019-10-11 19:45:00+00:00,2019-10-11 19:45:00+00:00,2019-10-11 19:55:00+00:00,1.1044200000000002,1.1040200000000002,1.1050200000000001,1.1040100000000002,STOP,0.0004,-1.0250000000000536,-1.1500000000000536,-0.41000000000002146
N1_ROLLING_SWEEP_FADE,NEUTRAL,LONG,2019-10-11 20:00:00+00:00,2019-10-11 20:05:00+00:00,2019-10-11 20:05:00+00:00,2019-10-11 20:15:00+00:00,1.1040100000000002,1.1036100000000002,1.10461,1.1036000000000001,STOP,0.0004,-1.0250000000000536,-1.1500000000000536,-0.41000000000002146
N1_ROLLING_SWEEP_FADE,NEUTRAL,SHORT,2019-10-13 22:00:00+00:00,2019-10-13 22:05:00+00:00,2019-10-13 22:05:00+00:00,2019-10-13 23:00:00+00:00,1.10353,1.1039299999999999,1.10293,1.10294,TARGET,0.0004,1.474999999999671,1.349999999999671,0.5899999999998684
N4_MICRO_BREAKOUT,NEUTRAL,SHORT,2019-10-13 23:30:00+00:00,2019-10-13 23:35:00+00:00,2019-10-13 23:35:00+00:00,2019-10-14 00:00:00+00:00,1.10259,1.10299,1.10199,1.103,STOP,0.0004,-1.0250000000000536,-1.1500000000000536,-0.41000000000002146
N4_MICRO_BREAKOUT,NEUTRAL,SHORT,2019-10-14 00:30:00+00:00,2019-10-14 00:35:00+00:00,2019-10-14 00:35:00+00:00,2019-10-14 00:55:00+00:00,1.1024699999999998,1.1028699999999998,1.10187,1.1028799999999999,STOP,0.0004,-1.0250000000000536,-1.1500000000000536,-0.41000000000002146
N3_ANCHOR_REVERSION,NEUTRAL,LONG,2019-10-14 01:25:00+00:00,2019-10-14 01:30:00+00:00,2019-10-14 01:30:00+00:00,2019-10-14 04:15:00+00:00,1.10267,1.10227,1.10327,1.10326,TARGET,0.0004,1.474999999999671,1.349999999999671,0.5899999999998684
N3_ANCHOR_REVERSION,NEUTRAL,LONG,2019-10-15 10:20:00+00:00,2019-10-15 10:25:00+00:00,2019-10-15 10:25:00+00:00,2019-10-15 10:25:00+00:00,1.1013700000000002,1.1009700000000002,1.1019700000000001,1.10196,TARGET,0.0004,1.474999999999671,1.349999999999671,0.5899999999998684
N4_MICRO_BREAKOUT,NEUTRAL,SHORT,2019-10-15 11:10:00+00:00,2019-10-15 11:15:00+00:00,2019-10-15 11:15:00+00:00,2019-10-15 11:15:00+00:00,1.1005699999999998,1.1009699999999998,1.09997,1.1009799999999998,STOP,0.0004,-1.0250000000000536,-1.1500000000000536,-0.41000000000002146
N1_ROLLING_SWEEP_FADE,NEUTRAL,LONG,2019-10-15 11:15:00+00:00,2019-10-15 11:20:00+00:00,2019-10-15 11:20:00+00:00,2019-10-15 11:25:00+00:00,1.10101,1.10061,1.10161,1.1006,STOP,0.0004,-1.0250000000000536,-1.1500000000000536,-0.41000000000002146
N3_ANCHOR_REVERSION,NEUTRAL,LONG,2019-10-15 12:00:00+00:00,2019-10-15 12:05:00+00:00,2019-10-15 12:05:00+00:00,2019-10-15 12:05:00+00:00,1.10091,1.10051,1.10151,1.1005,STOP,0.0004,-1.0250000000000536,-1.1500000000000536,-0.41000000000002146
N1_ROLLING_SWEEP_FADE,NEUTRAL,LONG,2019-10-16 00:40:00+00:00,2019-10-16 00:45:00+00:00,2019-10-16 00:45:00+00:00,2019-10-16 01:05:00+00:00,1.1033000000000002,1.1029000000000002,1.1039,1.1028900000000001,STOP,0.0004,-1.0250000000000536,-1.1500000000000536,-0.41000000000002146
N4_MICRO_BREAKOUT,NEUTRAL,SHORT,2019-10-16 01:05:00+00:00,2019-10-16 01:10:00+00:00,2019-10-16 01:10:00+00:00,2019-10-16 03:50:00+00:00,1.10286,1.10326,1.10226,1.10327,STOP,0.0004,-1.0250000000000536,-1.1500000000000536,-0.41000000000002146
N4_MICRO_BREAKOUT,NEUTRAL,LONG,2019-10-16 05:45:00+00:00,2019-10-16 05:50:00+00:00,2019-10-16 05:50:00+00:00,2019-10-16 06:15:00+00:00,1.10352,1.10312,1.10412,1.10411,TARGET,0.0004,1.474999999999671,1.349999999999671,0.5899999999998684
N3_ANCHOR_REVERSION,NEUTRAL,SHORT,2019-10-16 06:25:00+00:00,2019-10-16 06:30:00+00:00,2019-10-16 06:30:00+00:00,2019-10-16 06:30:00+00:00,1.1048099999999998,1.1052099999999998,1.10421,1.1052199999999999,STOP,0.0004,-1.0250000000000536,-1.1500000000000536,-0.41000000000002146
N1_ROLLING_SWEEP_FADE,NEUTRAL,LONG,2019-10-17 00:00:00+00:00,2019-10-17 00:05:00+00:00,2019-10-17 00:05:00+00:00,2019-10-17 00:40:00+00:00,1.10752,1.10712,1.10812,1.10811,TARGET,0.0004,1.474999999999671,1.349999999999671,0.5899999999998684
N4_MICRO_BREAKOUT,NEUTRAL,LONG,2019-10-17 00:40:00+00:00,2019-10-17 00:45:00+00:00,2019-10-17 00:45:00+00:00,2019-10-17 01:30:00+00:00,1.1082500000000002,1.1078500000000002,1.1088500000000001,1.1078400000000002,STOP,0.0004,-1.0250000000000536,-1.1500000000000536,-0.41000000000002146
N1_ROLLING_SWEEP_FADE,NEUTRAL,LONG,2019-10-17 11:05:00+00:00,2019-10-17 11:10:00+00:00,2019-10-17 11:10:00+00:00,2019-10-17 11:10:00+00:00,1.11155,1.11115,1.11215,1.11114,STOP,0.0004,-1.0250000000000536,-1.1500000000000536,-0.41000000000002146
N1_ROLLING_SWEEP_FADE,NEUTRAL,SHORT,2019-10-17 11:50:00+00:00,2019-10-17 11:55:00+00:00,2019-10-17 11:55:00+00:00,2019-10-17 12:00:00+00:00,1.11204,1.1124399999999999,1.11144,1.11145,TARGET,0.0004,1.474999999999671,1.349999999999671,0.5899999999998684
N1_ROLLING_SWEEP_FADE,NEUTRAL,SHORT,2019-10-18 00:10:00+00:00,2019-10-18 00:15:00+00:00,2019-10-18 00:15:00+00:00,2019-10-18 01:15:00+00:00,1.11256,1.11296,1.11196,1.11297,STOP,0.0004,-1.0250000000000536,-1.1500000000000536,-0.41000000000002146
N3_ANCHOR_REVERSION,NEUTRAL,SHORT,2019-10-18 01:20:00+00:00,2019-10-18 01:25:00+00:00,2019-10-18 01:25:00+00:00,2019-10-18 04:45:00+00:00,1.1127799999999999,1.1131799999999998,1.11218,1.11219,TARGET,0.0004,1.474999999999671,1.349999999999671,0.5899999999998684
N3_ANCHOR_REVERSION,NEUTRAL,SHORT,2019-10-18 13:00:00+00:00,2019-10-18 13:05:00+00:00,2019-10-18 13:05:00+00:00,2019-10-18 13:05:00+00:00,1.1147099999999999,1.1151099999999998,1.11411,1.11512,STOP,0.0004,-1.0250000000000536,-1.1500000000000536,-0.41000000000002146
N4_MICRO_BREAKOUT,NEUTRAL,LONG,2019-10-18 13:05:00+00:00,2019-10-18 13:10:00+00:00,2019-10-18 13:10:00+00:00,2019-10-18 13:10:00+00:00,1.11531,1.11491,1.11591,1.1149,STOP,0.0004,-1.0250000000000536,-1.1500000000000536,-0.41000000000002146
N1_ROLLING_SWEEP_FADE,NEUTRAL,SHORT,2019-10-20 23:05:00+00:00,2019-10-20 23:10:00+00:00,2019-10-20 23:10:00+00:00,2019-10-21 00:25:00+00:00,1.1157599999999999,1.1161599999999998,1.11516,1.1161699999999999,STOP,0.0004,-1.0250000000000536,-1.1500000000000536,-0.41000000000002146
N4_MICRO_BREAKOUT,NEUTRAL,LONG,2019-10-21 00:25:00+00:00,2019-10-21 00:30:00+00:00,2019-10-21 00:30:00+00:00,2019-10-21 00:30:00+00:00,1.1162800000000002,1.1158800000000002,1.11688,1.1158700000000001,STOP,0.0004,-1.0250000000000536,-1.1500000000000536,-0.41000000000002146
N1_ROLLING_SWEEP_FADE,NEUTRAL,LONG,2019-10-21 01:30:00+00:00,2019-10-21 01:35:00+00:00,2019-10-21 01:35:00+00:00,2019-10-21 05:55:00+00:00,1.1158000000000001,1.1154000000000002,1.1164,1.11539,STOP,0.0004,-1.0250000000000536,-1.1500000000000536,-0.41000000000002146
N3_ANCHOR_REVERSION,NEUTRAL,LONG,2019-10-21 18:45:00+00:00,2019-10-21 18:50:00+00:00,2019-10-21 18:50:00+00:00,2019-10-21 19:00:00+00:00,1.11493,1.11453,1.11553,1.11452,STOP,0.0004,-1.0250000000000536,-1.1500000000000536,-0.41000000000002146
N1_ROLLING_SWEEP_FADE,NEUTRAL,LONG,2019-10-21 19:00:00+00:00,2019-10-21 19:05:00+00:00,2019-10-21 19:05:00+00:00,2019-10-22 00:50:00+00:00,1.1147900000000002,1.1143900000000002,1.11539,1.11538,TARGET,0.0004,1.474999999999671,1.349999999999671,0.5899999999998684
N3_ANCHOR_REVERSION,NEUTRAL,LONG,2019-10-22 13:00:00+00:00,2019-10-22 13:05:00+00:00,2019-10-22 13:05:00+00:00,2019-10-22 13:35:00+00:00,1.11293,1.11253,1.11353,1.1135199999999998,TARGET,0.0004,1.474999999999671,1.349999999999671,0.5899999999998684
N4_MICRO_BREAKOUT,NEUTRAL,SHORT,2019-10-22 14:50:00+00:00,2019-10-22 14:55:00+00:00,2019-10-22 14:55:00+00:00,2019-10-22 14:55:00+00:00,1.1127399999999998,1.1131399999999998,1.11214,1.1131499999999999,STOP,0.0004,-1.0250000000000536,-1.1500000000000536,-0.41000000000002146
N3_ANCHOR_REVERSION,NEUTRAL,SHORT,2019-10-22 15:35:00+00:00,2019-10-22 15:40:00+00:00,2019-10-22 15:40:00+00:00,2019-10-22 16:00:00+00:00,1.1143399999999999,1.1147399999999998,1.11374,1.11375,TARGET,0.0004,1.474999999999671,1.349999999999671,0.5899999999998684
N1_ROLLING_SWEEP_FADE,NEUTRAL,SHORT,2019-10-22 17:00:00+00:00,2019-10-22 17:05:00+00:00,2019-10-22 17:05:00+00:00,2019-10-22 17:35:00+00:00,1.11398,1.11438,1.11338,1.11439,STOP,0.0004,-1.0250000000000536,-1.1500000000000536,-0.41000000000002146
N4_MICRO_BREAKOUT,NEUTRAL,SHORT,2019-10-23 00:15:00+00:00,2019-10-23 00:20:00+00:00,2019-10-23 00:20:00+00:00,2019-10-23 00:20:00+00:00,1.11248,1.1128799999999999,1.11188,1.11289,STOP,0.0004,-1.0250000000000536,-1.1500000000000536,-0.41000000000002146
N1_ROLLING_SWEEP_FADE,NEUTRAL,SHORT,2019-10-23 00:35:00+00:00,2019-10-23 00:40:00+00:00,2019-10-23 00:40:00+00:00,2019-10-23 02:35:00+00:00,1.1127,1.1131,1.1121,1.1121100000000002,TARGET,0.0004,1.474999999999671,1.349999999999671,0.5899999999998684
N1_ROLLING_SWEEP_FADE,NEUTRAL,LONG,2019-10-23 02:40:00+00:00,2019-10-23 02:45:00+00:00,2019-10-23 02:45:00+00:00,2019-10-23 03:05:00+00:00,1.1121800000000002,1.1117800000000002,1.11278,1.1117700000000001,STOP,0.0004,-1.0250000000000536,-1.1500000000000536,-0.41000000000002146
N3_ANCHOR_REVERSION,NEUTRAL,LONG,2019-10-23 03:50:00+00:00,2019-10-23 03:55:00+00:00,2019-10-23 03:55:00+00:00,2019-10-23 05:55:00+00:00,1.11176,1.1113600000000001,1.11236,1.11235,TARGET,0.0004,1.474999999999671,1.349999999999671,0.5899999999998684
N1_ROLLING_SWEEP_FADE,NEUTRAL,LONG,2019-10-24 00:10:00+00:00,2019-10-24 00:15:00+00:00,2019-10-24 00:15:00+00:00,2019-10-24 01:45:00+00:00,1.11315,1.1127500000000001,1.11375,1.11374,TARGET,0.0004,1.474999999999671,1.349999999999671,0.5899999999998684
N1_ROLLING_SWEEP_FADE,NEUTRAL,LONG,2019-10-24 10:45:00+00:00,2019-10-24 10:50:00+00:00,2019-10-24 10:50:00+00:00,2019-10-24 11:55:00+00:00,1.1126800000000001,1.1122800000000002,1.11328,1.11227,STOP,0.0004,-1.0250000000000536,-1.1500000000000536,-0.41000000000002146
N4_MICRO_BREAKOUT,NEUTRAL,SHORT,2019-10-24 11:55:00+00:00,2019-10-24 12:00:00+00:00,2019-10-24 12:00:00+00:00,2019-10-24 12:00:00+00:00,1.1120999999999999,1.1124999999999998,1.1115,1.1125099999999999,STOP,0.0004,-1.0250000000000536,-1.1500000000000536,-0.41000000000002146
N3_ANCHOR_REVERSION,NEUTRAL,LONG,2019-10-24 12:00:00+00:00,2019-10-24 12:05:00+00:00,2019-10-24 12:05:00+00:00,2019-10-24 12:25:00+00:00,1.1125800000000001,1.1121800000000002,1.11318,1.11317,TARGET,0.0004,1.474999999999671,1.349999999999671,0.5899999999998684
N3_ANCHOR_REVERSION,NEUTRAL,SHORT,2019-10-25 01:40:00+00:00,2019-10-25 01:45:00+00:00,2019-10-25 01:45:00+00:00,2019-10-25 05:55:00+00:00,1.11046,1.11086,1.10986,1.11087,STOP,0.0004,-1.0250000000000536,-1.1500000000000536,-0.41000000000002146
N3_ANCHOR_REVERSION,NEUTRAL,LONG,2019-10-25 14:00:00+00:00,2019-10-25 14:05:00+00:00,2019-10-25 14:05:00+00:00,2019-10-25 14:05:00+00:00,1.10956,1.1091600000000001,1.11016,1.10915,STOP,0.0004,-1.0250000000000536,-1.1500000000000536,-0.41000000000002146
N3_ANCHOR_REVERSION,NEUTRAL,LONG,2019-10-30 02:55:00+00:00,2019-10-30 03:00:00+00:00,2019-10-30 03:00:00+00:00,2019-10-30 06:30:00+00:00,1.11084,1.11044,1.11144,1.11143,TARGET,0.0004,1.474999999999671,1.349999999999671,0.5899999999998684
N4_MICRO_BREAKOUT,NEUTRAL,LONG,2019-10-31 00:55:00+00:00,2019-10-31 01:00:00+00:00,2019-10-31 01:00:00+00:00,2019-10-31 01:35:00+00:00,1.11629,1.11589,1.11689,1.1168799999999999,TARGET,0.0004,1.474999999999671,1.349999999999671,0.5899999999998684
N3_ANCHOR_REVERSION,NEUTRAL,SHORT,2019-10-31 01:50:00+00:00,2019-10-31 01:55:00+00:00,2019-10-31 01:55:00+00:00,2019-10-31 03:55:00+00:00,1.11655,1.1169499999999999,1.11595,1.11696,STOP,0.0004,-1.0250000000000536,-1.1500000000000536,-0.41000000000002146
N3_ANCHOR_REVERSION,NEUTRAL,LONG,2019-11-04 18:50:00+00:00,2019-11-04 18:55:00+00:00,2019-11-04 18:55:00+00:00,2019-11-04 19:15:00+00:00,1.1135300000000001,1.1131300000000002,1.11413,1.11312,STOP,0.0004,-1.0250000000000536,-1.1500000000000536,-0.41000000000002146
N4_MICRO_BREAKOUT,NEUTRAL,SHORT,2019-11-04 19:40:00+00:00,2019-11-04 19:45:00+00:00,2019-11-04 19:45:00+00:00,2019-11-04 20:35:00+00:00,1.11258,1.1129799999999999,1.11198,1.11299,STOP,0.0004,-1.0250000000000536,-1.1500000000000536,-0.41000000000002146
N3_ANCHOR_REVERSION,NEUTRAL,LONG,2019-11-04 20:50:00+00:00,2019-11-04 20:55:00+00:00,2019-11-04 20:55:00+00:00,2019-11-04 22:50:00+00:00,1.1128500000000001,1.1124500000000002,1.11345,1.11244,STOP,0.0004,-1.0250000000000536,-1.1500000000000536,-0.41000000000002146
N4_MICRO_BREAKOUT,NEUTRAL,SHORT,2019-11-04 22:50:00+00:00,2019-11-04 22:55:00+00:00,2019-11-04 22:55:00+00:00,2019-11-04 23:00:00+00:00,1.1122299999999998,1.1126299999999998,1.11163,1.1126399999999999,STOP,0.0004,-1.0250000000000536,-1.1500000000000536,-0.41000000000002146
N1_ROLLING_SWEEP_FADE,NEUTRAL,LONG,2019-11-05 01:10:00+00:00,2019-11-05 01:15:00+00:00,2019-11-05 01:15:00+00:00,2019-11-05 01:55:00+00:00,1.11295,1.1125500000000001,1.11355,1.11254,STOP,0.0004,-1.0250000000000536,-1.1500000000000536,-0.41000000000002146
N4_MICRO_BREAKOUT,NEUTRAL,SHORT,2019-11-05 01:55:00+00:00,2019-11-05 02:00:00+00:00,2019-11-05 02:00:00+00:00,2019-11-05 03:30:00+00:00,1.11256,1.11296,1.11196,1.1119700000000001,TARGET,0.0004,1.474999999999671,1.349999999999671,0.5899999999998684
N3_ANCHOR_REVERSION,NEUTRAL,LONG,2019-11-05 03:35:00+00:00,2019-11-05 03:40:00+00:00,2019-11-05 03:40:00+00:00,2019-11-05 04:10:00+00:00,1.1119800000000002,1.1115800000000002,1.1125800000000001,1.11257,TARGET,0.0004,1.474999999999671,1.349999999999671,0.5899999999998684
N1_ROLLING_SWEEP_FADE,NEUTRAL,SHORT,2019-11-05 04:10:00+00:00,2019-11-05 04:15:00+00:00,2019-11-05 04:15:00+00:00,2019-11-05 05:55:00+00:00,1.11249,1.11289,1.11189,1.1129,STOP,0.0004,-1.0250000000000536,-1.1500000000000536,-0.41000000000002146
N4_MICRO_BREAKOUT,NEUTRAL,LONG,2019-11-14 18:55:00+00:00,2019-11-14 19:00:00+00:00,2019-11-14 19:00:00+00:00,2019-11-14 19:00:00+00:00,1.10274,1.10234,1.10334,1.10233,STOP,0.0004,-1.0250000000000536,-1.1500000000000536,-0.41000000000002146
N3_ANCHOR_REVERSION,NEUTRAL,SHORT,2019-11-14 19:00:00+00:00,2019-11-14 19:05:00+00:00,2019-11-14 19:05:00+00:00,2019-11-15 02:40:00+00:00,1.10238,1.1027799999999999,1.10178,1.10279,STOP,0.0004,-1.0250000000000536,-1.1500000000000536,-0.41000000000002146
N4_MICRO_BREAKOUT,NEUTRAL,LONG,2019-11-15 02:40:00+00:00,2019-11-15 02:45:00+00:00,2019-11-15 02:45:00+00:00,2019-11-15 05:40:00+00:00,1.10283,1.10243,1.10343,1.10242,STOP,0.0004,-1.0250000000000536,-1.1500000000000536,-0.41000000000002146
N4_MICRO_BREAKOUT,NEUTRAL,SHORT,2019-11-15 05:55:00+00:00,2019-11-15 06:00:00+00:00,2019-11-15 06:00:00+00:00,2019-11-15 08:00:00+00:00,1.10218,1.10258,1.10158,1.10159,TARGET,0.0004,1.474999999999671,1.349999999999671,0.5899999999998684
N1_ROLLING_SWEEP_FADE,NEUTRAL,LONG,2019-11-15 08:00:00+00:00,2019-11-15 08:05:00+00:00,2019-11-15 08:05:00+00:00,2019-11-15 08:50:00+00:00,1.10185,1.10145,1.10245,1.1024399999999999,TARGET,0.0004,1.474999999999671,1.349999999999671,0.5899999999998684
N1_ROLLING_SWEEP_FADE,NEUTRAL,SHORT,2019-11-15 08:50:00+00:00,2019-11-15 08:55:00+00:00,2019-11-15 08:55:00+00:00,2019-11-15 10:35:00+00:00,1.10209,1.10249,1.10149,1.1025,STOP,0.0004,-1.0250000000000536,-1.1500000000000536,-0.41000000000002146
N2_ASIA_RANGE_FADE,NEUTRAL,LONG,2019-11-22 11:50:00+00:00,2019-11-22 11:55:00+00:00,2019-11-22 11:55:00+00:00,2019-11-22 12:30:00+00:00,1.1063500000000002,1.1059500000000002,1.10695,1.1059400000000001,STOP,0.0004,-1.0250000000000536,-1.1500000000000536,-0.41000000000002146
N4_MICRO_BREAKOUT,NEUTRAL,SHORT,2019-11-22 12:40:00+00:00,2019-11-22 12:45:00+00:00,2019-11-22 12:45:00+00:00,2019-11-22 13:15:00+00:00,1.10548,1.10588,1.10488,1.10589,STOP,0.0004,-1.0250000000000536,-1.1500000000000536,-0.41000000000002146
N3_ANCHOR_REVERSION,NEUTRAL,LONG,2019-11-22 14:50:00+00:00,2019-11-22 14:55:00+00:00,2019-11-22 14:55:00+00:00,2019-11-22 15:00:00+00:00,1.10481,1.1044100000000001,1.10541,1.1044,STOP,0.0004,-1.0250000000000536,-1.1500000000000536,-0.41000000000002146
N1_ROLLING_SWEEP_FADE,NEUTRAL,LONG,2019-11-22 15:00:00+00:00,2019-11-22 15:05:00+00:00,2019-11-22 15:05:00+00:00,2019-11-22 15:10:00+00:00,1.1046200000000002,1.1042200000000002,1.10522,1.1042100000000001,STOP,0.0004,-1.0250000000000536,-1.1500000000000536,-0.41000000000002146
N3_ANCHOR_REVERSION,NEUTRAL,LONG,2019-11-24 22:10:00+00:00,2019-11-24 22:15:00+00:00,2019-11-24 22:15:00+00:00,2019-11-25 05:45:00+00:00,1.10205,1.10165,1.10265,1.1026399999999998,TARGET,0.0004,1.474999999999671,1.349999999999671,0.5899999999998684
N3_ANCHOR_REVERSION,NEUTRAL,SHORT,2019-11-25 06:00:00+00:00,2019-11-25 06:05:00+00:00,2019-11-25 06:05:00+00:00,2019-11-25 07:55:00+00:00,1.10277,1.10317,1.10217,1.10318,STOP,0.0004,-1.0250000000000536,-1.1500000000000536,-0.41000000000002146
N4_MICRO_BREAKOUT,NEUTRAL,SHORT,2019-11-25 17:55:00+00:00,2019-11-25 18:00:00+00:00,2019-11-25 18:00:00+00:00,2019-11-25 18:05:00+00:00,1.1005399999999999,1.1009399999999998,1.09994,1.1009499999999999,STOP,0.0004,-1.0250000000000536,-1.1500000000000536,-0.41000000000002146
N1_ROLLING_SWEEP_FADE,NEUTRAL,LONG,2019-11-25 18:25:00+00:00,2019-11-25 18:30:00+00:00,2019-11-25 18:30:00+00:00,2019-11-25 20:35:00+00:00,1.1007,1.1003,1.1013,1.1012899999999999,TARGET,0.0004,1.474999999999671,1.349999999999671,0.5899999999998684
N4_MICRO_BREAKOUT,NEUTRAL,LONG,2019-11-25 20:35:00+00:00,2019-11-25 20:40:00+00:00,2019-11-25 20:40:00+00:00,2019-11-25 20:50:00+00:00,1.1013600000000001,1.1009600000000002,1.10196,1.10095,STOP,0.0004,-1.0250000000000536,-1.1500000000000536,-0.41000000000002146
N4_MICRO_BREAKOUT,NEUTRAL,SHORT,2019-11-27 09:05:00+00:00,2019-11-27 09:10:00+00:00,2019-11-27 09:10:00+00:00,2019-11-27 09:40:00+00:00,1.10038,1.1007799999999999,1.09978,1.10079,STOP,0.0004,-1.0250000000000536,-1.1500000000000536,-0.41000000000002146
N4_MICRO_BREAKOUT,NEUTRAL,LONG,2019-12-02 15:05:00+00:00,2019-12-02 15:10:00+00:00,2019-12-02 15:10:00+00:00,2019-12-02 15:10:00+00:00,1.10664,1.1062400000000001,1.10724,1.10623,STOP,0.0004,-1.0250000000000536,-1.1500000000000536,-0.41000000000002146
N3_ANCHOR_REVERSION,NEUTRAL,SHORT,2019-12-02 15:10:00+00:00,2019-12-02 15:15:00+00:00,2019-12-02 15:15:00+00:00,2019-12-02 15:15:00+00:00,1.1061699999999999,1.1065699999999998,1.10557,1.10658,STOP,0.0004,-1.0250000000000536,-1.1500000000000536,-0.41000000000002146
N4_MICRO_BREAKOUT,NEUTRAL,LONG,2019-12-02 15:20:00+00:00,2019-12-02 15:25:00+00:00,2019-12-02 15:25:00+00:00,2019-12-02 15:40:00+00:00,1.10724,1.10684,1.10784,1.10683,STOP,0.0004,-1.0250000000000536,-1.1500000000000536,-0.41000000000002146
N4_MICRO_BREAKOUT,NEUTRAL,LONG,2019-12-02 20:50:00+00:00,2019-12-02 20:55:00+00:00,2019-12-02 20:55:00+00:00,2019-12-02 21:15:00+00:00,1.10837,1.1079700000000001,1.10897,1.10796,STOP,0.0004,-1.0250000000000536,-1.1500000000000536,-0.41000000000002146
N1_ROLLING_SWEEP_FADE,NEUTRAL,LONG,2019-12-03 00:55:00+00:00,2019-12-03 01:00:00+00:00,2019-12-03 01:00:00+00:00,2019-12-03 07:20:00+00:00,1.10742,1.1070200000000001,1.10802,1.10801,TARGET,0.0004,1.474999999999671,1.349999999999671,0.5899999999998684
N4_MICRO_BREAKOUT,NEUTRAL,LONG,2019-12-03 07:20:00+00:00,2019-12-03 07:25:00+00:00,2019-12-03 07:25:00+00:00,2019-12-03 07:30:00+00:00,1.1082400000000001,1.1078400000000002,1.10884,1.10783,STOP,0.0004,-1.0250000000000536,-1.1500000000000536,-0.41000000000002146
N2_ASIA_RANGE_FADE,NEUTRAL,SHORT,2019-12-03 07:30:00+00:00,2019-12-03 07:35:00+00:00,2019-12-03 07:35:00+00:00,2019-12-03 08:15:00+00:00,1.1077299999999999,1.1081299999999998,1.10713,1.10814,STOP,0.0004,-1.0250000000000536,-1.1500000000000536,-0.41000000000002146
N1_ROLLING_SWEEP_FADE,NEUTRAL,SHORT,2019-12-03 23:10:00+00:00,2019-12-03 23:15:00+00:00,2019-12-03 23:15:00+00:00,2019-12-04 04:10:00+00:00,1.1082299999999998,1.1086299999999998,1.10763,1.10764,TARGET,0.0004,1.474999999999671,1.349999999999671,0.5899999999998684
N4_MICRO_BREAKOUT,NEUTRAL,LONG,2019-12-05 20:45:00+00:00,2019-12-05 20:50:00+00:00,2019-12-05 20:50:00+00:00,2019-12-05 20:50:00+00:00,1.1104800000000001,1.1100800000000002,1.11108,1.1100700000000001,STOP,0.0004,-1.0250000000000536,-1.1500000000000536,-0.41000000000002146
N1_ROLLING_SWEEP_FADE,NEUTRAL,SHORT,2019-12-05 20:50:00+00:00,2019-12-05 20:55:00+00:00,2019-12-05 20:55:00+00:00,2019-12-05 21:05:00+00:00,1.1101299999999998,1.1105299999999998,1.10953,1.1105399999999999,STOP,0.0004,-1.0250000000000536,-1.1500000000000536,-0.41000000000002146
N1_ROLLING_SWEEP_FADE,NEUTRAL,LONG,2019-12-06 00:50:00+00:00,2019-12-06 00:55:00+00:00,2019-12-06 00:55:00+00:00,2019-12-06 09:40:00+00:00,1.11049,1.11009,1.11109,1.11008,STOP,0.0004,-1.0250000000000536,-1.1500000000000536,-0.41000000000002146
N3_ANCHOR_REVERSION,NEUTRAL,LONG,2019-12-06 19:00:00+00:00,2019-12-06 19:05:00+00:00,2019-12-06 19:05:00+00:00,2019-12-06 20:50:00+00:00,1.1053700000000002,1.1049700000000002,1.1059700000000001,1.10596,TARGET,0.0004,1.474999999999671,1.349999999999671,0.5899999999998684
N1_ROLLING_SWEEP_FADE,NEUTRAL,SHORT,2019-12-06 20:50:00+00:00,2019-12-06 20:55:00+00:00,2019-12-06 20:55:00+00:00,2019-12-06 21:55:00+00:00,1.1058599999999998,1.1062599999999998,1.10526,1.1062699999999999,STOP,0.0004,-1.0250000000000536,-1.1500000000000536,-0.41000000000002146
N1_ROLLING_SWEEP_FADE,NEUTRAL,LONG,2019-12-09 00:05:00+00:00,2019-12-09 00:10:00+00:00,2019-12-09 00:10:00+00:00,2019-12-09 06:25:00+00:00,1.10566,1.1052600000000001,1.10626,1.10625,TARGET,0.0004,1.474999999999671,1.349999999999671,0.5899999999998684
N1_ROLLING_SWEEP_FADE,NEUTRAL,SHORT,2019-12-09 06:25:00+00:00,2019-12-09 06:30:00+00:00,2019-12-09 06:30:00+00:00,2019-12-09 07:45:00+00:00,1.10619,1.10659,1.10559,1.1066,STOP,0.0004,-1.0250000000000536,-1.1500000000000536,-0.41000000000002146
N1_ROLLING_SWEEP_FADE,NEUTRAL,LONG,2019-12-09 17:30:00+00:00,2019-12-09 17:35:00+00:00,2019-12-09 17:35:00+00:00,2019-12-09 17:45:00+00:00,1.1064200000000002,1.1060200000000002,1.1070200000000001,1.1060100000000002,STOP,0.0004,-1.0250000000000536,-1.1500000000000536,-0.41000000000002146
N3_ANCHOR_REVERSION,NEUTRAL,LONG,2019-12-09 18:35:00+00:00,2019-12-09 18:40:00+00:00,2019-12-09 18:40:00+00:00,2019-12-10 01:50:00+00:00,1.1061800000000002,1.1057800000000002,1.10678,1.10677,TARGET,0.0004,1.474999999999671,1.349999999999671,0.5899999999998684
N3_ANCHOR_REVERSION,NEUTRAL,SHORT,2019-12-10 02:00:00+00:00,2019-12-10 02:05:00+00:00,2019-12-10 02:05:00+00:00,2019-12-10 02:25:00+00:00,1.10672,1.1071199999999999,1.10612,1.10713,STOP,0.0004,-1.0250000000000536,-1.1500000000000536,-0.41000000000002146
N3_ANCHOR_REVERSION,NEUTRAL,SHORT,2019-12-10 03:00:00+00:00,2019-12-10 03:05:00+00:00,2019-12-10 03:05:00+00:00,2019-12-10 08:05:00+00:00,1.10694,1.10734,1.10634,1.10735,STOP,0.0004,-1.0250000000000536,-1.1500000000000536,-0.41000000000002146
N1_ROLLING_SWEEP_FADE,NEUTRAL,SHORT,2019-12-10 19:20:00+00:00,2019-12-10 19:25:00+00:00,2019-12-10 19:25:00+00:00,2019-12-10 22:00:00+00:00,1.1095599999999999,1.1099599999999998,1.10896,1.10897,TARGET,0.0004,1.474999999999671,1.349999999999671,0.5899999999998684
N1_ROLLING_SWEEP_FADE,NEUTRAL,SHORT,2019-12-11 01:55:00+00:00,2019-12-11 02:00:00+00:00,2019-12-11 02:00:00+00:00,2019-12-11 05:20:00+00:00,1.10951,1.10991,1.10891,1.1089200000000001,TARGET,0.0004,1.474999999999671,1.349999999999671,0.5899999999998684
N2_ASIA_RANGE_FADE,NEUTRAL,LONG,2019-12-11 06:20:00+00:00,2019-12-11 06:25:00+00:00,2019-12-11 06:25:00+00:00,2019-12-11 07:00:00+00:00,1.10895,1.1085500000000001,1.10955,1.10854,STOP,0.0004,-1.0250000000000536,-1.1500000000000536,-0.41000000000002146
N4_MICRO_BREAKOUT,NEUTRAL,SHORT,2019-12-11 07:05:00+00:00,2019-12-11 07:10:00+00:00,2019-12-11 07:10:00+00:00,2019-12-11 12:10:00+00:00,1.1085,1.1089,1.1079,1.1079100000000002,TARGET,0.0004,1.474999999999671,1.349999999999671,0.5899999999998684
N3_ANCHOR_REVERSION,NEUTRAL,LONG,2019-12-11 13:00:00+00:00,2019-12-11 13:05:00+00:00,2019-12-11 13:05:00+00:00,2019-12-11 13:30:00+00:00,1.1076700000000002,1.1072700000000002,1.10827,1.10826,TARGET,0.0004,1.474999999999671,1.349999999999671,0.5899999999998684
N1_ROLLING_SWEEP_FADE,NEUTRAL,LONG,2019-12-13 05:00:00+00:00,2019-12-13 05:05:00+00:00,2019-12-13 05:05:00+00:00,2019-12-13 06:25:00+00:00,1.11724,1.11684,1.11784,1.11683,STOP,0.0004,-1.0250000000000536,-1.1500000000000536,-0.41000000000002146
N1_ROLLING_SWEEP_FADE,NEUTRAL,LONG,2019-12-13 06:30:00+00:00,2019-12-13 06:35:00+00:00,2019-12-13 06:35:00+00:00,2019-12-13 06:55:00+00:00,1.1168200000000001,1.1164200000000002,1.11742,1.1164100000000001,STOP,0.0004,-1.0250000000000536,-1.1500000000000536,-0.41000000000002146
N1_ROLLING_SWEEP_FADE,NEUTRAL,LONG,2019-12-13 11:55:00+00:00,2019-12-13 12:00:00+00:00,2019-12-13 12:00:00+00:00,2019-12-13 12:10:00+00:00,1.1176000000000001,1.1172000000000002,1.1182,1.11819,TARGET,0.0004,1.474999999999671,1.349999999999671,0.5899999999998684
N3_ANCHOR_REVERSION,NEUTRAL,LONG,2019-12-13 20:55:00+00:00,2019-12-13 21:00:00+00:00,2019-12-13 21:00:00+00:00,2019-12-13 21:55:00+00:00,1.11176,1.1113600000000001,1.11236,1.1117299999999999,TIME_12H,0.0004,-0.07500000000049134,-0.20000000000049134,-0.030000000000196536
N3_ANCHOR_REVERSION,NEUTRAL,SHORT,2019-12-15 23:05:00+00:00,2019-12-15 23:10:00+00:00,2019-12-15 23:10:00+00:00,2019-12-16 02:00:00+00:00,1.1127,1.1131,1.1121,1.11311,STOP,0.0004,-1.0250000000000536,-1.1500000000000536,-0.41000000000002146
N3_ANCHOR_REVERSION,NEUTRAL,SHORT,2019-12-16 02:15:00+00:00,2019-12-16 02:20:00+00:00,2019-12-16 02:20:00+00:00,2019-12-16 05:15:00+00:00,1.11311,1.11351,1.11251,1.11352,STOP,0.0004,-1.0250000000000536,-1.1500000000000536,-0.41000000000002146
N1_ROLLING_SWEEP_FADE,NEUTRAL,SHORT,2019-12-16 05:20:00+00:00,2019-12-16 05:25:00+00:00,2019-12-16 05:25:00+00:00,2019-12-16 06:35:00+00:00,1.11353,1.1139299999999999,1.11293,1.11394,STOP,0.0004,-1.0250000000000536,-1.1500000000000536,-0.41000000000002146
N4_MICRO_BREAKOUT,NEUTRAL,LONG,2019-12-16 06:40:00+00:00,2019-12-16 06:45:00+00:00,2019-12-16 06:45:00+00:00,2019-12-16 07:25:00+00:00,1.1140700000000001,1.1136700000000002,1.11467,1.11466,TARGET,0.0004,1.474999999999671,1.349999999999671,0.5899999999998684
N1_ROLLING_SWEEP_FADE,NEUTRAL,SHORT,2019-12-16 18:30:00+00:00,2019-12-16 18:35:00+00:00,2019-12-16 18:35:00+00:00,2019-12-16 22:00:00+00:00,1.11459,1.11499,1.11399,1.115,STOP,0.0004,-1.0250000000000536,-1.1500000000000536,-0.41000000000002146
N1_ROLLING_SWEEP_FADE,NEUTRAL,LONG,2019-12-17 00:00:00+00:00,2019-12-17 00:05:00+00:00,2019-12-17 00:05:00+00:00,2019-12-17 02:25:00+00:00,1.11369,1.1132900000000001,1.11429,1.11428,TARGET,0.0004,1.474999999999671,1.349999999999671,0.5899999999998684
N1_ROLLING_SWEEP_FADE,NEUTRAL,SHORT,2019-12-17 03:15:00+00:00,2019-12-17 03:20:00+00:00,2019-12-17 03:20:00+00:00,2019-12-17 04:40:00+00:00,1.11455,1.1149499999999999,1.11395,1.11496,STOP,0.0004,-1.0250000000000536,-1.1500000000000536,-0.41000000000002146
N4_MICRO_BREAKOUT,NEUTRAL,LONG,2019-12-17 04:40:00+00:00,2019-12-17 04:45:00+00:00,2019-12-17 04:45:00+00:00,2019-12-17 06:35:00+00:00,1.11494,1.11454,1.11554,1.11453,STOP,0.0004,-1.0250000000000536,-1.1500000000000536,-0.41000000000002146
N3_ANCHOR_REVERSION,NEUTRAL,LONG,2019-12-17 06:50:00+00:00,2019-12-17 06:55:00+00:00,2019-12-17 06:55:00+00:00,2019-12-17 07:55:00+00:00,1.1144500000000002,1.1140500000000002,1.11505,1.1140400000000001,STOP,0.0004,-1.0250000000000536,-1.1500000000000536,-0.41000000000002146
N1_ROLLING_SWEEP_FADE,NEUTRAL,LONG,2019-12-18 00:05:00+00:00,2019-12-18 00:10:00+00:00,2019-12-18 00:10:00+00:00,2019-12-18 01:35:00+00:00,1.1148600000000002,1.1144600000000002,1.1154600000000001,1.1144500000000002,STOP,0.0004,-1.0250000000000536,-1.1500000000000536,-0.41000000000002146
N4_MICRO_BREAKOUT,NEUTRAL,SHORT,2019-12-18 01:40:00+00:00,2019-12-18 01:45:00+00:00,2019-12-18 01:45:00+00:00,2019-12-18 02:30:00+00:00,1.1140999999999999,1.1144999999999998,1.1135,1.11351,TARGET,0.0004,1.474999999999671,1.349999999999671,0.5899999999998684
N3_ANCHOR_REVERSION,NEUTRAL,LONG,2019-12-18 03:05:00+00:00,2019-12-18 03:10:00+00:00,2019-12-18 03:10:00+00:00,2019-12-18 03:20:00+00:00,1.11366,1.1132600000000001,1.11426,1.11325,STOP,0.0004,-1.0250000000000536,-1.1500000000000536,-0.41000000000002146
N1_ROLLING_SWEEP_FADE,NEUTRAL,LONG,2019-12-18 03:35:00+00:00,2019-12-18 03:40:00+00:00,2019-12-18 03:40:00+00:00,2019-12-18 05:25:00+00:00,1.1133600000000001,1.1129600000000002,1.11396,1.11295,STOP,0.0004,-1.0250000000000536,-1.1500000000000536,-0.41000000000002146
N3_ANCHOR_REVERSION,NEUTRAL,SHORT,2019-12-19 01:15:00+00:00,2019-12-19 01:20:00+00:00,2019-12-19 01:20:00+00:00,2019-12-19 01:35:00+00:00,1.1118599999999998,1.1122599999999998,1.11126,1.1122699999999999,STOP,0.0004,-1.0250000000000536,-1.1500000000000536,-0.41000000000002146
N4_MICRO_BREAKOUT,NEUTRAL,LONG,2019-12-19 10:55:00+00:00,2019-12-19 11:00:00+00:00,2019-12-19 11:00:00+00:00,2019-12-19 11:00:00+00:00,1.11447,1.1140700000000001,1.11507,1.11406,STOP,0.0004,-1.0250000000000536,-1.1500000000000536,-0.41000000000002146
N3_ANCHOR_REVERSION,NEUTRAL,SHORT,2019-12-19 11:00:00+00:00,2019-12-19 11:05:00+00:00,2019-12-19 11:05:00+00:00,2019-12-19 11:15:00+00:00,1.1138599999999999,1.1142599999999998,1.11326,1.11327,TARGET,0.0004,1.474999999999671,1.349999999999671,0.5899999999998684
N2_ASIA_RANGE_FADE,NEUTRAL,SHORT,2019-12-19 11:15:00+00:00,2019-12-19 11:20:00+00:00,2019-12-19 11:20:00+00:00,2019-12-19 12:25:00+00:00,1.1131499999999999,1.1135499999999998,1.11255,1.11256,TARGET,0.0004,1.474999999999671,1.349999999999671,0.5899999999998684
N3_ANCHOR_REVERSION,NEUTRAL,SHORT,2019-12-26 19:00:00+00:00,2019-12-26 19:05:00+00:00,2019-12-26 19:05:00+00:00,2019-12-26 21:35:00+00:00,1.11056,1.11096,1.10996,1.1099700000000001,TARGET,0.0004,1.474999999999671,1.349999999999671,0.5899999999998684
N4_MICRO_BREAKOUT,NEUTRAL,SHORT,2019-12-26 21:35:00+00:00,2019-12-26 21:40:00+00:00,2019-12-26 21:40:00+00:00,2019-12-26 21:55:00+00:00,1.10964,1.11004,1.10904,1.11005,STOP,0.0004,-1.0250000000000536,-1.1500000000000536,-0.41000000000002146
N1_ROLLING_SWEEP_FADE,NEUTRAL,SHORT,2019-12-26 23:45:00+00:00,2019-12-26 23:50:00+00:00,2019-12-26 23:50:00+00:00,2019-12-27 00:05:00+00:00,1.10985,1.11025,1.10925,1.11026,STOP,0.0004,-1.0250000000000536,-1.1500000000000536,-0.41000000000002146
N3_ANCHOR_REVERSION,NEUTRAL,SHORT,2019-12-27 00:10:00+00:00,2019-12-27 00:15:00+00:00,2019-12-27 00:15:00+00:00,2019-12-27 00:50:00+00:00,1.1100999999999999,1.1104999999999998,1.1095,1.1105099999999999,STOP,0.0004,-1.0250000000000536,-1.1500000000000536,-0.41000000000002146
N4_MICRO_BREAKOUT,NEUTRAL,LONG,2019-12-27 00:50:00+00:00,2019-12-27 00:55:00+00:00,2019-12-27 00:55:00+00:00,2019-12-27 00:55:00+00:00,1.1105500000000001,1.1101500000000002,1.11115,1.1101400000000001,STOP,0.0004,-1.0250000000000536,-1.1500000000000536,-0.41000000000002146
N4_MICRO_BREAKOUT,NEUTRAL,LONG,2019-12-27 01:15:00+00:00,2019-12-27 01:20:00+00:00,2019-12-27 01:20:00+00:00,2019-12-27 02:25:00+00:00,1.1106900000000002,1.1102900000000002,1.1112900000000001,1.11128,TARGET,0.0004,1.474999999999671,1.349999999999671,0.5899999999998684
N1_ROLLING_SWEEP_FADE,NEUTRAL,SHORT,2019-12-27 03:15:00+00:00,2019-12-27 03:20:00+00:00,2019-12-27 03:20:00+00:00,2019-12-27 05:10:00+00:00,1.1118299999999999,1.1122299999999998,1.11123,1.11224,STOP,0.0004,-1.0250000000000536,-1.1500000000000536,-0.41000000000002146
N3_ANCHOR_REVERSION,NEUTRAL,LONG,2019-12-31 05:10:00+00:00,2019-12-31 05:15:00+00:00,2019-12-31 05:15:00+00:00,2019-12-31 08:05:00+00:00,1.1204100000000001,1.1200100000000002,1.12101,1.121,TARGET,0.0004,1.474999999999671,1.349999999999671,0.5899999999998684
N4_MICRO_BREAKOUT,NEUTRAL,LONG,2019-12-31 12:00:00+00:00,2019-12-31 12:05:00+00:00,2019-12-31 12:05:00+00:00,2019-12-31 13:40:00+00:00,1.12311,1.12271,1.12371,1.1237,TARGET,0.0004,1.474999999999671,1.349999999999671,0.5899999999998684
N4_MICRO_BREAKOUT,NEUTRAL,LONG,2019-12-31 13:40:00+00:00,2019-12-31 13:45:00+00:00,2019-12-31 13:45:00+00:00,2019-12-31 14:05:00+00:00,1.12388,1.12348,1.12448,1.12347,STOP,0.0004,-1.0250000000000536,-1.1500000000000536,-0.41000000000002146
N3_ANCHOR_REVERSION,NEUTRAL,SHORT,2019-12-31 14:25:00+00:00,2019-12-31 14:30:00+00:00,2019-12-31 14:30:00+00:00,2019-12-31 14:35:00+00:00,1.12326,1.1236599999999999,1.12266,1.12267,TARGET,0.0004,1.474999999999671,1.349999999999671,0.5899999999998684
N3_ANCHOR_REVERSION,NEUTRAL,LONG,2020-01-01 22:15:00+00:00,2020-01-01 22:20:00+00:00,2020-01-01 22:20:00+00:00,2020-01-01 23:00:00+00:00,1.12152,1.1211200000000001,1.12212,1.12211,TARGET,0.0004,1.474999999999671,1.349999999999671,0.5899999999998684
N4_MICRO_BREAKOUT,NEUTRAL,LONG,2020-01-02 01:00:00+00:00,2020-01-02 01:05:00+00:00,2020-01-02 01:05:00+00:00,2020-01-02 01:55:00+00:00,1.1222400000000001,1.1218400000000002,1.12284,1.12183,STOP,0.0004,-1.0250000000000536,-1.1500000000000536,-0.41000000000002146
N3_ANCHOR_REVERSION,NEUTRAL,LONG,2020-01-02 05:05:00+00:00,2020-01-02 05:10:00+00:00,2020-01-02 05:10:00+00:00,2020-01-02 07:00:00+00:00,1.12036,1.11996,1.12096,1.12095,TARGET,0.0004,1.474999999999671,1.349999999999671,0.5899999999998684
N4_MICRO_BREAKOUT,NEUTRAL,LONG,2020-01-02 08:00:00+00:00,2020-01-02 08:05:00+00:00,2020-01-02 08:05:00+00:00,2020-01-02 08:05:00+00:00,1.12142,1.1210200000000001,1.12202,1.12101,STOP,0.0004,-1.0250000000000536,-1.1500000000000536,-0.41000000000002146
N1_ROLLING_SWEEP_FADE,NEUTRAL,LONG,2020-01-02 12:00:00+00:00,2020-01-02 12:05:00+00:00,2020-01-02 12:05:00+00:00,2020-01-02 12:40:00+00:00,1.11883,1.11843,1.11943,1.1194199999999999,TARGET,0.0004,1.474999999999671,1.349999999999671,0.5899999999998684
N4_MICRO_BREAKOUT,NEUTRAL,LONG,2020-01-03 00:50:00+00:00,2020-01-03 00:55:00+00:00,2020-01-03 00:55:00+00:00,2020-01-03 03:05:00+00:00,1.11752,1.1171200000000001,1.11812,1.11711,STOP,0.0004,-1.0250000000000536,-1.1500000000000536,-0.41000000000002146
N4_MICRO_BREAKOUT,NEUTRAL,LONG,2020-01-03 13:10:00+00:00,2020-01-03 13:15:00+00:00,2020-01-03 13:15:00+00:00,2020-01-03 13:45:00+00:00,1.11473,1.11433,1.11533,1.11432,STOP,0.0004,-1.0250000000000536,-1.1500000000000536,-0.41000000000002146
N1_ROLLING_SWEEP_FADE,NEUTRAL,LONG,2020-01-03 14:00:00+00:00,2020-01-03 14:05:00+00:00,2020-01-03 14:05:00+00:00,2020-01-03 14:20:00+00:00,1.11395,1.11355,1.11455,1.1145399999999999,TARGET,0.0004,1.474999999999671,1.349999999999671,0.5899999999998684
N4_MICRO_BREAKOUT,NEUTRAL,LONG,2020-01-03 14:30:00+00:00,2020-01-03 14:35:00+00:00,2020-01-03 14:35:00+00:00,2020-01-03 15:00:00+00:00,1.1150600000000002,1.1146600000000002,1.11566,1.11565,TARGET,0.0004,1.474999999999671,1.349999999999671,0.5899999999998684
N1_ROLLING_SWEEP_FADE,NEUTRAL,SHORT,2020-01-05 23:30:00+00:00,2020-01-05 23:35:00+00:00,2020-01-05 23:35:00+00:00,2020-01-06 03:15:00+00:00,1.11662,1.11702,1.11602,1.11703,STOP,0.0004,-1.0250000000000536,-1.1500000000000536,-0.41000000000002146
N3_ANCHOR_REVERSION,NEUTRAL,SHORT,2020-01-06 03:35:00+00:00,2020-01-06 03:40:00+00:00,2020-01-06 03:40:00+00:00,2020-01-06 05:50:00+00:00,1.11677,1.11717,1.11617,1.1161800000000002,TARGET,0.0004,1.474999999999671,1.349999999999671,0.5899999999998684
N1_ROLLING_SWEEP_FADE,NEUTRAL,LONG,2020-01-06 05:50:00+00:00,2020-01-06 05:55:00+00:00,2020-01-06 05:55:00+00:00,2020-01-06 06:10:00+00:00,1.11626,1.11586,1.11686,1.11585,STOP,0.0004,-1.0250000000000536,-1.1500000000000536,-0.41000000000002146
N4_MICRO_BREAKOUT,NEUTRAL,SHORT,2020-01-06 06:10:00+00:00,2020-01-06 06:15:00+00:00,2020-01-06 06:15:00+00:00,2020-01-06 06:50:00+00:00,1.11581,1.11621,1.11521,1.11622,STOP,0.0004,-1.0250000000000536,-1.1500000000000536,-0.41000000000002146
N1_ROLLING_SWEEP_FADE,NEUTRAL,SHORT,2020-01-06 11:15:00+00:00,2020-01-06 11:20:00+00:00,2020-01-06 11:20:00+00:00,2020-01-06 11:25:00+00:00,1.11991,1.12031,1.11931,1.12032,STOP,0.0004,-1.0250000000000536,-1.1500000000000536,-0.41000000000002146
N3_ANCHOR_REVERSION,NEUTRAL,LONG,2020-01-07 19:15:00+00:00,2020-01-07 19:20:00+00:00,2020-01-07 19:20:00+00:00,2020-01-07 21:55:00+00:00,1.1144200000000002,1.1140200000000002,1.1150200000000001,1.11501,TARGET,0.0004,1.474999999999671,1.349999999999671,0.5899999999998684
N4_MICRO_BREAKOUT,NEUTRAL,LONG,2020-01-07 21:55:00+00:00,2020-01-07 22:00:00+00:00,2020-01-07 22:00:00+00:00,2020-01-07 22:00:00+00:00,1.11544,1.11504,1.11604,1.11503,STOP,0.0004,-1.0250000000000536,-1.1500000000000536,-0.41000000000002146
N3_ANCHOR_REVERSION,NEUTRAL,SHORT,2020-01-07 22:05:00+00:00,2020-01-07 22:10:00+00:00,2020-01-07 22:10:00+00:00,2020-01-07 22:15:00+00:00,1.11483,1.11523,1.11423,1.11524,STOP,0.0004,-1.0250000000000536,-1.1500000000000536,-0.41000000000002146
N3_ANCHOR_REVERSION,NEUTRAL,SHORT,2020-01-07 22:15:00+00:00,2020-01-07 22:20:00+00:00,2020-01-07 22:20:00+00:00,2020-01-07 23:20:00+00:00,1.1148399999999998,1.1152399999999998,1.11424,1.1152499999999999,STOP,0.0004,-1.0250000000000536,-1.1500000000000536,-0.41000000000002146
N1_ROLLING_SWEEP_FADE,NEUTRAL,SHORT,2020-01-08 00:00:00+00:00,2020-01-08 00:05:00+00:00,2020-01-08 00:05:00+00:00,2020-01-08 00:05:00+00:00,1.11533,1.1157299999999999,1.11473,1.11574,STOP,0.0004,-1.0250000000000536,-1.1500000000000536,-0.41000000000002146
N4_MICRO_BREAKOUT,NEUTRAL,LONG,2020-01-08 00:10:00+00:00,2020-01-08 00:15:00+00:00,2020-01-08 00:15:00+00:00,2020-01-08 00:15:00+00:00,1.11678,1.1163800000000001,1.11738,1.11637,STOP,0.0004,-1.0250000000000536,-1.1500000000000536,-0.41000000000002146
N3_ANCHOR_REVERSION,NEUTRAL,SHORT,2020-01-08 00:15:00+00:00,2020-01-08 00:20:00+00:00,2020-01-08 00:20:00+00:00,2020-01-08 00:30:00+00:00,1.11618,1.11658,1.11558,1.11659,STOP,0.0004,-1.0250000000000536,-1.1500000000000536,-0.41000000000002146
N3_ANCHOR_REVERSION,NEUTRAL,SHORT,2020-01-08 00:35:00+00:00,2020-01-08 00:40:00+00:00,2020-01-08 00:40:00+00:00,2020-01-08 01:45:00+00:00,1.1162299999999998,1.1166299999999998,1.11563,1.11564,TARGET,0.0004,1.474999999999671,1.349999999999671,0.5899999999998684
N3_ANCHOR_REVERSION,NEUTRAL,LONG,2020-01-12 22:55:00+00:00,2020-01-12 23:00:00+00:00,2020-01-12 23:00:00+00:00,2020-01-13 02:50:00+00:00,1.11178,1.11138,1.11238,1.1123699999999999,TARGET,0.0004,1.474999999999671,1.349999999999671,0.5899999999998684
N4_MICRO_BREAKOUT,NEUTRAL,LONG,2020-01-13 02:50:00+00:00,2020-01-13 02:55:00+00:00,2020-01-13 02:55:00+00:00,2020-01-13 05:45:00+00:00,1.1125200000000002,1.1121200000000002,1.11312,1.11311,TARGET,0.0004,1.474999999999671,1.349999999999671,0.5899999999998684
N3_ANCHOR_REVERSION,NEUTRAL,SHORT,2020-01-13 05:55:00+00:00,2020-01-13 06:00:00+00:00,2020-01-13 06:00:00+00:00,2020-01-13 07:55:00+00:00,1.1129499999999999,1.1133499999999998,1.11235,1.11236,TARGET,0.0004,1.474999999999671,1.349999999999671,0.5899999999998684
N1_ROLLING_SWEEP_FADE,NEUTRAL,SHORT,2020-01-13 17:55:00+00:00,2020-01-13 18:00:00+00:00,2020-01-13 18:00:00+00:00,2020-01-13 18:15:00+00:00,1.1139599999999998,1.1143599999999998,1.11336,1.1143699999999999,STOP,0.0004,-1.0250000000000536,-1.1500000000000536,-0.41000000000002146
N1_ROLLING_SWEEP_FADE,NEUTRAL,SHORT,2020-01-13 22:10:00+00:00,2020-01-13 22:15:00+00:00,2020-01-13 22:15:00+00:00,2020-01-14 00:25:00+00:00,1.1136199999999998,1.1140199999999998,1.11302,1.1140299999999999,STOP,0.0004,-1.0250000000000536,-1.1500000000000536,-0.41000000000002146
N4_MICRO_BREAKOUT,NEUTRAL,LONG,2020-01-14 00:40:00+00:00,2020-01-14 00:45:00+00:00,2020-01-14 00:45:00+00:00,2020-01-14 00:55:00+00:00,1.11412,1.11372,1.11472,1.11371,STOP,0.0004,-1.0250000000000536,-1.1500000000000536,-0.41000000000002146
N1_ROLLING_SWEEP_FADE,NEUTRAL,LONG,2020-01-14 01:05:00+00:00,2020-01-14 01:10:00+00:00,2020-01-14 01:10:00+00:00,2020-01-14 01:30:00+00:00,1.11376,1.1133600000000001,1.11436,1.11335,STOP,0.0004,-1.0250000000000536,-1.1500000000000536,-0.41000000000002146
N4_MICRO_BREAKOUT,NEUTRAL,SHORT,2020-01-14 01:35:00+00:00,2020-01-14 01:40:00+00:00,2020-01-14 01:40:00+00:00,2020-01-14 01:50:00+00:00,1.1132799999999998,1.1136799999999998,1.11268,1.1136899999999998,STOP,0.0004,-1.0250000000000536,-1.1500000000000536,-0.41000000000002146
N3_ANCHOR_REVERSION,NEUTRAL,LONG,2020-01-14 14:15:00+00:00,2020-01-14 14:20:00+00:00,2020-01-14 14:20:00+00:00,2020-01-14 14:40:00+00:00,1.1110200000000001,1.1106200000000002,1.11162,1.11161,TARGET,0.0004,1.474999999999671,1.349999999999671,0.5899999999998684
N4_MICRO_BREAKOUT,NEUTRAL,LONG,2020-01-15 00:00:00+00:00,2020-01-15 00:05:00+00:00,2020-01-15 00:05:00+00:00,2020-01-15 06:10:00+00:00,1.1129900000000001,1.1125900000000002,1.11359,1.11358,TARGET,0.0004,1.474999999999671,1.349999999999671,0.5899999999998684
N4_MICRO_BREAKOUT,NEUTRAL,LONG,2020-01-15 06:10:00+00:00,2020-01-15 06:15:00+00:00,2020-01-15 06:15:00+00:00,2020-01-15 06:35:00+00:00,1.1136700000000002,1.1132700000000002,1.11427,1.1132600000000001,STOP,0.0004,-1.0250000000000536,-1.1500000000000536,-0.41000000000002146
N3_ANCHOR_REVERSION,NEUTRAL,SHORT,2020-01-15 11:55:00+00:00,2020-01-15 12:00:00+00:00,2020-01-15 12:00:00+00:00,2020-01-15 12:00:00+00:00,1.11477,1.11517,1.11417,1.11518,STOP,0.0004,-1.0250000000000536,-1.1500000000000536,-0.41000000000002146
N3_ANCHOR_REVERSION,NEUTRAL,SHORT,2020-01-15 12:05:00+00:00,2020-01-15 12:10:00+00:00,2020-01-15 12:10:00+00:00,2020-01-15 12:15:00+00:00,1.11483,1.11523,1.11423,1.11524,STOP,0.0004,-1.0250000000000536,-1.1500000000000536,-0.41000000000002146
N4_MICRO_BREAKOUT,NEUTRAL,LONG,2020-01-16 00:00:00+00:00,2020-01-16 00:05:00+00:00,2020-01-16 00:05:00+00:00,2020-01-16 02:30:00+00:00,1.11552,1.1151200000000001,1.11612,1.11511,STOP,0.0004,-1.0250000000000536,-1.1500000000000536,-0.41000000000002146
N3_ANCHOR_REVERSION,NEUTRAL,LONG,2020-01-16 19:30:00+00:00,2020-01-16 19:35:00+00:00,2020-01-16 19:35:00+00:00,2020-01-17 02:10:00+00:00,1.11342,1.1130200000000001,1.11402,1.11401,TARGET,0.0004,1.474999999999671,1.349999999999671,0.5899999999998684
N1_ROLLING_SWEEP_FADE,NEUTRAL,SHORT,2020-01-17 02:30:00+00:00,2020-01-17 02:35:00+00:00,2020-01-17 02:35:00+00:00,2020-01-17 03:20:00+00:00,1.11416,1.11456,1.11356,1.1135700000000002,TARGET,0.0004,1.474999999999671,1.349999999999671,0.5899999999998684
N1_ROLLING_SWEEP_FADE,NEUTRAL,LONG,2020-01-17 03:25:00+00:00,2020-01-17 03:30:00+00:00,2020-01-17 03:30:00+00:00,2020-01-17 06:55:00+00:00,1.1134300000000001,1.1130300000000002,1.11403,1.11402,TARGET,0.0004,1.474999999999671,1.349999999999671,0.5899999999998684
N1_ROLLING_SWEEP_FADE,NEUTRAL,SHORT,2020-01-21 03:55:00+00:00,2020-01-21 04:00:00+00:00,2020-01-21 04:00:00+00:00,2020-01-21 08:10:00+00:00,1.10972,1.11012,1.10912,1.1091300000000002,TARGET,0.0004,1.474999999999671,1.349999999999671,0.5899999999998684
N2_ASIA_RANGE_FADE,NEUTRAL,LONG,2020-01-21 08:15:00+00:00,2020-01-21 08:20:00+00:00,2020-01-21 08:20:00+00:00,2020-01-21 09:20:00+00:00,1.10901,1.10861,1.10961,1.1086,STOP,0.0004,-1.0250000000000536,-1.1500000000000536,-0.41000000000002146
N3_ANCHOR_REVERSION,NEUTRAL,LONG,2020-01-21 09:30:00+00:00,2020-01-21 09:35:00+00:00,2020-01-21 09:35:00+00:00,2020-01-21 10:00:00+00:00,1.1088900000000002,1.1084900000000002,1.10949,1.10948,TARGET,0.0004,1.474999999999671,1.349999999999671,0.5899999999998684
N4_MICRO_BREAKOUT,NEUTRAL,LONG,2020-01-21 10:20:00+00:00,2020-01-21 10:25:00+00:00,2020-01-21 10:25:00+00:00,2020-01-21 10:30:00+00:00,1.1102400000000001,1.1098400000000002,1.11084,1.11083,TARGET,0.0004,1.474999999999671,1.349999999999671,0.5899999999998684
N4_MICRO_BREAKOUT,NEUTRAL,SHORT,2020-01-22 00:40:00+00:00,2020-01-22 00:45:00+00:00,2020-01-22 00:45:00+00:00,2020-01-22 06:00:00+00:00,1.10825,1.10865,1.10765,1.10866,STOP,0.0004,-1.0250000000000536,-1.1500000000000536,-0.41000000000002146
N4_MICRO_BREAKOUT,NEUTRAL,LONG,2020-01-22 06:00:00+00:00,2020-01-22 06:05:00+00:00,2020-01-22 06:05:00+00:00,2020-01-22 06:25:00+00:00,1.10868,1.1082800000000002,1.10928,1.10827,STOP,0.0004,-1.0250000000000536,-1.1500000000000536,-0.41000000000002146
N1_ROLLING_SWEEP_FADE,NEUTRAL,LONG,2020-01-22 06:45:00+00:00,2020-01-22 06:50:00+00:00,2020-01-22 06:50:00+00:00,2020-01-22 07:05:00+00:00,1.10827,1.1078700000000001,1.10887,1.10786,STOP,0.0004,-1.0250000000000536,-1.1500000000000536,-0.41000000000002146
N1_ROLLING_SWEEP_FADE,NEUTRAL,SHORT,2020-01-22 19:00:00+00:00,2020-01-22 19:05:00+00:00,2020-01-22 19:05:00+00:00,2020-01-22 19:25:00+00:00,1.1086799999999999,1.1090799999999998,1.10808,1.10909,STOP,0.0004,-1.0250000000000536,-1.1500000000000536,-0.41000000000002146
N4_MICRO_BREAKOUT,NEUTRAL,SHORT,2020-01-23 06:35:00+00:00,2020-01-23 06:40:00+00:00,2020-01-23 06:40:00+00:00,2020-01-23 06:55:00+00:00,1.10809,1.10849,1.10749,1.1085,STOP,0.0004,-1.0250000000000536,-1.1500000000000536,-0.41000000000002146
N1_ROLLING_SWEEP_FADE,NEUTRAL,SHORT,2020-01-23 18:00:00+00:00,2020-01-23 18:05:00+00:00,2020-01-23 18:05:00+00:00,2020-01-23 18:10:00+00:00,1.10487,1.10527,1.10427,1.10528,STOP,0.0004,-1.0250000000000536,-1.1500000000000536,-0.41000000000002146
N3_ANCHOR_REVERSION,NEUTRAL,SHORT,2020-01-23 20:30:00+00:00,2020-01-23 20:35:00+00:00,2020-01-23 20:35:00+00:00,2020-01-24 03:25:00+00:00,1.10564,1.10604,1.10504,1.10505,TARGET,0.0004,1.474999999999671,1.349999999999671,0.5899999999998684
N3_ANCHOR_REVERSION,NEUTRAL,LONG,2020-01-24 03:35:00+00:00,2020-01-24 03:40:00+00:00,2020-01-24 03:40:00+00:00,2020-01-24 05:15:00+00:00,1.1052000000000002,1.1048000000000002,1.1058000000000001,1.1047900000000002,STOP,0.0004,-1.0250000000000536,-1.1500000000000536,-0.41000000000002146
N3_ANCHOR_REVERSION,NEUTRAL,LONG,2020-01-24 05:25:00+00:00,2020-01-24 05:30:00+00:00,2020-01-24 05:30:00+00:00,2020-01-24 06:20:00+00:00,1.1049900000000001,1.1045900000000002,1.10559,1.1045800000000001,STOP,0.0004,-1.0250000000000536,-1.1500000000000536,-0.41000000000002146
N2_ASIA_RANGE_FADE,NEUTRAL,LONG,2020-01-24 06:30:00+00:00,2020-01-24 06:35:00+00:00,2020-01-24 06:35:00+00:00,2020-01-24 07:25:00+00:00,1.1048900000000001,1.1044900000000002,1.10549,1.1044800000000001,STOP,0.0004,-1.0250000000000536,-1.1500000000000536,-0.41000000000002146
N3_ANCHOR_REVERSION,NEUTRAL,LONG,2020-01-24 15:20:00+00:00,2020-01-24 15:25:00+00:00,2020-01-24 15:25:00+00:00,2020-01-24 15:30:00+00:00,1.10305,1.1026500000000001,1.10365,1.10264,STOP,0.0004,-1.0250000000000536,-1.1500000000000536,-0.41000000000002146
N4_MICRO_BREAKOUT,NEUTRAL,SHORT,2020-01-24 21:55:00+00:00,2020-01-24 22:00:00+00:00,2020-01-26 22:00:00+00:00,2020-01-26 22:50:00+00:00,1.10317,1.10357,1.10257,1.1025800000000001,TARGET,0.0004,1.474999999999671,1.349999999999671,0.5899999999998684
N4_MICRO_BREAKOUT,NEUTRAL,LONG,2020-01-26 23:15:00+00:00,2020-01-26 23:20:00+00:00,2020-01-26 23:20:00+00:00,2020-01-26 23:40:00+00:00,1.10332,1.1029200000000001,1.10392,1.10291,STOP,0.0004,-1.0250000000000536,-1.1500000000000536,-0.41000000000002146
N1_ROLLING_SWEEP_FADE,NEUTRAL,LONG,2020-01-28 15:05:00+00:00,2020-01-28 15:10:00+00:00,2020-01-28 15:10:00+00:00,2020-01-28 15:20:00+00:00,1.10041,1.1000100000000002,1.10101,1.1,STOP,0.0004,-1.0250000000000536,-1.1500000000000536,-0.41000000000002146
N1_ROLLING_SWEEP_FADE,NEUTRAL,SHORT,2020-01-28 18:45:00+00:00,2020-01-28 18:50:00+00:00,2020-01-28 18:50:00+00:00,2020-01-28 19:45:00+00:00,1.10127,1.10167,1.10067,1.10168,STOP,0.0004,-1.0250000000000536,-1.1500000000000536,-0.41000000000002146
N1_ROLLING_SWEEP_FADE,NEUTRAL,SHORT,2020-01-28 20:15:00+00:00,2020-01-28 20:20:00+00:00,2020-01-28 20:20:00+00:00,2020-01-28 20:55:00+00:00,1.10177,1.1021699999999999,1.10117,1.10218,STOP,0.0004,-1.0250000000000536,-1.1500000000000536,-0.41000000000002146
N4_MICRO_BREAKOUT,NEUTRAL,LONG,2020-01-28 20:55:00+00:00,2020-01-28 21:00:00+00:00,2020-01-28 21:00:00+00:00,2020-01-29 01:30:00+00:00,1.10226,1.10186,1.10286,1.10185,STOP,0.0004,-1.0250000000000536,-1.1500000000000536,-0.41000000000002146
N4_MICRO_BREAKOUT,NEUTRAL,SHORT,2020-01-29 01:50:00+00:00,2020-01-29 01:55:00+00:00,2020-01-29 01:55:00+00:00,2020-01-29 07:05:00+00:00,1.10162,1.10202,1.10102,1.1010300000000002,TARGET,0.0004,1.474999999999671,1.349999999999671,0.5899999999998684
N4_MICRO_BREAKOUT,NEUTRAL,SHORT,2020-01-29 07:15:00+00:00,2020-01-29 07:20:00+00:00,2020-01-29 07:20:00+00:00,2020-01-29 08:55:00+00:00,1.10063,1.10103,1.10003,1.1000400000000001,TARGET,0.0004,1.474999999999671,1.349999999999671,0.5899999999998684
N1_ROLLING_SWEEP_FADE,NEUTRAL,LONG,2020-01-29 08:55:00+00:00,2020-01-29 09:00:00+00:00,2020-01-29 09:00:00+00:00,2020-01-29 09:00:00+00:00,1.1003,1.0999,1.1009,1.09989,STOP,0.0004,-1.0250000000000536,-1.1500000000000536,-0.41000000000002146
N4_MICRO_BREAKOUT,NEUTRAL,SHORT,2020-01-29 09:00:00+00:00,2020-01-29 09:05:00+00:00,2020-01-29 09:05:00+00:00,2020-01-29 09:10:00+00:00,1.0996599999999999,1.1000599999999998,1.09906,1.1000699999999999,STOP,0.0004,-1.0250000000000536,-1.1500000000000536,-0.41000000000002146
N4_MICRO_BREAKOUT,NEUTRAL,LONG,2020-01-30 19:20:00+00:00,2020-01-30 19:25:00+00:00,2020-01-30 19:25:00+00:00,2020-01-30 19:25:00+00:00,1.1038400000000002,1.1034400000000002,1.10444,1.1034300000000001,STOP,0.0004,-1.0250000000000536,-1.1500000000000536,-0.41000000000002146
N1_ROLLING_SWEEP_FADE,NEUTRAL,SHORT,2020-01-30 19:25:00+00:00,2020-01-30 19:30:00+00:00,2020-01-30 19:30:00+00:00,2020-01-30 19:40:00+00:00,1.10344,1.10384,1.10284,1.10385,STOP,0.0004,-1.0250000000000536,-1.1500000000000536,-0.41000000000002146
N3_ANCHOR_REVERSION,NEUTRAL,SHORT,2020-01-31 13:05:00+00:00,2020-01-31 13:10:00+00:00,2020-01-31 13:10:00+00:00,2020-01-31 13:10:00+00:00,1.10479,1.10519,1.10419,1.1052,STOP,0.0004,-1.0250000000000536,-1.1500000000000536,-0.41000000000002146
N3_ANCHOR_REVERSION,NEUTRAL,SHORT,2020-01-31 13:15:00+00:00,2020-01-31 13:20:00+00:00,2020-01-31 13:20:00+00:00,2020-01-31 13:45:00+00:00,1.10514,1.10554,1.10454,1.10555,STOP,0.0004,-1.0250000000000536,-1.1500000000000536,-0.41000000000002146
N1_ROLLING_SWEEP_FADE,NEUTRAL,SHORT,2020-01-31 14:00:00+00:00,2020-01-31 14:05:00+00:00,2020-01-31 14:05:00+00:00,2020-01-31 14:30:00+00:00,1.1053,1.1057,1.1047,1.10571,STOP,0.0004,-1.0250000000000536,-1.1500000000000536,-0.41000000000002146
N4_MICRO_BREAKOUT,NEUTRAL,LONG,2020-01-31 14:40:00+00:00,2020-01-31 14:45:00+00:00,2020-01-31 14:45:00+00:00,2020-01-31 14:55:00+00:00,1.10633,1.10593,1.10693,1.10592,STOP,0.0004,-1.0250000000000536,-1.1500000000000536,-0.41000000000002146
N1_ROLLING_SWEEP_FADE,NEUTRAL,SHORT,2020-02-04 19:55:00+00:00,2020-02-04 20:00:00+00:00,2020-02-04 20:00:00+00:00,2020-02-04 21:00:00+00:00,1.10418,1.10458,1.10358,1.10459,STOP,0.0004,-1.0250000000000536,-1.1500000000000536,-0.41000000000002146
N3_ANCHOR_REVERSION,NEUTRAL,SHORT,2020-02-04 21:50:00+00:00,2020-02-04 21:55:00+00:00,2020-02-04 21:55:00+00:00,2020-02-05 02:10:00+00:00,1.10446,1.10486,1.10386,1.1038700000000001,TARGET,0.0004,1.474999999999671,1.349999999999671,0.5899999999998684
N4_MICRO_BREAKOUT,NEUTRAL,SHORT,2020-02-07 17:55:00+00:00,2020-02-07 18:00:00+00:00,2020-02-07 18:00:00+00:00,2020-02-07 18:00:00+00:00,1.09425,1.09465,1.09365,1.09466,STOP,0.0004,-1.0250000000000536,-1.1500000000000536,-0.41000000000002146
N3_ANCHOR_REVERSION,NEUTRAL,LONG,2020-02-07 19:45:00+00:00,2020-02-07 19:50:00+00:00,2020-02-07 19:50:00+00:00,2020-02-07 21:45:00+00:00,1.09473,1.09433,1.09533,1.09432,STOP,0.0004,-1.0250000000000536,-1.1500000000000536,-0.41000000000002146
N4_MICRO_BREAKOUT,NEUTRAL,SHORT,2020-02-07 21:45:00+00:00,2020-02-07 21:50:00+00:00,2020-02-07 21:50:00+00:00,2020-02-07 21:55:00+00:00,1.09432,1.09472,1.09372,1.09473,STOP,0.0004,-1.0250000000000536,-1.1500000000000536,-0.41000000000002146
N1_ROLLING_SWEEP_FADE,NEUTRAL,SHORT,2020-02-09 23:00:00+00:00,2020-02-09 23:05:00+00:00,2020-02-09 23:05:00+00:00,2020-02-09 23:30:00+00:00,1.09433,1.09473,1.09373,1.09474,STOP,0.0004,-1.0250000000000536,-1.1500000000000536,-0.41000000000002146
N1_ROLLING_SWEEP_FADE,NEUTRAL,SHORT,2020-02-09 23:35:00+00:00,2020-02-09 23:40:00+00:00,2020-02-09 23:40:00+00:00,2020-02-09 23:55:00+00:00,1.09473,1.09513,1.09413,1.09514,STOP,0.0004,-1.0250000000000536,-1.1500000000000536,-0.41000000000002146
N1_ROLLING_SWEEP_FADE,NEUTRAL,SHORT,2020-02-09 23:55:00+00:00,2020-02-10 00:00:00+00:00,2020-02-10 00:00:00+00:00,2020-02-10 00:50:00+00:00,1.0949,1.0953,1.0943,1.09531,STOP,0.0004,-1.0250000000000536,-1.1500000000000536,-0.41000000000002146
N3_ANCHOR_REVERSION,NEUTRAL,SHORT,2020-02-10 01:20:00+00:00,2020-02-10 01:25:00+00:00,2020-02-10 01:25:00+00:00,2020-02-10 04:40:00+00:00,1.0951499999999998,1.0955499999999998,1.09455,1.0955599999999999,STOP,0.0004,-1.0250000000000536,-1.1500000000000536,-0.41000000000002146
N4_MICRO_BREAKOUT,NEUTRAL,LONG,2020-02-10 04:55:00+00:00,2020-02-10 05:00:00+00:00,2020-02-10 05:00:00+00:00,2020-02-10 06:15:00+00:00,1.09576,1.0953600000000001,1.09636,1.09535,STOP,0.0004,-1.0250000000000536,-1.1500000000000536,-0.41000000000002146
N1_ROLLING_SWEEP_FADE,NEUTRAL,LONG,2020-02-10 06:15:00+00:00,2020-02-10 06:20:00+00:00,2020-02-10 06:20:00+00:00,2020-02-10 07:00:00+00:00,1.0955000000000001,1.0951000000000002,1.0961,1.0950900000000001,STOP,0.0004,-1.0250000000000536,-1.1500000000000536,-0.41000000000002146
N3_ANCHOR_REVERSION,NEUTRAL,LONG,2020-02-11 00:20:00+00:00,2020-02-11 00:25:00+00:00,2020-02-11 00:25:00+00:00,2020-02-11 02:40:00+00:00,1.09098,1.09058,1.09158,1.09157,TARGET,0.0004,1.474999999999671,1.349999999999671,0.5899999999998684
N1_ROLLING_SWEEP_FADE,NEUTRAL,SHORT,2020-02-11 02:40:00+00:00,2020-02-11 02:45:00+00:00,2020-02-11 02:45:00+00:00,2020-02-11 07:00:00+00:00,1.09144,1.09184,1.09084,1.09085,TARGET,0.0004,1.474999999999671,1.349999999999671,0.5899999999998684
N4_MICRO_BREAKOUT,NEUTRAL,LONG,2020-02-11 19:25:00+00:00,2020-02-11 19:30:00+00:00,2020-02-11 19:30:00+00:00,2020-02-11 19:35:00+00:00,1.0923500000000002,1.0919500000000002,1.09295,1.0919400000000001,STOP,0.0004,-1.0250000000000536,-1.1500000000000536,-0.41000000000002146
N4_MICRO_BREAKOUT,NEUTRAL,SHORT,2020-02-11 21:55:00+00:00,2020-02-11 22:00:00+00:00,2020-02-11 22:05:00+00:00,2020-02-11 22:05:00+00:00,1.09138,1.09178,1.09078,1.0918400000000001,STOP,0.0004,-1.1500000000003174,-1.2750000000003174,-0.460000000000127
N1_ROLLING_SWEEP_FADE,NEUTRAL,SHORT,2020-02-12 00:00:00+00:00,2020-02-12 00:05:00+00:00,2020-02-12 00:05:00+00:00,2020-02-12 01:45:00+00:00,1.09154,1.09194,1.09094,1.09195,STOP,0.0004,-1.0250000000000536,-1.1500000000000536,-0.41000000000002146
N3_ANCHOR_REVERSION,NEUTRAL,LONG,2020-02-12 04:50:00+00:00,2020-02-12 04:55:00+00:00,2020-02-12 04:55:00+00:00,2020-02-12 06:00:00+00:00,1.0913300000000001,1.0909300000000002,1.09193,1.0909200000000001,STOP,0.0004,-1.0250000000000536,-1.1500000000000536,-0.41000000000002146
N3_ANCHOR_REVERSION,NEUTRAL,LONG,2020-02-13 14:55:00+00:00,2020-02-13 15:00:00+00:00,2020-02-13 15:00:00+00:00,2020-02-13 15:05:00+00:00,1.0856100000000002,1.0852100000000002,1.0862100000000001,1.0852000000000002,STOP,0.0004,-1.0250000000000536,-1.1500000000000536,-0.41000000000002146
N4_MICRO_BREAKOUT,NEUTRAL,SHORT,2020-02-13 15:05:00+00:00,2020-02-13 15:10:00+00:00,2020-02-13 15:10:00+00:00,2020-02-13 15:20:00+00:00,1.08456,1.08496,1.08396,1.08397,TARGET,0.0004,1.474999999999671,1.349999999999671,0.5899999999998684
N3_ANCHOR_REVERSION,NEUTRAL,LONG,2020-02-13 15:25:00+00:00,2020-02-13 15:30:00+00:00,2020-02-13 15:30:00+00:00,2020-02-13 15:35:00+00:00,1.08386,1.08346,1.08446,1.08445,TARGET,0.0004,1.474999999999671,1.349999999999671,0.5899999999998684
N1_ROLLING_SWEEP_FADE,NEUTRAL,SHORT,2020-02-13 19:55:00+00:00,2020-02-13 20:00:00+00:00,2020-02-13 20:00:00+00:00,2020-02-14 00:05:00+00:00,1.08432,1.08472,1.08372,1.08373,TARGET,0.0004,1.474999999999671,1.349999999999671,0.5899999999998684
N3_ANCHOR_REVERSION,NEUTRAL,LONG,2020-02-18 02:30:00+00:00,2020-02-18 02:35:00+00:00,2020-02-18 02:35:00+00:00,2020-02-18 03:10:00+00:00,1.08258,1.0821800000000001,1.08318,1.08317,TARGET,0.0004,1.474999999999671,1.349999999999671,0.5899999999998684
N3_ANCHOR_REVERSION,NEUTRAL,SHORT,2020-02-18 03:40:00+00:00,2020-02-18 03:45:00+00:00,2020-02-18 03:45:00+00:00,2020-02-18 06:05:00+00:00,1.0831899999999999,1.0835899999999998,1.08259,1.0836,STOP,0.0004,-1.0250000000000536,-1.1500000000000536,-0.41000000000002146
N3_ANCHOR_REVERSION,NEUTRAL,LONG,2020-02-18 19:45:00+00:00,2020-02-18 19:50:00+00:00,2020-02-18 19:50:00+00:00,2020-02-18 20:25:00+00:00,1.07953,1.0791300000000001,1.08013,1.07912,STOP,0.0004,-1.0250000000000536,-1.1500000000000536,-0.41000000000002146
N3_ANCHOR_REVERSION,NEUTRAL,LONG,2020-02-18 20:55:00+00:00,2020-02-18 21:00:00+00:00,2020-02-18 21:00:00+00:00,2020-02-18 21:25:00+00:00,1.07965,1.07925,1.08025,1.07924,STOP,0.0004,-1.0250000000000536,-1.1500000000000536,-0.41000000000002146
N4_MICRO_BREAKOUT,NEUTRAL,LONG,2020-02-19 00:50:00+00:00,2020-02-19 00:55:00+00:00,2020-02-19 00:55:00+00:00,2020-02-19 04:50:00+00:00,1.0799800000000002,1.0795800000000002,1.08058,1.0795700000000001,STOP,0.0004,-1.0250000000000536,-1.1500000000000536,-0.41000000000002146
N3_ANCHOR_REVERSION,NEUTRAL,LONG,2020-02-19 04:55:00+00:00,2020-02-19 05:00:00+00:00,2020-02-19 05:00:00+00:00,2020-02-19 06:00:00+00:00,1.0798,1.0794000000000001,1.0804,1.07939,STOP,0.0004,-1.0250000000000536,-1.1500000000000536,-0.41000000000002146
N4_MICRO_BREAKOUT,NEUTRAL,SHORT,2020-02-19 06:00:00+00:00,2020-02-19 06:05:00+00:00,2020-02-19 06:05:00+00:00,2020-02-19 06:40:00+00:00,1.0793199999999998,1.0797199999999998,1.07872,1.0797299999999999,STOP,0.0004,-1.0250000000000536,-1.1500000000000536,-0.41000000000002146
N4_MICRO_BREAKOUT,NEUTRAL,LONG,2020-02-19 07:20:00+00:00,2020-02-19 07:25:00+00:00,2020-02-19 07:25:00+00:00,2020-02-19 08:05:00+00:00,1.08012,1.07972,1.08072,1.07971,STOP,0.0004,-1.0250000000000536,-1.1500000000000536,-0.41000000000002146
N1_ROLLING_SWEEP_FADE,NEUTRAL,LONG,2020-02-20 01:55:00+00:00,2020-02-20 02:00:00+00:00,2020-02-20 02:00:00+00:00,2020-02-20 02:30:00+00:00,1.08009,1.07969,1.08069,1.07968,STOP,0.0004,-1.0250000000000536,-1.1500000000000536,-0.41000000000002146
N1_ROLLING_SWEEP_FADE,NEUTRAL,LONG,2020-02-20 03:00:00+00:00,2020-02-20 03:05:00+00:00,2020-02-20 03:05:00+00:00,2020-02-20 06:30:00+00:00,1.07963,1.0792300000000001,1.08023,1.07922,STOP,0.0004,-1.0250000000000536,-1.1500000000000536,-0.41000000000002146
N4_MICRO_BREAKOUT,NEUTRAL,LONG,2020-02-20 09:20:00+00:00,2020-02-20 09:25:00+00:00,2020-02-20 09:25:00+00:00,2020-02-20 09:50:00+00:00,1.0805200000000001,1.0801200000000002,1.08112,1.0801100000000001,STOP,0.0004,-1.0250000000000536,-1.1500000000000536,-0.41000000000002146
N3_ANCHOR_REVERSION,NEUTRAL,SHORT,2020-02-20 09:50:00+00:00,2020-02-20 09:55:00+00:00,2020-02-20 09:55:00+00:00,2020-02-20 10:05:00+00:00,1.08004,1.0804399999999998,1.07944,1.07945,TARGET,0.0004,1.474999999999671,1.349999999999671,0.5899999999998684
N1_ROLLING_SWEEP_FADE,NEUTRAL,LONG,2020-02-21 02:30:00+00:00,2020-02-21 02:35:00+00:00,2020-02-21 02:35:00+00:00,2020-02-21 07:20:00+00:00,1.07901,1.07861,1.07961,1.0796,TARGET,0.0004,1.474999999999671,1.349999999999671,0.5899999999998684
N3_ANCHOR_REVERSION,NEUTRAL,SHORT,2020-02-21 18:00:00+00:00,2020-02-21 18:05:00+00:00,2020-02-21 18:05:00+00:00,2020-02-21 18:10:00+00:00,1.0855599999999999,1.0859599999999998,1.08496,1.0859699999999999,STOP,0.0004,-1.0250000000000536,-1.1500000000000536,-0.41000000000002146
N3_ANCHOR_REVERSION,NEUTRAL,SHORT,2020-02-21 19:00:00+00:00,2020-02-21 19:05:00+00:00,2020-02-21 19:05:00+00:00,2020-02-21 19:25:00+00:00,1.08541,1.08581,1.08481,1.08582,STOP,0.0004,-1.0250000000000536,-1.1500000000000536,-0.41000000000002146
N3_ANCHOR_REVERSION,NEUTRAL,SHORT,2020-02-21 19:25:00+00:00,2020-02-21 19:30:00+00:00,2020-02-21 19:30:00+00:00,2020-02-21 20:45:00+00:00,1.0856,1.0859999999999999,1.085,1.08501,TARGET,0.0004,1.474999999999671,1.349999999999671,0.5899999999998684
N1_ROLLING_SWEEP_FADE,NEUTRAL,SHORT,2020-02-21 21:55:00+00:00,2020-02-21 22:00:00+00:00,2020-02-23 22:00:00+00:00,2020-02-23 22:00:00+00:00,1.08144,1.08184,1.08084,1.08185,STOP,0.0004,-1.0250000000000536,-1.1500000000000536,-0.41000000000002146
N3_ANCHOR_REVERSION,NEUTRAL,LONG,2020-02-23 22:00:00+00:00,2020-02-23 22:05:00+00:00,2020-02-23 22:05:00+00:00,2020-02-23 22:30:00+00:00,1.0826200000000001,1.0822200000000002,1.08322,1.08321,TARGET,0.0004,1.474999999999671,1.349999999999671,0.5899999999998684
N3_ANCHOR_REVERSION,NEUTRAL,LONG,2020-02-23 22:35:00+00:00,2020-02-23 22:40:00+00:00,2020-02-23 22:40:00+00:00,2020-02-23 22:45:00+00:00,1.0833300000000001,1.0829300000000002,1.08393,1.08292,STOP,0.0004,-1.0250000000000536,-1.1500000000000536,-0.41000000000002146
N3_ANCHOR_REVERSION,NEUTRAL,LONG,2020-02-23 22:55:00+00:00,2020-02-23 23:00:00+00:00,2020-02-23 23:00:00+00:00,2020-02-23 23:00:00+00:00,1.08305,1.0826500000000001,1.08365,1.08364,TARGET,0.0004,1.474999999999671,1.349999999999671,0.5899999999998684
N1_ROLLING_SWEEP_FADE,NEUTRAL,LONG,2020-02-24 00:45:00+00:00,2020-02-24 00:50:00+00:00,2020-02-24 00:50:00+00:00,2020-02-24 01:10:00+00:00,1.0832300000000001,1.0828300000000002,1.08383,1.0828200000000001,STOP,0.0004,-1.0250000000000536,-1.1500000000000536,-0.41000000000002146
N4_MICRO_BREAKOUT,NEUTRAL,SHORT,2020-02-24 01:10:00+00:00,2020-02-24 01:15:00+00:00,2020-02-24 01:15:00+00:00,2020-02-24 02:00:00+00:00,1.08263,1.08303,1.08203,1.08304,STOP,0.0004,-1.0250000000000536,-1.1500000000000536,-0.41000000000002146
N4_MICRO_BREAKOUT,NEUTRAL,SHORT,2020-02-24 02:55:00+00:00,2020-02-24 03:00:00+00:00,2020-02-24 03:00:00+00:00,2020-02-24 05:55:00+00:00,1.0822699999999998,1.0826699999999998,1.08167,1.08168,TARGET,0.0004,1.474999999999671,1.349999999999671,0.5899999999998684
N4_MICRO_BREAKOUT,NEUTRAL,SHORT,2020-02-24 05:55:00+00:00,2020-02-24 06:00:00+00:00,2020-02-24 06:00:00+00:00,2020-02-24 06:00:00+00:00,1.08148,1.08188,1.08088,1.08189,STOP,0.0004,-1.0250000000000536,-1.1500000000000536,-0.41000000000002146
N1_ROLLING_SWEEP_FADE,NEUTRAL,LONG,2020-02-25 00:00:00+00:00,2020-02-25 00:05:00+00:00,2020-02-25 00:05:00+00:00,2020-02-25 01:10:00+00:00,1.08511,1.08471,1.08571,1.0847,STOP,0.0004,-1.0250000000000536,-1.1500000000000536,-0.41000000000002146
N1_ROLLING_SWEEP_FADE,NEUTRAL,SHORT,2020-02-25 01:40:00+00:00,2020-02-25 01:45:00+00:00,2020-02-25 01:45:00+00:00,2020-02-25 02:00:00+00:00,1.0857299999999999,1.0861299999999998,1.08513,1.0861399999999999,STOP,0.0004,-1.0250000000000536,-1.1500000000000536,-0.41000000000002146
N4_MICRO_BREAKOUT,NEUTRAL,SHORT,2020-02-25 05:25:00+00:00,2020-02-25 05:30:00+00:00,2020-02-25 05:30:00+00:00,2020-02-25 07:05:00+00:00,1.08551,1.08591,1.08491,1.08492,TARGET,0.0004,1.474999999999671,1.349999999999671,0.5899999999998684
N3_ANCHOR_REVERSION,NEUTRAL,LONG,2020-03-12 11:00:00+00:00,2020-03-12 11:05:00+00:00,2020-03-12 11:05:00+00:00,2020-03-12 11:05:00+00:00,1.12409,1.12369,1.12469,1.12368,STOP,0.0004,-1.0250000000000536,-1.1500000000000536,-0.41000000000002146
N1_ROLLING_SWEEP_FADE,NEUTRAL,LONG,2020-03-12 11:30:00+00:00,2020-03-12 11:35:00+00:00,2020-03-12 11:35:00+00:00,2020-03-12 11:35:00+00:00,1.1221400000000001,1.1217400000000002,1.12274,1.1217300000000001,STOP,0.0004,-1.0250000000000536,-1.1500000000000536,-0.41000000000002146
N1_ROLLING_SWEEP_FADE,NEUTRAL,LONG,2020-03-12 11:40:00+00:00,2020-03-12 11:45:00+00:00,2020-03-12 11:45:00+00:00,2020-03-12 11:55:00+00:00,1.1222,1.1218000000000001,1.1228,1.12279,TARGET,0.0004,1.474999999999671,1.349999999999671,0.5899999999998684
N1_ROLLING_SWEEP_FADE,NEUTRAL,SHORT,2020-03-12 12:05:00+00:00,2020-03-12 12:10:00+00:00,2020-03-12 12:10:00+00:00,2020-03-12 12:10:00+00:00,1.1246099999999999,1.1250099999999998,1.12401,1.12502,STOP,0.0004,-1.0250000000000536,-1.1500000000000536,-0.41000000000002146
N4_MICRO_BREAKOUT,NEUTRAL,LONG,2020-03-13 02:45:00+00:00,2020-03-13 02:50:00+00:00,2020-03-13 02:50:00+00:00,2020-03-13 02:50:00+00:00,1.1191600000000002,1.1187600000000002,1.11976,1.1187500000000001,STOP,0.0004,-1.0250000000000536,-1.1500000000000536,-0.41000000000002146
N4_MICRO_BREAKOUT,NEUTRAL,LONG,2020-03-13 02:55:00+00:00,2020-03-13 03:00:00+00:00,2020-03-13 03:00:00+00:00,2020-03-13 03:00:00+00:00,1.1207900000000002,1.1203900000000002,1.12139,1.1203800000000002,STOP,0.0004,-1.0250000000000536,-1.1500000000000536,-0.41000000000002146
N1_ROLLING_SWEEP_FADE,NEUTRAL,SHORT,2020-03-13 03:00:00+00:00,2020-03-13 03:05:00+00:00,2020-03-13 03:05:00+00:00,2020-03-13 03:10:00+00:00,1.11981,1.12021,1.11921,1.11922,TARGET,0.0004,1.474999999999671,1.349999999999671,0.5899999999998684
N3_ANCHOR_REVERSION,NEUTRAL,SHORT,2020-03-13 03:25:00+00:00,2020-03-13 03:30:00+00:00,2020-03-13 03:30:00+00:00,2020-03-13 03:35:00+00:00,1.11985,1.12025,1.11925,1.12026,STOP,0.0004,-1.0250000000000536,-1.1500000000000536,-0.41000000000002146
N3_ANCHOR_REVERSION,NEUTRAL,LONG,2020-03-17 11:55:00+00:00,2020-03-17 12:00:00+00:00,2020-03-17 12:00:00+00:00,2020-03-17 12:00:00+00:00,1.10134,1.10094,1.10194,1.10093,STOP,0.0004,-1.0250000000000536,-1.1500000000000536,-0.41000000000002146
N3_ANCHOR_REVERSION,NEUTRAL,LONG,2020-03-17 12:20:00+00:00,2020-03-17 12:25:00+00:00,2020-03-17 12:25:00+00:00,2020-03-17 12:25:00+00:00,1.1005200000000002,1.1001200000000002,1.10112,1.1001100000000001,STOP,0.0004,-1.0250000000000536,-1.1500000000000536,-0.41000000000002146
N3_ANCHOR_REVERSION,NEUTRAL,LONG,2020-03-17 12:45:00+00:00,2020-03-17 12:50:00+00:00,2020-03-17 12:50:00+00:00,2020-03-17 12:50:00+00:00,1.0988200000000001,1.0984200000000002,1.09942,1.09841,STOP,0.0004,-1.0250000000000536,-1.1500000000000536,-0.41000000000002146
N3_ANCHOR_REVERSION,NEUTRAL,LONG,2020-03-17 13:30:00+00:00,2020-03-17 13:35:00+00:00,2020-03-17 13:35:00+00:00,2020-03-17 13:35:00+00:00,1.1007900000000002,1.1003900000000002,1.10139,1.1003800000000001,STOP,0.0004,-1.0250000000000536,-1.1500000000000536,-0.41000000000002146
N4_MICRO_BREAKOUT,NEUTRAL,LONG,2020-03-24 10:55:00+00:00,2020-03-24 11:00:00+00:00,2020-03-24 11:00:00+00:00,2020-03-24 11:00:00+00:00,1.0882200000000002,1.0878200000000002,1.0888200000000001,1.0878100000000002,STOP,0.0004,-1.0250000000000536,-1.1500000000000536,-0.41000000000002146
N2_ASIA_RANGE_FADE,NEUTRAL,SHORT,2020-03-25 10:35:00+00:00,2020-03-25 10:40:00+00:00,2020-03-25 10:40:00+00:00,2020-03-25 10:40:00+00:00,1.08188,1.08228,1.08128,1.08229,STOP,0.0004,-1.0250000000000536,-1.1500000000000536,-0.41000000000002146
N3_ANCHOR_REVERSION,NEUTRAL,SHORT,2020-03-25 19:35:00+00:00,2020-03-25 19:40:00+00:00,2020-03-25 19:40:00+00:00,2020-03-25 19:45:00+00:00,1.08811,1.0885099999999999,1.08751,1.08752,TARGET,0.0004,1.474999999999671,1.349999999999671,0.5899999999998684
N1_ROLLING_SWEEP_FADE,NEUTRAL,LONG,2020-03-25 22:30:00+00:00,2020-03-25 22:35:00+00:00,2020-03-25 22:35:00+00:00,2020-03-25 22:45:00+00:00,1.08776,1.08736,1.08836,1.08835,TARGET,0.0004,1.474999999999671,1.349999999999671,0.5899999999998684
N1_ROLLING_SWEEP_FADE,NEUTRAL,SHORT,2020-03-25 23:50:00+00:00,2020-03-25 23:55:00+00:00,2020-03-25 23:55:00+00:00,2020-03-26 00:05:00+00:00,1.0886399999999998,1.0890399999999998,1.08804,1.08805,TARGET,0.0004,1.474999999999671,1.349999999999671,0.5899999999998684
N4_MICRO_BREAKOUT,NEUTRAL,LONG,2020-03-26 00:30:00+00:00,2020-03-26 00:35:00+00:00,2020-03-26 00:35:00+00:00,2020-03-26 00:35:00+00:00,1.08989,1.08949,1.09049,1.08948,STOP,0.0004,-1.0250000000000536,-1.1500000000000536,-0.41000000000002146
N4_MICRO_BREAKOUT,NEUTRAL,LONG,2020-03-26 00:50:00+00:00,2020-03-26 00:55:00+00:00,2020-03-26 00:55:00+00:00,2020-03-26 00:55:00+00:00,1.09331,1.09291,1.09391,1.0929,STOP,0.0004,-1.0250000000000536,-1.1500000000000536,-0.41000000000002146
N1_ROLLING_SWEEP_FADE,NEUTRAL,SHORT,2020-04-02 19:55:00+00:00,2020-04-02 20:00:00+00:00,2020-04-02 20:00:00+00:00,2020-04-02 20:05:00+00:00,1.08494,1.08534,1.08434,1.08535,STOP,0.0004,-1.0250000000000536,-1.1500000000000536,-0.41000000000002146
N4_MICRO_BREAKOUT,NEUTRAL,SHORT,2020-04-02 23:00:00+00:00,2020-04-02 23:05:00+00:00,2020-04-02 23:05:00+00:00,2020-04-02 23:25:00+00:00,1.08493,1.08533,1.08433,1.08434,TARGET,0.0004,1.474999999999671,1.349999999999671,0.5899999999998684
N4_MICRO_BREAKOUT,NEUTRAL,SHORT,2020-04-02 23:25:00+00:00,2020-04-02 23:30:00+00:00,2020-04-02 23:30:00+00:00,2020-04-02 23:30:00+00:00,1.08422,1.08462,1.08362,1.08463,STOP,0.0004,-1.0250000000000536,-1.1500000000000536,-0.41000000000002146
N3_ANCHOR_REVERSION,NEUTRAL,LONG,2020-04-02 23:30:00+00:00,2020-04-02 23:35:00+00:00,2020-04-02 23:35:00+00:00,2020-04-03 00:00:00+00:00,1.08458,1.0841800000000001,1.08518,1.08417,STOP,0.0004,-1.0250000000000536,-1.1500000000000536,-0.41000000000002146
N4_MICRO_BREAKOUT,NEUTRAL,SHORT,2020-04-03 00:00:00+00:00,2020-04-03 00:05:00+00:00,2020-04-03 00:05:00+00:00,2020-04-03 00:10:00+00:00,1.08396,1.08436,1.08336,1.08437,STOP,0.0004,-1.0250000000000536,-1.1500000000000536,-0.41000000000002146
N3_ANCHOR_REVERSION,NEUTRAL,LONG,2020-04-03 00:20:00+00:00,2020-04-03 00:25:00+00:00,2020-04-03 00:25:00+00:00,2020-04-03 00:25:00+00:00,1.0840800000000002,1.0836800000000002,1.08468,1.0836700000000001,STOP,0.0004,-1.0250000000000536,-1.1500000000000536,-0.41000000000002146
N1_ROLLING_SWEEP_FADE,NEUTRAL,LONG,2020-04-03 00:30:00+00:00,2020-04-03 00:35:00+00:00,2020-04-03 00:35:00+00:00,2020-04-03 00:45:00+00:00,1.08379,1.08339,1.08439,1.08338,STOP,0.0004,-1.0250000000000536,-1.1500000000000536,-0.41000000000002146
N1_ROLLING_SWEEP_FADE,NEUTRAL,LONG,2020-04-03 00:50:00+00:00,2020-04-03 00:55:00+00:00,2020-04-03 00:55:00+00:00,2020-04-03 01:30:00+00:00,1.08407,1.0836700000000001,1.08467,1.08466,TARGET,0.0004,1.474999999999671,1.349999999999671,0.5899999999998684
N1_ROLLING_SWEEP_FADE,NEUTRAL,SHORT,2020-04-07 16:30:00+00:00,2020-04-07 16:35:00+00:00,2020-04-07 16:35:00+00:00,2020-04-07 16:45:00+00:00,1.09015,1.09055,1.08955,1.09056,STOP,0.0004,-1.0250000000000536,-1.1500000000000536,-0.41000000000002146
N1_ROLLING_SWEEP_FADE,NEUTRAL,SHORT,2020-04-07 18:05:00+00:00,2020-04-07 18:10:00+00:00,2020-04-07 18:10:00+00:00,2020-04-07 19:00:00+00:00,1.0906399999999998,1.0910399999999998,1.09004,1.0910499999999999,STOP,0.0004,-1.0250000000000536,-1.1500000000000536,-0.41000000000002146
N2_ASIA_RANGE_FADE,NEUTRAL,LONG,2020-04-08 07:00:00+00:00,2020-04-08 07:05:00+00:00,2020-04-08 07:05:00+00:00,2020-04-08 07:05:00+00:00,1.0864800000000001,1.0860800000000002,1.08708,1.08607,STOP,0.0004,-1.0250000000000536,-1.1500000000000536,-0.41000000000002146
N2_ASIA_RANGE_FADE,NEUTRAL,LONG,2020-04-08 07:10:00+00:00,2020-04-08 07:15:00+00:00,2020-04-08 07:15:00+00:00,2020-04-08 07:15:00+00:00,1.08609,1.08569,1.08669,1.08568,STOP,0.0004,-1.0250000000000536,-1.1500000000000536,-0.41000000000002146
N3_ANCHOR_REVERSION,NEUTRAL,SHORT,2020-04-09 13:00:00+00:00,2020-04-09 13:05:00+00:00,2020-04-09 13:05:00+00:00,2020-04-09 13:05:00+00:00,1.0897299999999999,1.0901299999999998,1.08913,1.0901399999999999,STOP,0.0004,-1.0250000000000536,-1.1500000000000536,-0.41000000000002146
N4_MICRO_BREAKOUT,NEUTRAL,LONG,2020-04-09 13:10:00+00:00,2020-04-09 13:15:00+00:00,2020-04-09 13:15:00+00:00,2020-04-09 13:15:00+00:00,1.09185,1.09145,1.09245,1.09144,STOP,0.0004,-1.0250000000000536,-1.1500000000000536,-0.41000000000002146
N4_MICRO_BREAKOUT,NEUTRAL,LONG,2020-04-09 13:20:00+00:00,2020-04-09 13:25:00+00:00,2020-04-09 13:25:00+00:00,2020-04-09 13:25:00+00:00,1.0935700000000002,1.0931700000000002,1.09417,1.09416,TARGET,0.0004,1.474999999999671,1.349999999999671,0.5899999999998684
N3_ANCHOR_REVERSION,NEUTRAL,SHORT,2020-04-09 13:30:00+00:00,2020-04-09 13:35:00+00:00,2020-04-09 13:35:00+00:00,2020-04-09 13:35:00+00:00,1.0928099999999998,1.0932099999999998,1.09221,1.0932199999999999,STOP,0.0004,-1.0250000000000536,-1.1500000000000536,-0.41000000000002146
N4_MICRO_BREAKOUT,NEUTRAL,SHORT,2020-04-10 00:05:00+00:00,2020-04-10 00:10:00+00:00,2020-04-10 00:10:00+00:00,2020-04-10 00:20:00+00:00,1.0920699999999999,1.0924699999999998,1.09147,1.09248,STOP,0.0004,-1.0250000000000536,-1.1500000000000536,-0.41000000000002146
N3_ANCHOR_REVERSION,NEUTRAL,LONG,2020-04-10 00:25:00+00:00,2020-04-10 00:30:00+00:00,2020-04-10 00:30:00+00:00,2020-04-10 01:55:00+00:00,1.09223,1.09183,1.09283,1.09282,TARGET,0.0004,1.474999999999671,1.349999999999671,0.5899999999998684
N3_ANCHOR_REVERSION,NEUTRAL,SHORT,2020-04-10 03:20:00+00:00,2020-04-10 03:25:00+00:00,2020-04-10 03:25:00+00:00,2020-04-10 03:30:00+00:00,1.09365,1.09405,1.09305,1.09406,STOP,0.0004,-1.0250000000000536,-1.1500000000000536,-0.41000000000002146
N4_MICRO_BREAKOUT,NEUTRAL,LONG,2020-04-10 03:35:00+00:00,2020-04-10 03:40:00+00:00,2020-04-10 03:40:00+00:00,2020-04-10 04:40:00+00:00,1.09407,1.0936700000000001,1.09467,1.09366,STOP,0.0004,-1.0250000000000536,-1.1500000000000536,-0.41000000000002146
N4_MICRO_BREAKOUT,NEUTRAL,SHORT,2020-04-12 22:10:00+00:00,2020-04-12 22:15:00+00:00,2020-04-12 22:15:00+00:00,2020-04-12 22:50:00+00:00,1.0934,1.0937999999999999,1.0928,1.09381,STOP,0.0004,-1.0250000000000536,-1.1500000000000536,-0.41000000000002146
N4_MICRO_BREAKOUT,NEUTRAL,SHORT,2020-04-12 23:45:00+00:00,2020-04-12 23:50:00+00:00,2020-04-12 23:50:00+00:00,2020-04-13 00:10:00+00:00,1.0933,1.0937,1.0927,1.09371,STOP,0.0004,-1.0250000000000536,-1.1500000000000536,-0.41000000000002146
N4_MICRO_BREAKOUT,NEUTRAL,SHORT,2020-04-13 01:00:00+00:00,2020-04-13 01:05:00+00:00,2020-04-13 01:05:00+00:00,2020-04-13 01:05:00+00:00,1.09277,1.09317,1.09217,1.09318,STOP,0.0004,-1.0250000000000536,-1.1500000000000536,-0.41000000000002146
N3_ANCHOR_REVERSION,NEUTRAL,SHORT,2020-04-13 07:05:00+00:00,2020-04-13 07:10:00+00:00,2020-04-13 07:10:00+00:00,2020-04-13 07:10:00+00:00,1.0959699999999999,1.0963699999999998,1.09537,1.09638,STOP,0.0004,-1.0250000000000536,-1.1500000000000536,-0.41000000000002146
N1_ROLLING_SWEEP_FADE,NEUTRAL,SHORT,2020-04-13 07:20:00+00:00,2020-04-13 07:25:00+00:00,2020-04-13 07:25:00+00:00,2020-04-13 07:40:00+00:00,1.09638,1.0967799999999999,1.09578,1.09579,TARGET,0.0004,1.474999999999671,1.349999999999671,0.5899999999998684
N1_ROLLING_SWEEP_FADE,NEUTRAL,LONG,2020-04-13 07:45:00+00:00,2020-04-13 07:50:00+00:00,2020-04-13 07:50:00+00:00,2020-04-13 08:00:00+00:00,1.09498,1.09458,1.09558,1.09457,STOP,0.0004,-1.0250000000000536,-1.1500000000000536,-0.41000000000002146
N1_ROLLING_SWEEP_FADE,NEUTRAL,LONG,2020-04-14 05:15:00+00:00,2020-04-14 05:20:00+00:00,2020-04-14 05:20:00+00:00,2020-04-14 05:40:00+00:00,1.09406,1.09366,1.09466,1.09465,TARGET,0.0004,1.474999999999671,1.349999999999671,0.5899999999998684
N1_ROLLING_SWEEP_FADE,NEUTRAL,LONG,2020-04-14 06:00:00+00:00,2020-04-14 06:05:00+00:00,2020-04-14 06:05:00+00:00,2020-04-14 06:05:00+00:00,1.0940400000000001,1.0936400000000002,1.09464,1.09363,STOP,0.0004,-1.0250000000000536,-1.1500000000000536,-0.41000000000002146
N4_MICRO_BREAKOUT,NEUTRAL,SHORT,2020-04-14 06:15:00+00:00,2020-04-14 06:20:00+00:00,2020-04-14 06:20:00+00:00,2020-04-14 06:25:00+00:00,1.0929099999999998,1.0933099999999998,1.09231,1.0933199999999998,STOP,0.0004,-1.0250000000000536,-1.1500000000000536,-0.41000000000002146
N4_MICRO_BREAKOUT,NEUTRAL,SHORT,2020-04-14 06:45:00+00:00,2020-04-14 06:50:00+00:00,2020-04-14 06:50:00+00:00,2020-04-14 06:55:00+00:00,1.09256,1.09296,1.09196,1.09297,STOP,0.0004,-1.0250000000000536,-1.1500000000000536,-0.41000000000002146
N3_ANCHOR_REVERSION,NEUTRAL,SHORT,2020-04-15 01:00:00+00:00,2020-04-15 01:05:00+00:00,2020-04-15 01:05:00+00:00,2020-04-15 03:30:00+00:00,1.09852,1.09892,1.09792,1.09793,TARGET,0.0004,1.474999999999671,1.349999999999671,0.5899999999998684
N1_ROLLING_SWEEP_FADE,NEUTRAL,LONG,2020-04-15 08:05:00+00:00,2020-04-15 08:10:00+00:00,2020-04-15 08:10:00+00:00,2020-04-15 08:15:00+00:00,1.09348,1.09308,1.09408,1.09307,STOP,0.0004,-1.0250000000000536,-1.1500000000000536,-0.41000000000002146
N3_ANCHOR_REVERSION,NEUTRAL,LONG,2020-04-15 08:20:00+00:00,2020-04-15 08:25:00+00:00,2020-04-15 08:25:00+00:00,2020-04-15 08:25:00+00:00,1.09358,1.09318,1.09418,1.09317,STOP,0.0004,-1.0250000000000536,-1.1500000000000536,-0.41000000000002146
N1_ROLLING_SWEEP_FADE,NEUTRAL,LONG,2020-04-15 08:50:00+00:00,2020-04-15 08:55:00+00:00,2020-04-15 08:55:00+00:00,2020-04-15 08:55:00+00:00,1.0925900000000002,1.0921900000000002,1.09319,1.09318,TARGET,0.0004,1.474999999999671,1.349999999999671,0.5899999999998684
N3_ANCHOR_REVERSION,NEUTRAL,LONG,2020-04-16 04:05:00+00:00,2020-04-16 04:10:00+00:00,2020-04-16 04:10:00+00:00,2020-04-16 04:20:00+00:00,1.08752,1.08712,1.08812,1.08711,STOP,0.0004,-1.0250000000000536,-1.1500000000000536,-0.41000000000002146
N4_MICRO_BREAKOUT,NEUTRAL,SHORT,2020-04-16 04:25:00+00:00,2020-04-16 04:30:00+00:00,2020-04-16 04:30:00+00:00,2020-04-16 04:30:00+00:00,1.08648,1.0868799999999998,1.08588,1.08689,STOP,0.0004,-1.0250000000000536,-1.1500000000000536,-0.41000000000002146
N3_ANCHOR_REVERSION,NEUTRAL,LONG,2020-04-16 04:30:00+00:00,2020-04-16 04:35:00+00:00,2020-04-16 04:35:00+00:00,2020-04-16 04:50:00+00:00,1.08698,1.08658,1.08758,1.08757,TARGET,0.0004,1.474999999999671,1.349999999999671,0.5899999999998684
N1_ROLLING_SWEEP_FADE,NEUTRAL,SHORT,2020-04-16 06:25:00+00:00,2020-04-16 06:30:00+00:00,2020-04-16 06:30:00+00:00,2020-04-16 06:35:00+00:00,1.0889499999999999,1.0893499999999998,1.08835,1.0893599999999999,STOP,0.0004,-1.0250000000000536,-1.1500000000000536,-0.41000000000002146
N1_ROLLING_SWEEP_FADE,NEUTRAL,SHORT,2020-04-17 00:35:00+00:00,2020-04-17 00:40:00+00:00,2020-04-17 00:40:00+00:00,2020-04-17 01:05:00+00:00,1.08645,1.0868499999999999,1.08585,1.08686,STOP,0.0004,-1.0250000000000536,-1.1500000000000536,-0.41000000000002146
N4_MICRO_BREAKOUT,NEUTRAL,LONG,2020-04-17 01:10:00+00:00,2020-04-17 01:15:00+00:00,2020-04-17 01:15:00+00:00,2020-04-17 01:15:00+00:00,1.0876100000000002,1.0872100000000002,1.0882100000000001,1.0872000000000002,STOP,0.0004,-1.0250000000000536,-1.1500000000000536,-0.41000000000002146
N3_ANCHOR_REVERSION,NEUTRAL,SHORT,2020-04-17 01:20:00+00:00,2020-04-17 01:25:00+00:00,2020-04-17 01:25:00+00:00,2020-04-17 01:25:00+00:00,1.08721,1.08761,1.08661,1.08762,STOP,0.0004,-1.0250000000000536,-1.1500000000000536,-0.41000000000002146
N1_ROLLING_SWEEP_FADE,NEUTRAL,LONG,2020-04-17 05:20:00+00:00,2020-04-17 05:25:00+00:00,2020-04-17 05:25:00+00:00,2020-04-17 06:00:00+00:00,1.08674,1.08634,1.08734,1.08633,STOP,0.0004,-1.0250000000000536,-1.1500000000000536,-0.41000000000002146
N1_ROLLING_SWEEP_FADE,NEUTRAL,SHORT,2020-04-19 23:10:00+00:00,2020-04-19 23:15:00+00:00,2020-04-19 23:15:00+00:00,2020-04-20 00:00:00+00:00,1.0868,1.0872,1.0862,1.0862100000000001,TARGET,0.0004,1.474999999999671,1.349999999999671,0.5899999999998684
N3_ANCHOR_REVERSION,NEUTRAL,LONG,2020-04-20 00:15:00+00:00,2020-04-20 00:20:00+00:00,2020-04-20 00:20:00+00:00,2020-04-20 00:20:00+00:00,1.0860800000000002,1.0856800000000002,1.08668,1.0856700000000001,STOP,0.0004,-1.0250000000000536,-1.1500000000000536,-0.41000000000002146
N1_ROLLING_SWEEP_FADE,NEUTRAL,LONG,2020-04-20 00:20:00+00:00,2020-04-20 00:25:00+00:00,2020-04-20 00:25:00+00:00,2020-04-20 00:50:00+00:00,1.08612,1.08572,1.08672,1.0867099999999998,TARGET,0.0004,1.474999999999671,1.349999999999671,0.5899999999998684
N1_ROLLING_SWEEP_FADE,NEUTRAL,SHORT,2020-04-20 02:25:00+00:00,2020-04-20 02:30:00+00:00,2020-04-20 02:30:00+00:00,2020-04-20 03:00:00+00:00,1.0868499999999999,1.0872499999999998,1.08625,1.08626,TARGET,0.0004,1.474999999999671,1.349999999999671,0.5899999999998684
N1_ROLLING_SWEEP_FADE,NEUTRAL,LONG,2020-04-20 13:20:00+00:00,2020-04-20 13:25:00+00:00,2020-04-20 13:25:00+00:00,2020-04-20 13:25:00+00:00,1.0853300000000001,1.0849300000000002,1.08593,1.08592,TARGET,0.0004,1.474999999999671,1.349999999999671,0.5899999999998684
N1_ROLLING_SWEEP_FADE,NEUTRAL,LONG,2020-04-21 04:45:00+00:00,2020-04-21 04:50:00+00:00,2020-04-21 04:50:00+00:00,2020-04-21 05:05:00+00:00,1.08338,1.08298,1.08398,1.08297,STOP,0.0004,-1.0250000000000536,-1.1500000000000536,-0.41000000000002146
N3_ANCHOR_REVERSION,NEUTRAL,LONG,2020-04-21 05:15:00+00:00,2020-04-21 05:20:00+00:00,2020-04-21 05:20:00+00:00,2020-04-21 05:30:00+00:00,1.08351,1.08311,1.08411,1.0831,STOP,0.0004,-1.0250000000000536,-1.1500000000000536,-0.41000000000002146
N1_ROLLING_SWEEP_FADE,NEUTRAL,SHORT,2020-04-21 06:05:00+00:00,2020-04-21 06:10:00+00:00,2020-04-21 06:10:00+00:00,2020-04-21 06:10:00+00:00,1.0836,1.0839999999999999,1.083,1.08401,STOP,0.0004,-1.0250000000000536,-1.1500000000000536,-0.41000000000002146
N1_ROLLING_SWEEP_FADE,NEUTRAL,SHORT,2020-04-21 06:30:00+00:00,2020-04-21 06:35:00+00:00,2020-04-21 06:35:00+00:00,2020-04-21 07:00:00+00:00,1.0841999999999998,1.0845999999999998,1.0836,1.08361,TARGET,0.0004,1.474999999999671,1.349999999999671,0.5899999999998684
N4_MICRO_BREAKOUT,NEUTRAL,SHORT,2020-04-22 00:25:00+00:00,2020-04-22 00:30:00+00:00,2020-04-22 00:30:00+00:00,2020-04-22 00:50:00+00:00,1.08501,1.08541,1.08441,1.08542,STOP,0.0004,-1.0250000000000536,-1.1500000000000536,-0.41000000000002146
N1_ROLLING_SWEEP_FADE,NEUTRAL,SHORT,2020-04-22 01:20:00+00:00,2020-04-22 01:25:00+00:00,2020-04-22 01:25:00+00:00,2020-04-22 01:45:00+00:00,1.08577,1.0861699999999999,1.08517,1.08518,TARGET,0.0004,1.474999999999671,1.349999999999671,0.5899999999998684
N4_MICRO_BREAKOUT,NEUTRAL,SHORT,2020-04-22 01:50:00+00:00,2020-04-22 01:55:00+00:00,2020-04-22 01:55:00+00:00,2020-04-22 02:05:00+00:00,1.08482,1.0852199999999999,1.08422,1.08523,STOP,0.0004,-1.0250000000000536,-1.1500000000000536,-0.41000000000002146
N1_ROLLING_SWEEP_FADE,NEUTRAL,LONG,2020-04-22 16:55:00+00:00,2020-04-22 17:00:00+00:00,2020-04-22 17:00:00+00:00,2020-04-22 17:00:00+00:00,1.0816400000000002,1.0812400000000002,1.08224,1.0812300000000001,STOP,0.0004,-1.0250000000000536,-1.1500000000000536,-0.41000000000002146
N3_ANCHOR_REVERSION,NEUTRAL,LONG,2020-04-23 00:00:00+00:00,2020-04-23 00:05:00+00:00,2020-04-23 00:05:00+00:00,2020-04-23 00:20:00+00:00,1.0811300000000001,1.0807300000000002,1.08173,1.0807200000000001,STOP,0.0004,-1.0250000000000536,-1.1500000000000536,-0.41000000000002146
N3_ANCHOR_REVERSION,NEUTRAL,LONG,2020-04-23 00:25:00+00:00,2020-04-23 00:30:00+00:00,2020-04-23 00:30:00+00:00,2020-04-23 01:15:00+00:00,1.08097,1.08057,1.08157,1.0815599999999999,TARGET,0.0004,1.474999999999671,1.349999999999671,0.5899999999998684
N1_ROLLING_SWEEP_FADE,NEUTRAL,SHORT,2020-04-23 01:30:00+00:00,2020-04-23 01:35:00+00:00,2020-04-23 01:35:00+00:00,2020-04-23 01:35:00+00:00,1.08168,1.08208,1.08108,1.08209,STOP,0.0004,-1.0250000000000536,-1.1500000000000536,-0.41000000000002146
N4_MICRO_BREAKOUT,NEUTRAL,SHORT,2020-04-23 02:25:00+00:00,2020-04-23 02:30:00+00:00,2020-04-23 02:30:00+00:00,2020-04-23 02:35:00+00:00,1.0808799999999998,1.0812799999999998,1.08028,1.0812899999999999,STOP,0.0004,-1.0250000000000536,-1.1500000000000536,-0.41000000000002146
N1_ROLLING_SWEEP_FADE,NEUTRAL,LONG,2020-04-24 00:00:00+00:00,2020-04-24 00:05:00+00:00,2020-04-24 00:05:00+00:00,2020-04-24 00:10:00+00:00,1.07789,1.07749,1.07849,1.07748,STOP,0.0004,-1.0250000000000536,-1.1500000000000536,-0.41000000000002146
N4_MICRO_BREAKOUT,NEUTRAL,SHORT,2020-04-24 00:20:00+00:00,2020-04-24 00:25:00+00:00,2020-04-24 00:25:00+00:00,2020-04-24 00:45:00+00:00,1.07656,1.07696,1.07596,1.07697,STOP,0.0004,-1.0250000000000536,-1.1500000000000536,-0.41000000000002146
N3_ANCHOR_REVERSION,NEUTRAL,LONG,2020-04-24 01:00:00+00:00,2020-04-24 01:05:00+00:00,2020-04-24 01:05:00+00:00,2020-04-24 01:10:00+00:00,1.0769600000000001,1.0765600000000002,1.07756,1.0765500000000001,STOP,0.0004,-1.0250000000000536,-1.1500000000000536,-0.41000000000002146
N1_ROLLING_SWEEP_FADE,NEUTRAL,SHORT,2020-04-24 02:45:00+00:00,2020-04-24 02:50:00+00:00,2020-04-24 02:50:00+00:00,2020-04-24 05:05:00+00:00,1.07731,1.07771,1.07671,1.0767200000000001,TARGET,0.0004,1.474999999999671,1.349999999999671,0.5899999999998684
N1_ROLLING_SWEEP_FADE,NEUTRAL,SHORT,2020-04-24 20:55:00+00:00,2020-04-24 21:00:00+00:00,2020-04-26 21:00:00+00:00,2020-04-27 00:00:00+00:00,1.0820999999999998,1.0824999999999998,1.0815,1.08151,TARGET,0.0004,1.474999999999671,1.349999999999671,0.5899999999998684
N1_ROLLING_SWEEP_FADE,NEUTRAL,SHORT,2020-04-27 00:00:00+00:00,2020-04-27 00:05:00+00:00,2020-04-27 00:05:00+00:00,2020-04-27 00:55:00+00:00,1.0814899999999998,1.0818899999999998,1.08089,1.0818999999999999,STOP,0.0004,-1.0250000000000536,-1.1500000000000536,-0.41000000000002146
N1_ROLLING_SWEEP_FADE,NEUTRAL,SHORT,2020-04-27 01:00:00+00:00,2020-04-27 01:05:00+00:00,2020-04-27 01:05:00+00:00,2020-04-27 01:05:00+00:00,1.0817599999999998,1.0821599999999998,1.08116,1.0821699999999999,STOP,0.0004,-1.0250000000000536,-1.1500000000000536,-0.41000000000002146
N1_ROLLING_SWEEP_FADE,NEUTRAL,SHORT,2020-04-27 01:30:00+00:00,2020-04-27 01:35:00+00:00,2020-04-27 01:35:00+00:00,2020-04-27 03:30:00+00:00,1.0825799999999999,1.0829799999999998,1.08198,1.08299,STOP,0.0004,-1.0250000000000536,-1.1500000000000536,-0.41000000000002146
N3_ANCHOR_REVERSION,NEUTRAL,SHORT,2020-04-27 04:55:00+00:00,2020-04-27 05:00:00+00:00,2020-04-27 05:00:00+00:00,2020-04-27 05:00:00+00:00,1.08384,1.0842399999999999,1.08324,1.08425,STOP,0.0004,-1.0250000000000536,-1.1500000000000536,-0.41000000000002146
N1_ROLLING_SWEEP_FADE,NEUTRAL,LONG,2020-04-28 00:00:00+00:00,2020-04-28 00:05:00+00:00,2020-04-28 00:05:00+00:00,2020-04-28 00:20:00+00:00,1.0825500000000001,1.0821500000000002,1.08315,1.08314,TARGET,0.0004,1.474999999999671,1.349999999999671,0.5899999999998684
N4_MICRO_BREAKOUT,NEUTRAL,LONG,2020-04-28 00:25:00+00:00,2020-04-28 00:30:00+00:00,2020-04-28 00:30:00+00:00,2020-04-28 01:35:00+00:00,1.08325,1.08285,1.08385,1.08284,STOP,0.0004,-1.0250000000000536,-1.1500000000000536,-0.41000000000002146
N4_MICRO_BREAKOUT,NEUTRAL,LONG,2020-04-28 09:20:00+00:00,2020-04-28 09:25:00+00:00,2020-04-28 09:25:00+00:00,2020-04-28 09:25:00+00:00,1.0869900000000001,1.0865900000000002,1.08759,1.08758,TARGET,0.0004,1.474999999999671,1.349999999999671,0.5899999999998684
N4_MICRO_BREAKOUT,NEUTRAL,LONG,2020-04-28 09:35:00+00:00,2020-04-28 09:40:00+00:00,2020-04-28 09:40:00+00:00,2020-04-28 09:40:00+00:00,1.08853,1.08813,1.08913,1.08812,STOP,0.0004,-1.0250000000000536,-1.1500000000000536,-0.41000000000002146
N4_MICRO_BREAKOUT,NEUTRAL,LONG,2020-04-29 00:10:00+00:00,2020-04-29 00:15:00+00:00,2020-04-29 00:15:00+00:00,2020-04-29 00:25:00+00:00,1.08369,1.08329,1.08429,1.08328,STOP,0.0004,-1.0250000000000536,-1.1500000000000536,-0.41000000000002146
N4_MICRO_BREAKOUT,NEUTRAL,LONG,2020-04-29 00:30:00+00:00,2020-04-29 00:35:00+00:00,2020-04-29 00:35:00+00:00,2020-04-29 01:20:00+00:00,1.0837700000000001,1.0833700000000002,1.08437,1.08436,TARGET,0.0004,1.474999999999671,1.349999999999671,0.5899999999998684
N4_MICRO_BREAKOUT,NEUTRAL,SHORT,2020-04-30 22:20:00+00:00,2020-04-30 22:25:00+00:00,2020-04-30 22:25:00+00:00,2020-04-30 22:40:00+00:00,1.09432,1.09472,1.09372,1.09473,STOP,0.0004,-1.0250000000000536,-1.1500000000000536,-0.41000000000002146
N3_ANCHOR_REVERSION,NEUTRAL,LONG,2020-04-30 23:20:00+00:00,2020-04-30 23:25:00+00:00,2020-04-30 23:25:00+00:00,2020-05-01 00:05:00+00:00,1.09444,1.0940400000000001,1.09504,1.09403,STOP,0.0004,-1.0250000000000536,-1.1500000000000536,-0.41000000000002146
N4_MICRO_BREAKOUT,NEUTRAL,SHORT,2020-05-01 00:05:00+00:00,2020-05-01 00:10:00+00:00,2020-05-01 00:10:00+00:00,2020-05-01 00:50:00+00:00,1.09384,1.0942399999999999,1.09324,1.09425,STOP,0.0004,-1.0250000000000536,-1.1500000000000536,-0.41000000000002146
N4_MICRO_BREAKOUT,NEUTRAL,LONG,2020-05-01 04:55:00+00:00,2020-05-01 05:00:00+00:00,2020-05-01 05:00:00+00:00,2020-05-01 05:05:00+00:00,1.09498,1.09458,1.09558,1.09457,STOP,0.0004,-1.0250000000000536,-1.1500000000000536,-0.41000000000002146
N4_MICRO_BREAKOUT,NEUTRAL,LONG,2020-05-01 05:20:00+00:00,2020-05-01 05:25:00+00:00,2020-05-01 05:25:00+00:00,2020-05-01 05:30:00+00:00,1.0952700000000002,1.0948700000000002,1.0958700000000001,1.0948600000000002,STOP,0.0004,-1.0250000000000536,-1.1500000000000536,-0.41000000000002146
N3_ANCHOR_REVERSION,NEUTRAL,SHORT,2020-05-01 05:35:00+00:00,2020-05-01 05:40:00+00:00,2020-05-01 05:40:00+00:00,2020-05-01 05:50:00+00:00,1.09477,1.09517,1.09417,1.09518,STOP,0.0004,-1.0250000000000536,-1.1500000000000536,-0.41000000000002146
N1_ROLLING_SWEEP_FADE,NEUTRAL,SHORT,2020-05-01 20:55:00+00:00,2020-05-01 21:00:00+00:00,2020-05-03 21:00:00+00:00,2020-05-03 21:00:00+00:00,1.09675,1.0971499999999998,1.09615,1.09756,STOP,0.0004,-2.0250000000004986,-2.1500000000004986,-0.8100000000001994
N1_ROLLING_SWEEP_FADE,NEUTRAL,SHORT,2020-05-03 22:00:00+00:00,2020-05-03 22:05:00+00:00,2020-05-03 22:05:00+00:00,2020-05-03 22:20:00+00:00,1.09699,1.0973899999999999,1.09639,1.0964,TARGET,0.0004,1.474999999999671,1.349999999999671,0.5899999999998684
N4_MICRO_BREAKOUT,NEUTRAL,SHORT,2020-05-03 22:25:00+00:00,2020-05-03 22:30:00+00:00,2020-05-03 22:30:00+00:00,2020-05-03 22:50:00+00:00,1.09601,1.0964099999999999,1.09541,1.09542,TARGET,0.0004,1.474999999999671,1.349999999999671,0.5899999999998684
N1_ROLLING_SWEEP_FADE,NEUTRAL,LONG,2020-05-03 22:55:00+00:00,2020-05-03 23:00:00+00:00,2020-05-03 23:00:00+00:00,2020-05-04 00:05:00+00:00,1.09572,1.09532,1.09632,1.09531,STOP,0.0004,-1.0250000000000536,-1.1500000000000536,-0.41000000000002146
N4_MICRO_BREAKOUT,NEUTRAL,SHORT,2020-05-04 00:05:00+00:00,2020-05-04 00:10:00+00:00,2020-05-04 00:10:00+00:00,2020-05-04 00:15:00+00:00,1.0952199999999999,1.0956199999999998,1.09462,1.0956299999999999,STOP,0.0004,-1.0250000000000536,-1.1500000000000536,-0.41000000000002146
N3_ANCHOR_REVERSION,NEUTRAL,LONG,2020-05-04 00:30:00+00:00,2020-05-04 00:35:00+00:00,2020-05-04 00:35:00+00:00,2020-05-04 00:35:00+00:00,1.09562,1.09522,1.09622,1.09521,STOP,0.0004,-1.0250000000000536,-1.1500000000000536,-0.41000000000002146
N4_MICRO_BREAKOUT,NEUTRAL,SHORT,2020-05-04 00:50:00+00:00,2020-05-04 00:55:00+00:00,2020-05-04 00:55:00+00:00,2020-05-04 01:00:00+00:00,1.09467,1.09507,1.09407,1.09508,STOP,0.0004,-1.0250000000000536,-1.1500000000000536,-0.41000000000002146
N4_MICRO_BREAKOUT,NEUTRAL,SHORT,2020-05-04 02:55:00+00:00,2020-05-04 03:00:00+00:00,2020-05-04 03:00:00+00:00,2020-05-04 04:30:00+00:00,1.09442,1.09482,1.09382,1.09383,TARGET,0.0004,1.474999999999671,1.349999999999671,0.5899999999998684
N1_ROLLING_SWEEP_FADE,NEUTRAL,LONG,2020-05-05 10:55:00+00:00,2020-05-05 11:00:00+00:00,2020-05-05 11:00:00+00:00,2020-05-05 11:00:00+00:00,1.08386,1.08346,1.08446,1.08345,STOP,0.0004,-1.0250000000000536,-1.1500000000000536,-0.41000000000002146
N1_ROLLING_SWEEP_FADE,NEUTRAL,LONG,2020-05-05 11:20:00+00:00,2020-05-05 11:25:00+00:00,2020-05-05 11:25:00+00:00,2020-05-05 11:25:00+00:00,1.08393,1.08353,1.08453,1.08352,STOP,0.0004,-1.0250000000000536,-1.1500000000000536,-0.41000000000002146
N3_ANCHOR_REVERSION,NEUTRAL,LONG,2020-05-05 12:00:00+00:00,2020-05-05 12:05:00+00:00,2020-05-05 12:05:00+00:00,2020-05-05 12:10:00+00:00,1.08352,1.08312,1.08412,1.08411,TARGET,0.0004,1.474999999999671,1.349999999999671,0.5899999999998684
N1_ROLLING_SWEEP_FADE,NEUTRAL,SHORT,2020-05-05 12:20:00+00:00,2020-05-05 12:25:00+00:00,2020-05-05 12:25:00+00:00,2020-05-05 12:40:00+00:00,1.0848499999999999,1.0852499999999998,1.08425,1.08526,STOP,0.0004,-1.0250000000000536,-1.1500000000000536,-0.41000000000002146
N1_ROLLING_SWEEP_FADE,NEUTRAL,SHORT,2020-05-08 05:25:00+00:00,2020-05-08 05:30:00+00:00,2020-05-08 05:30:00+00:00,2020-05-08 06:45:00+00:00,1.08443,1.08483,1.08383,1.0838400000000001,TARGET,0.0004,1.474999999999671,1.349999999999671,0.5899999999998684
N1_ROLLING_SWEEP_FADE,NEUTRAL,LONG,2020-05-08 06:50:00+00:00,2020-05-08 06:55:00+00:00,2020-05-08 06:55:00+00:00,2020-05-08 06:55:00+00:00,1.08383,1.0834300000000001,1.08443,1.08342,STOP,0.0004,-1.0250000000000536,-1.1500000000000536,-0.41000000000002146
N1_ROLLING_SWEEP_FADE,NEUTRAL,SHORT,2020-05-08 18:00:00+00:00,2020-05-08 18:05:00+00:00,2020-05-08 18:05:00+00:00,2020-05-08 18:20:00+00:00,1.08503,1.08543,1.08443,1.08444,TARGET,0.0004,1.474999999999671,1.349999999999671,0.5899999999998684
N4_MICRO_BREAKOUT,NEUTRAL,SHORT,2020-05-08 18:55:00+00:00,2020-05-08 19:00:00+00:00,2020-05-08 19:00:00+00:00,2020-05-08 19:05:00+00:00,1.0841699999999999,1.0845699999999998,1.08357,1.08358,TARGET,0.0004,1.474999999999671,1.349999999999671,0.5899999999998684
N1_ROLLING_SWEEP_FADE,NEUTRAL,SHORT,2020-05-10 22:15:00+00:00,2020-05-10 22:20:00+00:00,2020-05-10 22:20:00+00:00,2020-05-10 23:45:00+00:00,1.08326,1.0836599999999998,1.08266,1.08367,STOP,0.0004,-1.0250000000000536,-1.1500000000000536,-0.41000000000002146
N1_ROLLING_SWEEP_FADE,NEUTRAL,SHORT,2020-05-10 23:45:00+00:00,2020-05-10 23:50:00+00:00,2020-05-10 23:50:00+00:00,2020-05-10 23:55:00+00:00,1.0834,1.0837999999999999,1.0828,1.08381,STOP,0.0004,-1.0250000000000536,-1.1500000000000536,-0.41000000000002146
N4_MICRO_BREAKOUT,NEUTRAL,LONG,2020-05-11 00:15:00+00:00,2020-05-11 00:20:00+00:00,2020-05-11 00:20:00+00:00,2020-05-11 01:55:00+00:00,1.08436,1.08396,1.08496,1.0849499999999999,TARGET,0.0004,1.474999999999671,1.349999999999671,0.5899999999998684
N4_MICRO_BREAKOUT,NEUTRAL,LONG,2020-05-11 01:55:00+00:00,2020-05-11 02:00:00+00:00,2020-05-11 02:00:00+00:00,2020-05-11 02:10:00+00:00,1.08508,1.08468,1.08568,1.08467,STOP,0.0004,-1.0250000000000536,-1.1500000000000536,-0.41000000000002146
N1_ROLLING_SWEEP_FADE,NEUTRAL,LONG,2020-05-11 03:50:00+00:00,2020-05-11 03:55:00+00:00,2020-05-11 03:55:00+00:00,2020-05-11 05:15:00+00:00,1.0847,1.0843,1.0853,1.08429,STOP,0.0004,-1.0250000000000536,-1.1500000000000536,-0.41000000000002146
N3_ANCHOR_REVERSION,NEUTRAL,LONG,2020-05-11 05:30:00+00:00,2020-05-11 05:35:00+00:00,2020-05-11 05:35:00+00:00,2020-05-11 06:00:00+00:00,1.08441,1.0840100000000001,1.08501,1.084,STOP,0.0004,-1.0250000000000536,-1.1500000000000536,-0.41000000000002146
N1_ROLLING_SWEEP_FADE,NEUTRAL,SHORT,2020-05-13 13:00:00+00:00,2020-05-13 13:05:00+00:00,2020-05-13 13:05:00+00:00,2020-05-13 13:05:00+00:00,1.08767,1.0880699999999999,1.08707,1.08708,TARGET,0.0004,1.474999999999671,1.349999999999671,0.5899999999998684
N1_ROLLING_SWEEP_FADE,NEUTRAL,LONG,2020-05-13 13:45:00+00:00,2020-05-13 13:50:00+00:00,2020-05-13 13:50:00+00:00,2020-05-13 14:05:00+00:00,1.08616,1.08576,1.08676,1.08575,STOP,0.0004,-1.0250000000000536,-1.1500000000000536,-0.41000000000002146
N1_ROLLING_SWEEP_FADE,NEUTRAL,LONG,2020-05-13 19:15:00+00:00,2020-05-13 19:20:00+00:00,2020-05-13 19:20:00+00:00,2020-05-13 19:25:00+00:00,1.0816000000000001,1.0812000000000002,1.0822,1.08119,STOP,0.0004,-1.0250000000000536,-1.1500000000000536,-0.41000000000002146
N3_ANCHOR_REVERSION,NEUTRAL,LONG,2020-05-13 19:35:00+00:00,2020-05-13 19:40:00+00:00,2020-05-13 19:40:00+00:00,2020-05-13 23:50:00+00:00,1.08152,1.08112,1.08212,1.08211,TARGET,0.0004,1.474999999999671,1.349999999999671,0.5899999999998684
N1_ROLLING_SWEEP_FADE,NEUTRAL,SHORT,2020-05-14 00:00:00+00:00,2020-05-14 00:05:00+00:00,2020-05-14 00:05:00+00:00,2020-05-14 00:10:00+00:00,1.0817999999999999,1.0821999999999998,1.0812,1.08221,STOP,0.0004,-1.0250000000000536,-1.1500000000000536,-0.41000000000002146
N1_ROLLING_SWEEP_FADE,NEUTRAL,SHORT,2020-05-14 00:35:00+00:00,2020-05-14 00:40:00+00:00,2020-05-14 00:40:00+00:00,2020-05-14 00:40:00+00:00,1.0819999999999999,1.0823999999999998,1.0814,1.0824099999999999,STOP,0.0004,-1.0250000000000536,-1.1500000000000536,-0.41000000000002146
N1_ROLLING_SWEEP_FADE,NEUTRAL,LONG,2020-05-14 01:20:00+00:00,2020-05-14 01:25:00+00:00,2020-05-14 01:25:00+00:00,2020-05-14 01:35:00+00:00,1.08203,1.08163,1.08263,1.08162,STOP,0.0004,-1.0250000000000536,-1.1500000000000536,-0.41000000000002146
N4_MICRO_BREAKOUT,NEUTRAL,SHORT,2020-05-14 01:35:00+00:00,2020-05-14 01:40:00+00:00,2020-05-14 01:40:00+00:00,2020-05-14 01:55:00+00:00,1.08155,1.08195,1.08095,1.0809600000000001,TARGET,0.0004,1.474999999999671,1.349999999999671,0.5899999999998684
N1_ROLLING_SWEEP_FADE,NEUTRAL,SHORT,2020-05-15 18:55:00+00:00,2020-05-15 19:00:00+00:00,2020-05-15 19:00:00+00:00,2020-05-15 19:55:00+00:00,1.08141,1.08181,1.08081,1.08182,STOP,0.0004,-1.0250000000000536,-1.1500000000000536,-0.41000000000002146
N1_ROLLING_SWEEP_FADE,NEUTRAL,SHORT,2020-05-15 20:40:00+00:00,2020-05-15 20:45:00+00:00,2020-05-15 20:45:00+00:00,2020-05-15 20:55:00+00:00,1.08177,1.0821699999999999,1.08117,1.08218,STOP,0.0004,-1.0250000000000536,-1.1500000000000536,-0.41000000000002146
N1_ROLLING_SWEEP_FADE,NEUTRAL,SHORT,2020-05-15 20:55:00+00:00,2020-05-15 21:00:00+00:00,2020-05-17 21:00:00+00:00,2020-05-17 21:00:00+00:00,1.08087,1.08127,1.08027,1.08156,STOP,0.0004,-1.7250000000001986,-1.8500000000001986,-0.6900000000000794
N4_MICRO_BREAKOUT,NEUTRAL,LONG,2020-05-17 22:40:00+00:00,2020-05-17 22:45:00+00:00,2020-05-17 22:45:00+00:00,2020-05-17 23:55:00+00:00,1.08219,1.08179,1.08279,1.08178,STOP,0.0004,-1.0250000000000536,-1.1500000000000536,-0.41000000000002146
N1_ROLLING_SWEEP_FADE,NEUTRAL,LONG,2020-05-18 00:00:00+00:00,2020-05-18 00:05:00+00:00,2020-05-18 00:05:00+00:00,2020-05-18 01:05:00+00:00,1.08193,1.08153,1.08253,1.08152,STOP,0.0004,-1.0250000000000536,-1.1500000000000536,-0.41000000000002146
N1_ROLLING_SWEEP_FADE,NEUTRAL,LONG,2020-05-18 14:45:00+00:00,2020-05-18 14:50:00+00:00,2020-05-18 14:50:00+00:00,2020-05-18 14:50:00+00:00,1.08595,1.08555,1.08655,1.0865399999999998,TARGET,0.0004,1.474999999999671,1.349999999999671,0.5899999999998684
N3_ANCHOR_REVERSION,NEUTRAL,SHORT,2020-05-18 20:45:00+00:00,2020-05-18 20:50:00+00:00,2020-05-18 20:50:00+00:00,2020-05-18 21:00:00+00:00,1.09151,1.09191,1.09091,1.09192,STOP,0.0004,-1.0250000000000536,-1.1500000000000536,-0.41000000000002146
N4_MICRO_BREAKOUT,NEUTRAL,LONG,2020-05-19 00:00:00+00:00,2020-05-19 00:05:00+00:00,2020-05-19 00:05:00+00:00,2020-05-19 00:40:00+00:00,1.0920400000000001,1.0916400000000002,1.09264,1.09163,STOP,0.0004,-1.0250000000000536,-1.1500000000000536,-0.41000000000002146
N4_MICRO_BREAKOUT,NEUTRAL,SHORT,2020-05-19 01:40:00+00:00,2020-05-19 01:45:00+00:00,2020-05-19 01:45:00+00:00,2020-05-19 01:45:00+00:00,1.09097,1.09137,1.09037,1.09138,STOP,0.0004,-1.0250000000000536,-1.1500000000000536,-0.41000000000002146
N4_MICRO_BREAKOUT,NEUTRAL,SHORT,2020-05-19 03:00:00+00:00,2020-05-19 03:05:00+00:00,2020-05-19 03:05:00+00:00,2020-05-19 03:35:00+00:00,1.0902399999999999,1.0906399999999998,1.08964,1.09065,STOP,0.0004,-1.0250000000000536,-1.1500000000000536,-0.41000000000002146
N4_MICRO_BREAKOUT,NEUTRAL,LONG,2020-05-19 05:55:00+00:00,2020-05-19 06:00:00+00:00,2020-05-19 06:00:00+00:00,2020-05-19 06:05:00+00:00,1.09162,1.09122,1.09222,1.09221,TARGET,0.0004,1.474999999999671,1.349999999999671,0.5899999999998684
N3_ANCHOR_REVERSION,NEUTRAL,SHORT,2020-05-20 15:00:00+00:00,2020-05-20 15:05:00+00:00,2020-05-20 15:05:00+00:00,2020-05-20 15:25:00+00:00,1.0991,1.0995,1.0985,1.09951,STOP,0.0004,-1.0250000000000536,-1.1500000000000536,-0.41000000000002146
N1_ROLLING_SWEEP_FADE,NEUTRAL,LONG,2020-05-20 19:30:00+00:00,2020-05-20 19:35:00+00:00,2020-05-20 19:35:00+00:00,2020-05-20 20:00:00+00:00,1.09829,1.09789,1.09889,1.09788,STOP,0.0004,-1.0250000000000536,-1.1500000000000536,-0.41000000000002146
N4_MICRO_BREAKOUT,NEUTRAL,SHORT,2020-05-21 00:00:00+00:00,2020-05-21 00:05:00+00:00,2020-05-21 00:05:00+00:00,2020-05-21 00:30:00+00:00,1.09767,1.0980699999999999,1.09707,1.09708,TARGET,0.0004,1.474999999999671,1.349999999999671,0.5899999999998684
N1_ROLLING_SWEEP_FADE,NEUTRAL,LONG,2020-05-21 00:30:00+00:00,2020-05-21 00:35:00+00:00,2020-05-21 00:35:00+00:00,2020-05-21 00:50:00+00:00,1.0974000000000002,1.0970000000000002,1.098,1.0969900000000001,STOP,0.0004,-1.0250000000000536,-1.1500000000000536,-0.41000000000002146
N4_MICRO_BREAKOUT,NEUTRAL,SHORT,2020-05-21 00:55:00+00:00,2020-05-21 01:00:00+00:00,2020-05-21 01:00:00+00:00,2020-05-21 01:30:00+00:00,1.0968099999999998,1.0972099999999998,1.09621,1.09622,TARGET,0.0004,1.474999999999671,1.349999999999671,0.5899999999998684
N4_MICRO_BREAKOUT,NEUTRAL,SHORT,2020-05-21 01:30:00+00:00,2020-05-21 01:35:00+00:00,2020-05-21 01:35:00+00:00,2020-05-21 05:30:00+00:00,1.09614,1.0965399999999998,1.09554,1.09555,TARGET,0.0004,1.474999999999671,1.349999999999671,0.5899999999998684
N1_ROLLING_SWEEP_FADE,NEUTRAL,SHORT,2020-05-22 00:00:00+00:00,2020-05-22 00:05:00+00:00,2020-05-22 00:05:00+00:00,2020-05-22 00:20:00+00:00,1.0949799999999998,1.0953799999999998,1.09438,1.0953899999999999,STOP,0.0004,-1.0250000000000536,-1.1500000000000536,-0.41000000000002146
N4_MICRO_BREAKOUT,NEUTRAL,SHORT,2020-05-22 01:05:00+00:00,2020-05-22 01:10:00+00:00,2020-05-22 01:10:00+00:00,2020-05-22 01:15:00+00:00,1.09449,1.09489,1.09389,1.0949,STOP,0.0004,-1.0250000000000536,-1.1500000000000536,-0.41000000000002146
N4_MICRO_BREAKOUT,NEUTRAL,SHORT,2020-05-22 02:10:00+00:00,2020-05-22 02:15:00+00:00,2020-05-22 02:15:00+00:00,2020-05-22 03:00:00+00:00,1.09396,1.09436,1.09336,1.09437,STOP,0.0004,-1.0250000000000536,-1.1500000000000536,-0.41000000000002146
N4_MICRO_BREAKOUT,NEUTRAL,SHORT,2020-05-22 03:25:00+00:00,2020-05-22 03:30:00+00:00,2020-05-22 03:30:00+00:00,2020-05-22 04:05:00+00:00,1.09348,1.09388,1.09288,1.0928900000000001,TARGET,0.0004,1.474999999999671,1.349999999999671,0.5899999999998684
N3_ANCHOR_REVERSION,NEUTRAL,SHORT,2020-05-25 10:05:00+00:00,2020-05-25 10:10:00+00:00,2020-05-25 10:10:00+00:00,2020-05-25 10:40:00+00:00,1.09006,1.09046,1.08946,1.09047,STOP,0.0004,-1.0250000000000536,-1.1500000000000536,-0.41000000000002146
N3_ANCHOR_REVERSION,NEUTRAL,SHORT,2020-05-25 11:00:00+00:00,2020-05-25 11:05:00+00:00,2020-05-25 11:05:00+00:00,2020-05-25 11:35:00+00:00,1.0897599999999998,1.0901599999999998,1.08916,1.0901699999999999,STOP,0.0004,-1.0250000000000536,-1.1500000000000536,-0.41000000000002146
N4_MICRO_BREAKOUT,NEUTRAL,LONG,2020-05-25 11:50:00+00:00,2020-05-25 11:55:00+00:00,2020-05-25 11:55:00+00:00,2020-05-25 11:55:00+00:00,1.0905900000000002,1.0901900000000002,1.09119,1.09118,TARGET,0.0004,1.474999999999671,1.349999999999671,0.5899999999998684
N3_ANCHOR_REVERSION,NEUTRAL,SHORT,2020-05-25 12:05:00+00:00,2020-05-25 12:10:00+00:00,2020-05-25 12:10:00+00:00,2020-05-25 12:55:00+00:00,1.0910199999999999,1.0914199999999998,1.09042,1.09043,TARGET,0.0004,1.474999999999671,1.349999999999671,0.5899999999998684
N4_MICRO_BREAKOUT,NEUTRAL,LONG,2020-05-25 23:55:00+00:00,2020-05-26 00:00:00+00:00,2020-05-26 00:00:00+00:00,2020-05-26 00:25:00+00:00,1.09023,1.08983,1.09083,1.08982,STOP,0.0004,-1.0250000000000536,-1.1500000000000536,-0.41000000000002146
N4_MICRO_BREAKOUT,NEUTRAL,LONG,2020-05-26 00:35:00+00:00,2020-05-26 00:40:00+00:00,2020-05-26 00:40:00+00:00,2020-05-26 01:05:00+00:00,1.09054,1.09014,1.09114,1.09113,TARGET,0.0004,1.474999999999671,1.349999999999671,0.5899999999998684
N4_MICRO_BREAKOUT,NEUTRAL,LONG,2020-05-26 01:05:00+00:00,2020-05-26 01:10:00+00:00,2020-05-26 01:10:00+00:00,2020-05-26 01:15:00+00:00,1.09141,1.09101,1.09201,1.091,STOP,0.0004,-1.0250000000000536,-1.1500000000000536,-0.41000000000002146
N3_ANCHOR_REVERSION,NEUTRAL,SHORT,2020-05-26 01:20:00+00:00,2020-05-26 01:25:00+00:00,2020-05-26 01:25:00+00:00,2020-05-26 01:45:00+00:00,1.0909499999999999,1.0913499999999998,1.09035,1.0913599999999999,STOP,0.0004,-1.0250000000000536,-1.1500000000000536,-0.41000000000002146
N3_ANCHOR_REVERSION,NEUTRAL,SHORT,2020-05-27 11:40:00+00:00,2020-05-27 11:45:00+00:00,2020-05-27 11:45:00+00:00,2020-05-27 11:45:00+00:00,1.10177,1.1021699999999999,1.10117,1.10218,STOP,0.0004,-1.0250000000000536,-1.1500000000000536,-0.41000000000002146
N3_ANCHOR_REVERSION,NEUTRAL,LONG,2020-05-27 17:00:00+00:00,2020-05-27 17:05:00+00:00,2020-05-27 17:05:00+00:00,2020-05-27 17:10:00+00:00,1.09759,1.09719,1.09819,1.09818,TARGET,0.0004,1.474999999999671,1.349999999999671,0.5899999999998684
N4_MICRO_BREAKOUT,NEUTRAL,LONG,2020-05-27 19:45:00+00:00,2020-05-27 19:50:00+00:00,2020-05-27 19:50:00+00:00,2020-05-27 19:50:00+00:00,1.1003200000000002,1.0999200000000002,1.1009200000000001,1.0999100000000002,STOP,0.0004,-1.0250000000000536,-1.1500000000000536,-0.41000000000002146
N3_ANCHOR_REVERSION,NEUTRAL,SHORT,2020-05-27 19:50:00+00:00,2020-05-27 19:55:00+00:00,2020-05-27 19:55:00+00:00,2020-05-27 20:30:00+00:00,1.09991,1.10031,1.09931,1.10032,STOP,0.0004,-1.0250000000000536,-1.1500000000000536,-0.41000000000002146
N4_MICRO_BREAKOUT,NEUTRAL,LONG,2020-05-27 23:55:00+00:00,2020-05-28 00:00:00+00:00,2020-05-28 00:00:00+00:00,2020-05-28 00:00:00+00:00,1.10173,1.1013300000000001,1.10233,1.10132,STOP,0.0004,-1.0250000000000536,-1.1500000000000536,-0.41000000000002146
N3_ANCHOR_REVERSION,NEUTRAL,SHORT,2020-05-28 00:00:00+00:00,2020-05-28 00:05:00+00:00,2020-05-28 00:05:00+00:00,2020-05-28 00:25:00+00:00,1.1011799999999998,1.1015799999999998,1.10058,1.1015899999999998,STOP,0.0004,-1.0250000000000536,-1.1500000000000536,-0.41000000000002146
N3_ANCHOR_REVERSION,NEUTRAL,SHORT,2020-05-28 00:35:00+00:00,2020-05-28 00:40:00+00:00,2020-05-28 00:40:00+00:00,2020-05-28 00:50:00+00:00,1.10157,1.10197,1.10097,1.10198,STOP,0.0004,-1.0250000000000536,-1.1500000000000536,-0.41000000000002146
N4_MICRO_BREAKOUT,NEUTRAL,LONG,2020-05-28 00:50:00+00:00,2020-05-28 00:55:00+00:00,2020-05-28 00:55:00+00:00,2020-05-28 00:55:00+00:00,1.1026900000000002,1.1022900000000002,1.10329,1.1022800000000001,STOP,0.0004,-1.0250000000000536,-1.1500000000000536,-0.41000000000002146
N1_ROLLING_SWEEP_FADE,NEUTRAL,SHORT,2020-05-29 00:30:00+00:00,2020-05-29 00:35:00+00:00,2020-05-29 00:35:00+00:00,2020-05-29 00:50:00+00:00,1.10778,1.10818,1.10718,1.10819,STOP,0.0004,-1.0250000000000536,-1.1500000000000536,-0.41000000000002146
N1_ROLLING_SWEEP_FADE,NEUTRAL,SHORT,2020-05-29 02:00:00+00:00,2020-05-29 02:05:00+00:00,2020-05-29 02:05:00+00:00,2020-05-29 02:55:00+00:00,1.10842,1.10882,1.10782,1.10883,STOP,0.0004,-1.0250000000000536,-1.1500000000000536,-0.41000000000002146
N1_ROLLING_SWEEP_FADE,NEUTRAL,SHORT,2020-05-29 04:20:00+00:00,2020-05-29 04:25:00+00:00,2020-05-29 04:25:00+00:00,2020-05-29 04:45:00+00:00,1.1093499999999998,1.1097499999999998,1.10875,1.1097599999999999,STOP,0.0004,-1.0250000000000536,-1.1500000000000536,-0.41000000000002146
N4_MICRO_BREAKOUT,NEUTRAL,LONG,2020-05-29 04:45:00+00:00,2020-05-29 04:50:00+00:00,2020-05-29 04:50:00+00:00,2020-05-29 05:10:00+00:00,1.10989,1.10949,1.11049,1.10948,STOP,0.0004,-1.0250000000000536,-1.1500000000000536,-0.41000000000002146
N3_ANCHOR_REVERSION,NEUTRAL,SHORT,2020-05-31 21:55:00+00:00,2020-05-31 22:00:00+00:00,2020-05-31 22:00:00+00:00,2020-05-31 22:00:00+00:00,1.11129,1.1116899999999998,1.11069,1.1107,TARGET,0.0004,1.474999999999671,1.349999999999671,0.5899999999998684
N3_ANCHOR_REVERSION,NEUTRAL,SHORT,2020-05-31 22:45:00+00:00,2020-05-31 22:50:00+00:00,2020-05-31 22:50:00+00:00,2020-05-31 23:10:00+00:00,1.11124,1.11164,1.11064,1.11165,STOP,0.0004,-1.0250000000000536,-1.1500000000000536,-0.41000000000002146
N4_MICRO_BREAKOUT,NEUTRAL,LONG,2020-05-31 23:45:00+00:00,2020-05-31 23:50:00+00:00,2020-05-31 23:50:00+00:00,2020-06-01 00:00:00+00:00,1.11192,1.11152,1.11252,1.11151,STOP,0.0004,-1.0250000000000536,-1.1500000000000536,-0.41000000000002146
N1_ROLLING_SWEEP_FADE,NEUTRAL,SHORT,2020-06-01 00:10:00+00:00,2020-06-01 00:15:00+00:00,2020-06-01 00:15:00+00:00,2020-06-01 00:15:00+00:00,1.1117899999999998,1.1121899999999998,1.11119,1.1121999999999999,STOP,0.0004,-1.0250000000000536,-1.1500000000000536,-0.41000000000002146
N4_MICRO_BREAKOUT,NEUTRAL,LONG,2020-06-01 00:15:00+00:00,2020-06-01 00:20:00+00:00,2020-06-01 00:20:00+00:00,2020-06-01 00:20:00+00:00,1.11257,1.11217,1.11317,1.11216,STOP,0.0004,-1.0250000000000536,-1.1500000000000536,-0.41000000000002146
N3_ANCHOR_REVERSION,NEUTRAL,SHORT,2020-06-01 00:25:00+00:00,2020-06-01 00:30:00+00:00,2020-06-01 00:30:00+00:00,2020-06-01 01:15:00+00:00,1.11209,1.11249,1.11149,1.1125,STOP,0.0004,-1.0250000000000536,-1.1500000000000536,-0.41000000000002146
N3_ANCHOR_REVERSION,NEUTRAL,SHORT,2020-06-01 03:55:00+00:00,2020-06-01 04:00:00+00:00,2020-06-01 04:00:00+00:00,2020-06-01 04:00:00+00:00,1.1132799999999998,1.1136799999999998,1.11268,1.1136899999999998,STOP,0.0004,-1.0250000000000536,-1.1500000000000536,-0.41000000000002146
N3_ANCHOR_REVERSION,NEUTRAL,SHORT,2020-06-02 10:00:00+00:00,2020-06-02 10:05:00+00:00,2020-06-02 10:05:00+00:00,2020-06-02 10:15:00+00:00,1.11729,1.1176899999999999,1.11669,1.1177,STOP,0.0004,-1.0250000000000536,-1.1500000000000536,-0.41000000000002146
N4_MICRO_BREAKOUT,NEUTRAL,LONG,2020-06-02 12:00:00+00:00,2020-06-02 12:05:00+00:00,2020-06-02 12:05:00+00:00,2020-06-02 12:05:00+00:00,1.11783,1.1174300000000001,1.11843,1.11742,STOP,0.0004,-1.0250000000000536,-1.1500000000000536,-0.41000000000002146
N1_ROLLING_SWEEP_FADE,NEUTRAL,SHORT,2020-06-02 12:05:00+00:00,2020-06-02 12:10:00+00:00,2020-06-02 12:10:00+00:00,2020-06-02 12:15:00+00:00,1.11738,1.11778,1.11678,1.11779,STOP,0.0004,-1.0250000000000536,-1.1500000000000536,-0.41000000000002146
N3_ANCHOR_REVERSION,NEUTRAL,SHORT,2020-06-02 14:10:00+00:00,2020-06-02 14:15:00+00:00,2020-06-02 14:15:00+00:00,2020-06-02 14:15:00+00:00,1.11802,1.11842,1.11742,1.11843,STOP,0.0004,-1.0250000000000536,-1.1500000000000536,-0.41000000000002146
N1_ROLLING_SWEEP_FADE,NEUTRAL,SHORT,2020-06-03 19:30:00+00:00,2020-06-03 19:35:00+00:00,2020-06-03 19:35:00+00:00,2020-06-03 19:45:00+00:00,1.12468,1.1250799999999999,1.12408,1.12509,STOP,0.0004,-1.0250000000000536,-1.1500000000000536,-0.41000000000002146
N3_ANCHOR_REVERSION,NEUTRAL,SHORT,2020-06-03 19:50:00+00:00,2020-06-03 19:55:00+00:00,2020-06-03 19:55:00+00:00,2020-06-03 20:00:00+00:00,1.1246699999999998,1.1250699999999998,1.12407,1.12408,TARGET,0.0004,1.474999999999671,1.349999999999671,0.5899999999998684
N3_ANCHOR_REVERSION,NEUTRAL,LONG,2020-06-03 22:50:00+00:00,2020-06-03 22:55:00+00:00,2020-06-03 22:55:00+00:00,2020-06-04 00:15:00+00:00,1.12318,1.1227800000000001,1.12378,1.12277,STOP,0.0004,-1.0250000000000536,-1.1500000000000536,-0.41000000000002146
N4_MICRO_BREAKOUT,NEUTRAL,SHORT,2020-06-04 00:15:00+00:00,2020-06-04 00:20:00+00:00,2020-06-04 00:20:00+00:00,2020-06-04 00:35:00+00:00,1.1225699999999998,1.1229699999999998,1.12197,1.12198,TARGET,0.0004,1.474999999999671,1.349999999999671,0.5899999999998684
N4_MICRO_BREAKOUT,NEUTRAL,SHORT,2020-06-04 00:35:00+00:00,2020-06-04 00:40:00+00:00,2020-06-04 00:40:00+00:00,2020-06-04 01:00:00+00:00,1.1219299999999999,1.1223299999999998,1.12133,1.12234,STOP,0.0004,-1.0250000000000536,-1.1500000000000536,-0.41000000000002146
N2_ASIA_RANGE_FADE,NEUTRAL,LONG,2020-06-04 06:55:00+00:00,2020-06-04 07:00:00+00:00,2020-06-04 07:00:00+00:00,2020-06-04 07:00:00+00:00,1.12125,1.1208500000000001,1.12185,1.12084,STOP,0.0004,-1.0250000000000536,-1.1500000000000536,-0.41000000000002146
N4_MICRO_BREAKOUT,NEUTRAL,SHORT,2020-06-04 07:20:00+00:00,2020-06-04 07:25:00+00:00,2020-06-04 07:25:00+00:00,2020-06-04 07:25:00+00:00,1.11992,1.12032,1.11932,1.12033,STOP,0.0004,-1.0250000000000536,-1.1500000000000536,-0.41000000000002146
N4_MICRO_BREAKOUT,NEUTRAL,SHORT,2020-06-05 01:10:00+00:00,2020-06-05 01:15:00+00:00,2020-06-05 01:15:00+00:00,2020-06-05 01:30:00+00:00,1.1329799999999999,1.1333799999999998,1.13238,1.13339,STOP,0.0004,-1.0250000000000536,-1.1500000000000536,-0.41000000000002146
N1_ROLLING_SWEEP_FADE,NEUTRAL,SHORT,2020-06-05 02:55:00+00:00,2020-06-05 03:00:00+00:00,2020-06-05 03:00:00+00:00,2020-06-05 03:10:00+00:00,1.13317,1.13357,1.13257,1.13358,STOP,0.0004,-1.0250000000000536,-1.1500000000000536,-0.41000000000002146
N1_ROLLING_SWEEP_FADE,NEUTRAL,SHORT,2020-06-05 03:55:00+00:00,2020-06-05 04:00:00+00:00,2020-06-05 04:00:00+00:00,2020-06-05 04:20:00+00:00,1.13388,1.13428,1.13328,1.13429,STOP,0.0004,-1.0250000000000536,-1.1500000000000536,-0.41000000000002146
N4_MICRO_BREAKOUT,NEUTRAL,LONG,2020-06-05 04:30:00+00:00,2020-06-05 04:35:00+00:00,2020-06-05 04:35:00+00:00,2020-06-05 05:00:00+00:00,1.1350500000000001,1.1346500000000002,1.13565,1.1346399999999999,STOP,0.0004,-1.0250000000006088,-1.1500000000006088,-0.4100000000002435
N1_ROLLING_SWEEP_FADE,NEUTRAL,SHORT,2020-06-08 22:10:00+00:00,2020-06-08 22:15:00+00:00,2020-06-08 22:15:00+00:00,2020-06-08 22:55:00+00:00,1.12924,1.12964,1.12864,1.12965,STOP,0.0004,-1.0250000000000536,-1.1500000000000536,-0.41000000000002146
N1_ROLLING_SWEEP_FADE,NEUTRAL,SHORT,2020-06-08 22:55:00+00:00,2020-06-08 23:00:00+00:00,2020-06-08 23:00:00+00:00,2020-06-08 23:20:00+00:00,1.12947,1.12987,1.12887,1.12988,STOP,0.0004,-1.0250000000000536,-1.1500000000000536,-0.41000000000002146
N4_MICRO_BREAKOUT,NEUTRAL,LONG,2020-06-08 23:35:00+00:00,2020-06-08 23:40:00+00:00,2020-06-08 23:40:00+00:00,2020-06-09 00:00:00+00:00,1.13032,1.12992,1.13092,1.1309099999999999,TARGET,0.0004,1.474999999999671,1.349999999999671,0.5899999999998684
N4_MICRO_BREAKOUT,NEUTRAL,LONG,2020-06-09 00:00:00+00:00,2020-06-09 00:05:00+00:00,2020-06-09 00:05:00+00:00,2020-06-09 00:20:00+00:00,1.1311300000000002,1.1307300000000002,1.1317300000000001,1.1307200000000002,STOP,0.0004,-1.0250000000000536,-1.1500000000000536,-0.41000000000002146
N3_ANCHOR_REVERSION,NEUTRAL,SHORT,2020-06-09 00:30:00+00:00,2020-06-09 00:35:00+00:00,2020-06-09 00:35:00+00:00,2020-06-09 01:00:00+00:00,1.13042,1.13082,1.12982,1.1298300000000001,TARGET,0.0004,1.474999999999671,1.349999999999671,0.5899999999998684
N1_ROLLING_SWEEP_FADE,NEUTRAL,LONG,2020-06-09 03:50:00+00:00,2020-06-09 03:55:00+00:00,2020-06-09 03:55:00+00:00,2020-06-09 05:45:00+00:00,1.1287500000000001,1.1283500000000002,1.12935,1.12934,TARGET,0.0004,1.474999999999671,1.349999999999671,0.5899999999998684
N3_ANCHOR_REVERSION,NEUTRAL,SHORT,2020-06-09 12:20:00+00:00,2020-06-09 12:25:00+00:00,2020-06-09 12:25:00+00:00,2020-06-09 12:25:00+00:00,1.12904,1.12944,1.12844,1.12945,STOP,0.0004,-1.0250000000000536,-1.1500000000000536,-0.41000000000002146
N3_ANCHOR_REVERSION,NEUTRAL,LONG,2020-06-10 00:00:00+00:00,2020-06-10 00:05:00+00:00,2020-06-10 00:05:00+00:00,2020-06-10 00:15:00+00:00,1.13347,1.13307,1.13407,1.1340599999999998,TARGET,0.0004,1.474999999999671,1.349999999999671,0.5899999999998684
N1_ROLLING_SWEEP_FADE,NEUTRAL,SHORT,2020-06-10 00:45:00+00:00,2020-06-10 00:50:00+00:00,2020-06-10 00:50:00+00:00,2020-06-10 01:15:00+00:00,1.13425,1.13465,1.13365,1.13466,STOP,0.0004,-1.0250000000000536,-1.1500000000000536,-0.41000000000002146
N1_ROLLING_SWEEP_FADE,NEUTRAL,SHORT,2020-06-10 04:50:00+00:00,2020-06-10 04:55:00+00:00,2020-06-10 04:55:00+00:00,2020-06-10 05:20:00+00:00,1.13449,1.13489,1.13389,1.1349,STOP,0.0004,-1.0250000000000536,-1.1500000000000536,-0.41000000000002146
N3_ANCHOR_REVERSION,NEUTRAL,LONG,2020-06-12 18:10:00+00:00,2020-06-12 18:15:00+00:00,2020-06-12 18:15:00+00:00,2020-06-12 18:20:00+00:00,1.12274,1.1223400000000001,1.12334,1.12233,STOP,0.0004,-1.0250000000000536,-1.1500000000000536,-0.41000000000002146
N3_ANCHOR_REVERSION,NEUTRAL,LONG,2020-06-12 18:30:00+00:00,2020-06-12 18:35:00+00:00,2020-06-12 18:35:00+00:00,2020-06-12 18:35:00+00:00,1.12307,1.12267,1.12367,1.12266,STOP,0.0004,-1.0250000000000536,-1.1500000000000536,-0.41000000000002146
N4_MICRO_BREAKOUT,NEUTRAL,SHORT,2020-06-14 22:05:00+00:00,2020-06-14 22:10:00+00:00,2020-06-14 22:10:00+00:00,2020-06-14 22:10:00+00:00,1.12275,1.1231499999999999,1.12215,1.12316,STOP,0.0004,-1.0250000000000536,-1.1500000000000536,-0.41000000000002146
N3_ANCHOR_REVERSION,NEUTRAL,LONG,2020-06-14 22:10:00+00:00,2020-06-14 22:15:00+00:00,2020-06-14 22:15:00+00:00,2020-06-14 22:25:00+00:00,1.12348,1.12308,1.12408,1.12407,TARGET,0.0004,1.474999999999671,1.349999999999671,0.5899999999998684
N1_ROLLING_SWEEP_FADE,NEUTRAL,SHORT,2020-06-14 22:50:00+00:00,2020-06-14 22:55:00+00:00,2020-06-14 22:55:00+00:00,2020-06-14 23:35:00+00:00,1.12472,1.12512,1.12412,1.12513,STOP,0.0004,-1.0250000000000536,-1.1500000000000536,-0.41000000000002146
N1_ROLLING_SWEEP_FADE,NEUTRAL,SHORT,2020-06-14 23:45:00+00:00,2020-06-14 23:50:00+00:00,2020-06-14 23:50:00+00:00,2020-06-15 00:05:00+00:00,1.12514,1.12554,1.12454,1.12555,STOP,0.0004,-1.0250000000000536,-1.1500000000000536,-0.41000000000002146
N3_ANCHOR_REVERSION,NEUTRAL,SHORT,2020-06-15 00:10:00+00:00,2020-06-15 00:15:00+00:00,2020-06-15 00:15:00+00:00,2020-06-15 00:35:00+00:00,1.1254199999999999,1.1258199999999998,1.12482,1.1258299999999999,STOP,0.0004,-1.0250000000000536,-1.1500000000000536,-0.41000000000002146
N1_ROLLING_SWEEP_FADE,NEUTRAL,SHORT,2020-06-15 00:40:00+00:00,2020-06-15 00:45:00+00:00,2020-06-15 00:45:00+00:00,2020-06-15 00:50:00+00:00,1.12563,1.1260299999999999,1.12503,1.12504,TARGET,0.0004,1.474999999999671,1.349999999999671,0.5899999999998684
N1_ROLLING_SWEEP_FADE,NEUTRAL,LONG,2020-06-15 01:00:00+00:00,2020-06-15 01:05:00+00:00,2020-06-15 01:05:00+00:00,2020-06-15 01:45:00+00:00,1.12494,1.12454,1.12554,1.12553,TARGET,0.0004,1.474999999999671,1.349999999999671,0.5899999999998684
N3_ANCHOR_REVERSION,NEUTRAL,SHORT,2020-06-15 04:40:00+00:00,2020-06-15 04:45:00+00:00,2020-06-15 04:45:00+00:00,2020-06-15 05:00:00+00:00,1.12625,1.12665,1.12565,1.12566,TARGET,0.0004,1.474999999999671,1.349999999999671,0.5899999999998684
N4_MICRO_BREAKOUT,NEUTRAL,LONG,2020-06-15 23:55:00+00:00,2020-06-16 00:00:00+00:00,2020-06-16 00:00:00+00:00,2020-06-16 00:05:00+00:00,1.1338400000000002,1.1334400000000002,1.1344400000000001,1.1334300000000002,STOP,0.0004,-1.0250000000000536,-1.1500000000000536,-0.41000000000002146
N3_ANCHOR_REVERSION,NEUTRAL,SHORT,2020-06-16 00:05:00+00:00,2020-06-16 00:10:00+00:00,2020-06-16 00:10:00+00:00,2020-06-16 00:15:00+00:00,1.1333,1.1337,1.1327,1.13371,STOP,0.0004,-1.0250000000000536,-1.1500000000000536,-0.41000000000002146
N3_ANCHOR_REVERSION,NEUTRAL,SHORT,2020-06-16 00:20:00+00:00,2020-06-16 00:25:00+00:00,2020-06-16 00:25:00+00:00,2020-06-16 01:00:00+00:00,1.13327,1.13367,1.13267,1.13368,STOP,0.0004,-1.0250000000000536,-1.1500000000000536,-0.41000000000002146
N1_ROLLING_SWEEP_FADE,NEUTRAL,LONG,2020-06-16 01:25:00+00:00,2020-06-16 01:30:00+00:00,2020-06-16 01:30:00+00:00,2020-06-16 01:30:00+00:00,1.1333300000000002,1.1329300000000002,1.13393,1.1329200000000001,STOP,0.0004,-1.0250000000000536,-1.1500000000000536,-0.41000000000002146
N4_MICRO_BREAKOUT,NEUTRAL,LONG,2020-06-17 00:05:00+00:00,2020-06-17 00:10:00+00:00,2020-06-17 00:10:00+00:00,2020-06-17 00:10:00+00:00,1.1267900000000002,1.1263900000000002,1.1273900000000001,1.1263800000000002,STOP,0.0004,-1.0250000000000536,-1.1500000000000536,-0.41000000000002146
N1_ROLLING_SWEEP_FADE,NEUTRAL,SHORT,2020-06-17 00:15:00+00:00,2020-06-17 00:20:00+00:00,2020-06-17 00:20:00+00:00,2020-06-17 00:40:00+00:00,1.12601,1.12641,1.12541,1.12642,STOP,0.0004,-1.0250000000000536,-1.1500000000000536,-0.41000000000002146
N4_MICRO_BREAKOUT,NEUTRAL,LONG,2020-06-17 00:45:00+00:00,2020-06-17 00:50:00+00:00,2020-06-17 00:50:00+00:00,2020-06-17 00:50:00+00:00,1.12718,1.1267800000000001,1.12778,1.12677,STOP,0.0004,-1.0250000000000536,-1.1500000000000536,-0.41000000000002146
N3_ANCHOR_REVERSION,NEUTRAL,SHORT,2020-06-17 00:50:00+00:00,2020-06-17 00:55:00+00:00,2020-06-17 00:55:00+00:00,2020-06-17 00:55:00+00:00,1.1268099999999999,1.1272099999999998,1.12621,1.1272199999999999,STOP,0.0004,-1.0250000000000536,-1.1500000000000536,-0.41000000000002146
N4_MICRO_BREAKOUT,NEUTRAL,SHORT,2020-06-18 16:55:00+00:00,2020-06-18 17:00:00+00:00,2020-06-18 17:00:00+00:00,2020-06-18 17:00:00+00:00,1.11931,1.11971,1.11871,1.1187200000000002,TARGET,0.0004,1.474999999999671,1.349999999999671,0.5899999999998684
N1_ROLLING_SWEEP_FADE,NEUTRAL,LONG,2020-06-18 17:00:00+00:00,2020-06-18 17:05:00+00:00,2020-06-18 17:05:00+00:00,2020-06-18 17:20:00+00:00,1.11942,1.1190200000000001,1.12002,1.11901,STOP,0.0004,-1.0250000000000536,-1.1500000000000536,-0.41000000000002146
N1_ROLLING_SWEEP_FADE,NEUTRAL,SHORT,2020-06-18 18:00:00+00:00,2020-06-18 18:05:00+00:00,2020-06-18 18:05:00+00:00,2020-06-18 18:20:00+00:00,1.1202699999999999,1.1206699999999998,1.11967,1.12068,STOP,0.0004,-1.0250000000000536,-1.1500000000000536,-0.41000000000002146
N4_MICRO_BREAKOUT,NEUTRAL,SHORT,2020-06-18 19:55:00+00:00,2020-06-18 20:00:00+00:00,2020-06-18 20:00:00+00:00,2020-06-18 20:20:00+00:00,1.12025,1.12065,1.11965,1.12066,STOP,0.0004,-1.0250000000000536,-1.1500000000000536,-0.41000000000002146
N3_ANCHOR_REVERSION,NEUTRAL,LONG,2020-06-19 00:20:00+00:00,2020-06-19 00:25:00+00:00,2020-06-19 00:25:00+00:00,2020-06-19 00:45:00+00:00,1.1203800000000002,1.1199800000000002,1.12098,1.1199700000000001,STOP,0.0004,-1.0250000000000536,-1.1500000000000536,-0.41000000000002146
N1_ROLLING_SWEEP_FADE,NEUTRAL,LONG,2020-06-19 00:45:00+00:00,2020-06-19 00:50:00+00:00,2020-06-19 00:50:00+00:00,2020-06-19 01:30:00+00:00,1.12019,1.11979,1.12079,1.1207799999999999,TARGET,0.0004,1.474999999999671,1.349999999999671,0.5899999999998684
N4_MICRO_BREAKOUT,NEUTRAL,SHORT,2020-06-19 14:40:00+00:00,2020-06-19 14:45:00+00:00,2020-06-19 14:45:00+00:00,2020-06-19 14:45:00+00:00,1.11946,1.1198599999999999,1.11886,1.11887,TARGET,0.0004,1.474999999999671,1.349999999999671,0.5899999999998684
N3_ANCHOR_REVERSION,NEUTRAL,LONG,2020-06-19 16:00:00+00:00,2020-06-19 16:05:00+00:00,2020-06-19 16:05:00+00:00,2020-06-19 16:10:00+00:00,1.1189900000000002,1.1185900000000002,1.11959,1.1185800000000001,STOP,0.0004,-1.0250000000000536,-1.1500000000000536,-0.41000000000002146
N3_ANCHOR_REVERSION,NEUTRAL,LONG,2020-06-21 22:15:00+00:00,2020-06-21 22:20:00+00:00,2020-06-21 22:20:00+00:00,2020-06-21 23:10:00+00:00,1.11798,1.11758,1.11858,1.11757,STOP,0.0004,-1.0250000000000536,-1.1500000000000536,-0.41000000000002146
N4_MICRO_BREAKOUT,NEUTRAL,SHORT,2020-06-21 23:15:00+00:00,2020-06-21 23:20:00+00:00,2020-06-21 23:20:00+00:00,2020-06-21 23:50:00+00:00,1.1172199999999999,1.1176199999999998,1.11662,1.11763,STOP,0.0004,-1.0250000000000536,-1.1500000000000536,-0.41000000000002146
N1_ROLLING_SWEEP_FADE,NEUTRAL,SHORT,2020-06-22 00:20:00+00:00,2020-06-22 00:25:00+00:00,2020-06-22 00:25:00+00:00,2020-06-22 00:30:00+00:00,1.1179299999999999,1.1183299999999998,1.11733,1.11834,STOP,0.0004,-1.0250000000000536,-1.1500000000000536,-0.41000000000002146
N1_ROLLING_SWEEP_FADE,NEUTRAL,SHORT,2020-06-22 00:30:00+00:00,2020-06-22 00:35:00+00:00,2020-06-22 00:35:00+00:00,2020-06-22 00:40:00+00:00,1.11791,1.11831,1.11731,1.11832,STOP,0.0004,-1.0250000000000536,-1.1500000000000536,-0.41000000000002146
N1_ROLLING_SWEEP_FADE,NEUTRAL,SHORT,2020-06-22 00:45:00+00:00,2020-06-22 00:50:00+00:00,2020-06-22 00:50:00+00:00,2020-06-22 01:05:00+00:00,1.11834,1.1187399999999998,1.11774,1.11875,STOP,0.0004,-1.0250000000000536,-1.1500000000000536,-0.41000000000002146
N4_MICRO_BREAKOUT,NEUTRAL,LONG,2020-06-22 02:25:00+00:00,2020-06-22 02:30:00+00:00,2020-06-22 02:30:00+00:00,2020-06-22 03:00:00+00:00,1.11939,1.1189900000000002,1.11999,1.11898,STOP,0.0004,-1.0250000000000536,-1.1500000000000536,-0.41000000000002146
N3_ANCHOR_REVERSION,NEUTRAL,SHORT,2020-06-22 23:55:00+00:00,2020-06-23 00:00:00+00:00,2020-06-23 00:00:00+00:00,2020-06-23 00:35:00+00:00,1.12774,1.12814,1.12714,1.12715,TARGET,0.0004,1.474999999999671,1.349999999999671,0.5899999999998684
N4_MICRO_BREAKOUT,NEUTRAL,SHORT,2020-06-23 01:10:00+00:00,2020-06-23 01:15:00+00:00,2020-06-23 01:15:00+00:00,2020-06-23 01:15:00+00:00,1.1250099999999998,1.1254099999999998,1.12441,1.12442,TARGET,0.0004,1.474999999999671,1.349999999999671,0.5899999999998684
N3_ANCHOR_REVERSION,NEUTRAL,LONG,2020-06-23 01:30:00+00:00,2020-06-23 01:35:00+00:00,2020-06-23 01:35:00+00:00,2020-06-23 01:35:00+00:00,1.1241800000000002,1.1237800000000002,1.1247800000000001,1.1237700000000002,STOP,0.0004,-1.0250000000000536,-1.1500000000000536,-0.41000000000002146
N3_ANCHOR_REVERSION,NEUTRAL,LONG,2020-06-23 01:45:00+00:00,2020-06-23 01:50:00+00:00,2020-06-23 01:50:00+00:00,2020-06-23 01:50:00+00:00,1.12415,1.12375,1.12475,1.1247399999999999,TARGET,0.0004,1.474999999999671,1.349999999999671,0.5899999999998684
N4_MICRO_BREAKOUT,NEUTRAL,LONG,2020-06-24 00:00:00+00:00,2020-06-24 00:05:00+00:00,2020-06-24 00:05:00+00:00,2020-06-24 01:20:00+00:00,1.1317300000000001,1.1313300000000002,1.13233,1.13232,TARGET,0.0004,1.474999999999671,1.349999999999671,0.5899999999998684
N4_MICRO_BREAKOUT,NEUTRAL,LONG,2020-06-24 01:20:00+00:00,2020-06-24 01:25:00+00:00,2020-06-24 01:25:00+00:00,2020-06-24 01:50:00+00:00,1.13246,1.13206,1.13306,1.13205,STOP,0.0004,-1.0250000000000536,-1.1500000000000536,-0.41000000000002146
N1_ROLLING_SWEEP_FADE,NEUTRAL,SHORT,2020-06-24 15:05:00+00:00,2020-06-24 15:10:00+00:00,2020-06-24 15:10:00+00:00,2020-06-24 15:10:00+00:00,1.12717,1.12757,1.12657,1.1265800000000001,TARGET,0.0004,1.474999999999671,1.349999999999671,0.5899999999998684
N4_MICRO_BREAKOUT,NEUTRAL,SHORT,2020-06-25 12:00:00+00:00,2020-06-25 12:05:00+00:00,2020-06-25 12:05:00+00:00,2020-06-25 12:05:00+00:00,1.11912,1.1195199999999998,1.11852,1.11953,STOP,0.0004,-1.0250000000000536,-1.1500000000000536,-0.41000000000002146
N1_ROLLING_SWEEP_FADE,NEUTRAL,LONG,2020-06-25 12:05:00+00:00,2020-06-25 12:10:00+00:00,2020-06-25 12:10:00+00:00,2020-06-25 12:35:00+00:00,1.1200100000000002,1.1196100000000002,1.12061,1.1206,TARGET,0.0004,1.474999999999671,1.349999999999671,0.5899999999998684
N3_ANCHOR_REVERSION,NEUTRAL,LONG,2020-06-25 12:45:00+00:00,2020-06-25 12:50:00+00:00,2020-06-25 12:50:00+00:00,2020-06-25 12:50:00+00:00,1.1206200000000002,1.1202200000000002,1.12122,1.1202100000000002,STOP,0.0004,-1.0250000000000536,-1.1500000000000536,-0.41000000000002146
N4_MICRO_BREAKOUT,NEUTRAL,LONG,2020-06-25 14:10:00+00:00,2020-06-25 14:15:00+00:00,2020-06-25 14:15:00+00:00,2020-06-25 14:35:00+00:00,1.1227900000000002,1.1223900000000002,1.12339,1.1223800000000002,STOP,0.0004,-1.0250000000000536,-1.1500000000000536,-0.41000000000002146
N1_ROLLING_SWEEP_FADE,NEUTRAL,SHORT,2020-06-26 19:10:00+00:00,2020-06-26 19:15:00+00:00,2020-06-26 19:15:00+00:00,2020-06-26 20:40:00+00:00,1.12265,1.1230499999999999,1.12205,1.12206,TARGET,0.0004,1.474999999999671,1.349999999999671,0.5899999999998684
N4_MICRO_BREAKOUT,NEUTRAL,SHORT,2020-06-26 20:50:00+00:00,2020-06-26 20:55:00+00:00,2020-06-26 20:55:00+00:00,2020-06-26 20:55:00+00:00,1.12182,1.12222,1.12122,1.12205,TIME_12H,0.0004,-0.5749999999998812,-0.6999999999998812,-0.22999999999995246
N4_MICRO_BREAKOUT,NEUTRAL,LONG,2020-06-28 23:00:00+00:00,2020-06-28 23:05:00+00:00,2020-06-28 23:05:00+00:00,2020-06-28 23:15:00+00:00,1.1226,1.1222,1.1232,1.12219,STOP,0.0004,-1.0250000000000536,-1.1500000000000536,-0.41000000000002146
N4_MICRO_BREAKOUT,NEUTRAL,SHORT,2020-06-28 23:20:00+00:00,2020-06-28 23:25:00+00:00,2020-06-28 23:25:00+00:00,2020-06-28 23:35:00+00:00,1.12215,1.12255,1.12155,1.12256,STOP,0.0004,-1.0250000000000536,-1.1500000000000536,-0.41000000000002146
N1_ROLLING_SWEEP_FADE,NEUTRAL,SHORT,2020-06-29 00:50:00+00:00,2020-06-29 00:55:00+00:00,2020-06-29 00:55:00+00:00,2020-06-29 00:55:00+00:00,1.1225699999999998,1.1229699999999998,1.12197,1.1229799999999999,STOP,0.0004,-1.0250000000000536,-1.1500000000000536,-0.41000000000002146
N1_ROLLING_SWEEP_FADE,NEUTRAL,SHORT,2020-06-29 05:00:00+00:00,2020-06-29 05:05:00+00:00,2020-06-29 05:05:00+00:00,2020-06-29 05:05:00+00:00,1.12417,1.1245699999999998,1.12357,1.12458,STOP,0.0004,-1.0250000000000536,-1.1500000000000536,-0.41000000000002146
N4_MICRO_BREAKOUT,NEUTRAL,LONG,2020-06-29 05:05:00+00:00,2020-06-29 05:10:00+00:00,2020-06-29 05:10:00+00:00,2020-06-29 05:35:00+00:00,1.1247500000000001,1.1243500000000002,1.12535,1.12534,TARGET,0.0004,1.474999999999671,1.349999999999671,0.5899999999998684
N4_MICRO_BREAKOUT,NEUTRAL,LONG,2020-06-29 05:35:00+00:00,2020-06-29 05:40:00+00:00,2020-06-29 05:40:00+00:00,2020-06-29 05:50:00+00:00,1.12578,1.12538,1.12638,1.12537,STOP,0.0004,-1.0250000000000536,-1.1500000000000536,-0.41000000000002146
N3_ANCHOR_REVERSION,NEUTRAL,SHORT,2020-06-29 23:55:00+00:00,2020-06-30 00:00:00+00:00,2020-06-30 00:00:00+00:00,2020-06-30 00:35:00+00:00,1.12465,1.1250499999999999,1.12405,1.12406,TARGET,0.0004,1.474999999999671,1.349999999999671,0.5899999999998684
N1_ROLLING_SWEEP_FADE,NEUTRAL,LONG,2020-06-30 00:40:00+00:00,2020-06-30 00:45:00+00:00,2020-06-30 00:45:00+00:00,2020-06-30 00:50:00+00:00,1.1241700000000001,1.1237700000000002,1.12477,1.12376,STOP,0.0004,-1.0250000000000536,-1.1500000000000536,-0.41000000000002146
N1_ROLLING_SWEEP_FADE,NEUTRAL,SHORT,2020-06-30 02:05:00+00:00,2020-06-30 02:10:00+00:00,2020-06-30 02:10:00+00:00,2020-06-30 03:50:00+00:00,1.12455,1.12495,1.12395,1.12396,TARGET,0.0004,1.474999999999671,1.349999999999671,0.5899999999998684
N4_MICRO_BREAKOUT,NEUTRAL,SHORT,2020-06-30 03:50:00+00:00,2020-06-30 03:55:00+00:00,2020-06-30 03:55:00+00:00,2020-06-30 04:10:00+00:00,1.1238299999999999,1.1242299999999998,1.12323,1.12424,STOP,0.0004,-1.0250000000000536,-1.1500000000000536,-0.41000000000002146
N4_MICRO_BREAKOUT,NEUTRAL,SHORT,2020-07-01 00:00:00+00:00,2020-07-01 00:05:00+00:00,2020-07-01 00:05:00+00:00,2020-07-01 00:35:00+00:00,1.1229,1.1233,1.1223,1.12331,STOP,0.0004,-1.0250000000000536,-1.1500000000000536,-0.41000000000002146
N1_ROLLING_SWEEP_FADE,NEUTRAL,SHORT,2020-07-01 01:35:00+00:00,2020-07-01 01:40:00+00:00,2020-07-01 01:40:00+00:00,2020-07-01 02:00:00+00:00,1.12365,1.12405,1.12305,1.12406,STOP,0.0004,-1.0250000000000536,-1.1500000000000536,-0.41000000000002146
N4_MICRO_BREAKOUT,NEUTRAL,SHORT,2020-07-01 03:40:00+00:00,2020-07-01 03:45:00+00:00,2020-07-01 03:45:00+00:00,2020-07-01 03:55:00+00:00,1.12314,1.12354,1.12254,1.1225500000000002,TARGET,0.0004,1.474999999999671,1.349999999999671,0.5899999999998684
N3_ANCHOR_REVERSION,NEUTRAL,LONG,2020-07-01 04:30:00+00:00,2020-07-01 04:35:00+00:00,2020-07-01 04:35:00+00:00,2020-07-01 04:40:00+00:00,1.1226800000000001,1.1222800000000002,1.12328,1.12227,STOP,0.0004,-1.0250000000000536,-1.1500000000000536,-0.41000000000002146
N1_ROLLING_SWEEP_FADE,NEUTRAL,SHORT,2020-07-02 00:00:00+00:00,2020-07-02 00:05:00+00:00,2020-07-02 00:05:00+00:00,2020-07-02 01:20:00+00:00,1.1251,1.1255,1.1245,1.12551,STOP,0.0004,-1.0250000000000536,-1.1500000000000536,-0.41000000000002146
N4_MICRO_BREAKOUT,NEUTRAL,LONG,2020-07-02 01:20:00+00:00,2020-07-02 01:25:00+00:00,2020-07-02 01:25:00+00:00,2020-07-02 01:55:00+00:00,1.1258000000000001,1.1254000000000002,1.1264,1.1253900000000001,STOP,0.0004,-1.0250000000000536,-1.1500000000000536,-0.41000000000002146
N3_ANCHOR_REVERSION,NEUTRAL,LONG,2020-07-02 16:55:00+00:00,2020-07-02 17:00:00+00:00,2020-07-02 17:00:00+00:00,2020-07-02 17:20:00+00:00,1.12293,1.12253,1.12353,1.1235199999999999,TARGET,0.0004,1.474999999999671,1.349999999999671,0.5899999999998684
N1_ROLLING_SWEEP_FADE,NEUTRAL,SHORT,2020-07-02 20:00:00+00:00,2020-07-02 20:05:00+00:00,2020-07-02 20:05:00+00:00,2020-07-02 20:15:00+00:00,1.12374,1.12414,1.12314,1.12415,STOP,0.0004,-1.0250000000000536,-1.1500000000000536,-0.41000000000002146
N4_MICRO_BREAKOUT,NEUTRAL,SHORT,2020-07-03 00:00:00+00:00,2020-07-03 00:05:00+00:00,2020-07-03 00:05:00+00:00,2020-07-03 00:15:00+00:00,1.12367,1.12407,1.12307,1.12408,STOP,0.0004,-1.0250000000000536,-1.1500000000000536,-0.41000000000002146
N4_MICRO_BREAKOUT,NEUTRAL,LONG,2020-07-03 00:15:00+00:00,2020-07-03 00:20:00+00:00,2020-07-03 00:20:00+00:00,2020-07-03 00:20:00+00:00,1.12413,1.1237300000000001,1.12473,1.12372,STOP,0.0004,-1.0250000000000536,-1.1500000000000536,-0.41000000000002146
N4_MICRO_BREAKOUT,NEUTRAL,SHORT,2020-07-03 00:30:00+00:00,2020-07-03 00:35:00+00:00,2020-07-03 00:35:00+00:00,2020-07-03 00:55:00+00:00,1.12354,1.12394,1.12294,1.12395,STOP,0.0004,-1.0250000000000536,-1.1500000000000536,-0.41000000000002146
N4_MICRO_BREAKOUT,NEUTRAL,LONG,2020-07-03 01:10:00+00:00,2020-07-03 01:15:00+00:00,2020-07-03 01:15:00+00:00,2020-07-03 01:25:00+00:00,1.12429,1.12389,1.12489,1.1248799999999999,TARGET,0.0004,1.474999999999671,1.349999999999671,0.5899999999998684
N1_ROLLING_SWEEP_FADE,NEUTRAL,SHORT,2020-07-06 03:55:00+00:00,2020-07-06 04:00:00+00:00,2020-07-06 04:00:00+00:00,2020-07-06 04:55:00+00:00,1.12826,1.12866,1.12766,1.12867,STOP,0.0004,-1.0250000000000536,-1.1500000000000536,-0.41000000000002146
N4_MICRO_BREAKOUT,NEUTRAL,LONG,2020-07-06 04:55:00+00:00,2020-07-06 05:00:00+00:00,2020-07-06 05:00:00+00:00,2020-07-06 05:00:00+00:00,1.1292300000000002,1.1288300000000002,1.1298300000000001,1.1288200000000002,STOP,0.0004,-1.0250000000000536,-1.1500000000000536,-0.41000000000002146
N3_ANCHOR_REVERSION,NEUTRAL,SHORT,2020-07-06 05:00:00+00:00,2020-07-06 05:05:00+00:00,2020-07-06 05:05:00+00:00,2020-07-06 05:25:00+00:00,1.12863,1.12903,1.12803,1.12904,STOP,0.0004,-1.0250000000000536,-1.1500000000000536,-0.41000000000002146
N3_ANCHOR_REVERSION,NEUTRAL,SHORT,2020-07-06 05:30:00+00:00,2020-07-06 05:35:00+00:00,2020-07-06 05:35:00+00:00,2020-07-06 05:55:00+00:00,1.12882,1.12922,1.12822,1.12923,STOP,0.0004,-1.0250000000000536,-1.1500000000000536,-0.41000000000002146
N1_ROLLING_SWEEP_FADE,NEUTRAL,LONG,2020-07-07 00:00:00+00:00,2020-07-07 00:05:00+00:00,2020-07-07 00:05:00+00:00,2020-07-07 00:15:00+00:00,1.1315600000000001,1.1311600000000002,1.13216,1.13215,TARGET,0.0004,1.474999999999671,1.349999999999671,0.5899999999998684
N1_ROLLING_SWEEP_FADE,NEUTRAL,SHORT,2020-07-07 00:25:00+00:00,2020-07-07 00:30:00+00:00,2020-07-07 00:30:00+00:00,2020-07-07 00:35:00+00:00,1.1323999999999999,1.1327999999999998,1.1318,1.1328099999999999,STOP,0.0004,-1.0250000000000536,-1.1500000000000536,-0.41000000000002146
N3_ANCHOR_REVERSION,NEUTRAL,SHORT,2020-07-07 00:45:00+00:00,2020-07-07 00:50:00+00:00,2020-07-07 00:50:00+00:00,2020-07-07 01:15:00+00:00,1.1328799999999999,1.1332799999999998,1.13228,1.13229,TARGET,0.0004,1.474999999999671,1.349999999999671,0.5899999999998684
N4_MICRO_BREAKOUT,NEUTRAL,SHORT,2020-07-07 08:55:00+00:00,2020-07-07 09:00:00+00:00,2020-07-07 09:00:00+00:00,2020-07-07 09:15:00+00:00,1.12642,1.12682,1.12582,1.12683,STOP,0.0004,-1.0250000000000536,-1.1500000000000536,-0.41000000000002146
N4_MICRO_BREAKOUT,NEUTRAL,SHORT,2020-07-14 19:00:00+00:00,2020-07-14 19:05:00+00:00,2020-07-14 19:05:00+00:00,2020-07-14 19:20:00+00:00,1.13892,1.1393199999999999,1.13832,1.13933,STOP,0.0004,-1.0250000000000536,-1.1500000000000536,-0.41000000000002146
N4_MICRO_BREAKOUT,NEUTRAL,LONG,2020-07-14 21:55:00+00:00,2020-07-14 22:00:00+00:00,2020-07-14 22:00:00+00:00,2020-07-14 22:20:00+00:00,1.14029,1.13989,1.14089,1.14088,TARGET,0.0004,1.474999999999671,1.349999999999671,0.5899999999998684
N4_MICRO_BREAKOUT,NEUTRAL,LONG,2020-07-14 22:20:00+00:00,2020-07-14 22:25:00+00:00,2020-07-14 22:25:00+00:00,2020-07-14 23:40:00+00:00,1.1410500000000001,1.1406500000000002,1.14165,1.14064,STOP,0.0004,-1.0250000000000536,-1.1500000000000536,-0.41000000000002146
N3_ANCHOR_REVERSION,NEUTRAL,SHORT,2020-07-14 23:40:00+00:00,2020-07-14 23:45:00+00:00,2020-07-14 23:45:00+00:00,2020-07-14 23:55:00+00:00,1.1406699999999999,1.1410699999999998,1.14007,1.1410799999999999,STOP,0.0004,-1.0250000000000536,-1.1500000000000536,-0.41000000000002146
N4_MICRO_BREAKOUT,NEUTRAL,LONG,2020-07-15 00:00:00+00:00,2020-07-15 00:05:00+00:00,2020-07-15 00:05:00+00:00,2020-07-15 00:05:00+00:00,1.14155,1.14115,1.14215,1.14214,TARGET,0.0004,1.474999999999671,1.349999999999671,0.5899999999998684
N1_ROLLING_SWEEP_FADE,NEUTRAL,SHORT,2020-07-15 00:10:00+00:00,2020-07-15 00:15:00+00:00,2020-07-15 00:15:00+00:00,2020-07-15 00:20:00+00:00,1.1417899999999999,1.1421899999999998,1.14119,1.1412,TARGET,0.0004,1.474999999999671,1.349999999999671,0.5899999999998684
N4_MICRO_BREAKOUT,NEUTRAL,LONG,2020-07-15 01:25:00+00:00,2020-07-15 01:30:00+00:00,2020-07-15 01:30:00+00:00,2020-07-15 01:30:00+00:00,1.1419300000000001,1.1415300000000002,1.14253,1.14152,STOP,0.0004,-1.0250000000000536,-1.1500000000000536,-0.41000000000002146
N3_ANCHOR_REVERSION,NEUTRAL,LONG,2020-07-17 01:10:00+00:00,2020-07-17 01:15:00+00:00,2020-07-17 01:15:00+00:00,2020-07-17 01:15:00+00:00,1.13826,1.13786,1.13886,1.13785,STOP,0.0004,-1.0250000000000536,-1.1500000000000536,-0.41000000000002146
N3_ANCHOR_REVERSION,NEUTRAL,LONG,2020-07-17 01:20:00+00:00,2020-07-17 01:25:00+00:00,2020-07-17 01:25:00+00:00,2020-07-17 01:30:00+00:00,1.1382400000000001,1.1378400000000002,1.13884,1.1378300000000001,STOP,0.0004,-1.0250000000000536,-1.1500000000000536,-0.41000000000002146
N4_MICRO_BREAKOUT,NEUTRAL,SHORT,2020-07-17 05:15:00+00:00,2020-07-17 05:20:00+00:00,2020-07-17 05:20:00+00:00,2020-07-17 05:40:00+00:00,1.13829,1.13869,1.13769,1.1387,STOP,0.0004,-1.0250000000000536,-1.1500000000000536,-0.41000000000002146
N3_ANCHOR_REVERSION,NEUTRAL,LONG,2020-07-17 06:00:00+00:00,2020-07-17 06:05:00+00:00,2020-07-17 06:05:00+00:00,2020-07-17 07:00:00+00:00,1.13806,1.1376600000000001,1.13866,1.13865,TARGET,0.0004,1.474999999999671,1.349999999999671,0.5899999999998684
N2_ASIA_RANGE_FADE,NEUTRAL,SHORT,2020-07-20 11:55:00+00:00,2020-07-20 12:00:00+00:00,2020-07-20 12:00:00+00:00,2020-07-20 12:00:00+00:00,1.14459,1.14499,1.14399,1.145,STOP,0.0004,-1.0250000000000536,-1.1500000000000536,-0.41000000000002146
N4_MICRO_BREAKOUT,NEUTRAL,SHORT,2020-07-20 12:00:00+00:00,2020-07-20 12:05:00+00:00,2020-07-20 12:05:00+00:00,2020-07-20 12:05:00+00:00,1.14432,1.14472,1.14372,1.14473,STOP,0.0004,-1.0250000000000536,-1.1500000000000536,-0.41000000000002146
N1_ROLLING_SWEEP_FADE,NEUTRAL,LONG,2020-07-20 12:05:00+00:00,2020-07-20 12:10:00+00:00,2020-07-20 12:10:00+00:00,2020-07-20 12:15:00+00:00,1.1448900000000002,1.1444900000000002,1.1454900000000001,1.1444800000000002,STOP,0.0004,-1.0250000000000536,-1.1500000000000536,-0.41000000000002146
N4_MICRO_BREAKOUT,NEUTRAL,SHORT,2020-07-20 12:45:00+00:00,2020-07-20 12:50:00+00:00,2020-07-20 12:50:00+00:00,2020-07-20 12:50:00+00:00,1.14339,1.1437899999999999,1.14279,1.1428,TARGET,0.0004,1.474999999999671,1.349999999999671,0.5899999999998684
N4_MICRO_BREAKOUT,NEUTRAL,SHORT,2020-08-09 22:20:00+00:00,2020-08-09 22:25:00+00:00,2020-08-09 22:25:00+00:00,2020-08-09 22:30:00+00:00,1.1775,1.1779,1.1769,1.17791,STOP,0.0004,-1.0250000000000536,-1.1500000000000536,-0.41000000000002146
N3_ANCHOR_REVERSION,NEUTRAL,LONG,2020-08-09 22:30:00+00:00,2020-08-09 22:35:00+00:00,2020-08-09 22:35:00+00:00,2020-08-09 22:55:00+00:00,1.17806,1.1776600000000002,1.17866,1.17765,STOP,0.0004,-1.0250000000000536,-1.1500000000000536,-0.41000000000002146
N4_MICRO_BREAKOUT,NEUTRAL,LONG,2020-08-10 00:15:00+00:00,2020-08-10 00:20:00+00:00,2020-08-10 00:20:00+00:00,2020-08-10 06:00:00+00:00,1.1792500000000001,1.1788500000000002,1.17985,1.17984,TARGET,0.0004,1.474999999999671,1.349999999999671,0.5899999999998684
N3_ANCHOR_REVERSION,NEUTRAL,SHORT,2020-08-13 10:55:00+00:00,2020-08-13 11:00:00+00:00,2020-08-13 11:00:00+00:00,2020-08-13 11:00:00+00:00,1.18425,1.18465,1.18365,1.18466,STOP,0.0004,-1.0250000000000536,-1.1500000000000536,-0.41000000000002146
N3_ANCHOR_REVERSION,NEUTRAL,LONG,2020-08-13 19:20:00+00:00,2020-08-13 19:25:00+00:00,2020-08-13 19:25:00+00:00,2020-08-13 20:05:00+00:00,1.18032,1.17992,1.18092,1.18091,TARGET,0.0004,1.474999999999671,1.349999999999671,0.5899999999998684
N1_ROLLING_SWEEP_FADE,NEUTRAL,LONG,2020-08-13 22:20:00+00:00,2020-08-13 22:25:00+00:00,2020-08-13 22:25:00+00:00,2020-08-13 23:35:00+00:00,1.1813600000000002,1.1809600000000002,1.1819600000000001,1.18195,TARGET,0.0004,1.474999999999671,1.349999999999671,0.5899999999998684
N4_MICRO_BREAKOUT,NEUTRAL,LONG,2020-08-13 23:35:00+00:00,2020-08-13 23:40:00+00:00,2020-08-13 23:40:00+00:00,2020-08-13 23:55:00+00:00,1.1820700000000002,1.1816700000000002,1.18267,1.1816600000000002,STOP,0.0004,-1.0250000000000536,-1.1500000000000536,-0.41000000000002146
N1_ROLLING_SWEEP_FADE,NEUTRAL,LONG,2020-08-14 00:25:00+00:00,2020-08-14 00:30:00+00:00,2020-08-14 00:30:00+00:00,2020-08-14 00:45:00+00:00,1.1813500000000001,1.1809500000000002,1.18195,1.18094,STOP,0.0004,-1.0250000000000536,-1.1500000000000536,-0.41000000000002146
N4_MICRO_BREAKOUT,NEUTRAL,SHORT,2020-08-14 00:45:00+00:00,2020-08-14 00:50:00+00:00,2020-08-14 00:50:00+00:00,2020-08-14 00:50:00+00:00,1.18079,1.18119,1.18019,1.1812,STOP,0.0004,-1.0250000000000536,-1.1500000000000536,-0.41000000000002146
N4_MICRO_BREAKOUT,NEUTRAL,SHORT,2020-08-14 01:00:00+00:00,2020-08-14 01:05:00+00:00,2020-08-14 01:05:00+00:00,2020-08-14 01:10:00+00:00,1.18064,1.1810399999999999,1.18004,1.18105,STOP,0.0004,-1.0250000000000536,-1.1500000000000536,-0.41000000000002146
N4_MICRO_BREAKOUT,NEUTRAL,SHORT,2020-08-14 01:20:00+00:00,2020-08-14 01:25:00+00:00,2020-08-14 01:25:00+00:00,2020-08-14 01:30:00+00:00,1.18025,1.18065,1.17965,1.18066,STOP,0.0004,-1.0250000000000536,-1.1500000000000536,-0.41000000000002146
N4_MICRO_BREAKOUT,NEUTRAL,LONG,2020-08-16 22:00:00+00:00,2020-08-16 22:05:00+00:00,2020-08-16 22:05:00+00:00,2020-08-16 23:50:00+00:00,1.1845,1.1841000000000002,1.1851,1.18509,TARGET,0.0004,1.474999999999671,1.349999999999671,0.5899999999998684
N4_MICRO_BREAKOUT,NEUTRAL,LONG,2020-08-16 23:50:00+00:00,2020-08-16 23:55:00+00:00,2020-08-16 23:55:00+00:00,2020-08-17 00:00:00+00:00,1.18531,1.1849100000000001,1.18591,1.1849,STOP,0.0004,-1.0250000000000536,-1.1500000000000536,-0.41000000000002146
N1_ROLLING_SWEEP_FADE,NEUTRAL,LONG,2020-08-17 00:10:00+00:00,2020-08-17 00:15:00+00:00,2020-08-17 00:15:00+00:00,2020-08-17 00:15:00+00:00,1.18469,1.18429,1.18529,1.18428,STOP,0.0004,-1.0250000000000536,-1.1500000000000536,-0.41000000000002146
N1_ROLLING_SWEEP_FADE,NEUTRAL,LONG,2020-08-17 00:25:00+00:00,2020-08-17 00:30:00+00:00,2020-08-17 00:30:00+00:00,2020-08-17 02:10:00+00:00,1.1844400000000002,1.1840400000000002,1.18504,1.18503,TARGET,0.0004,1.474999999999671,1.349999999999671,0.5899999999998684
N4_MICRO_BREAKOUT,NEUTRAL,LONG,2020-08-18 01:05:00+00:00,2020-08-18 01:10:00+00:00,2020-08-18 01:10:00+00:00,2020-08-18 01:20:00+00:00,1.1894500000000001,1.1890500000000002,1.19005,1.18904,STOP,0.0004,-1.0250000000000536,-1.1500000000000536,-0.41000000000002146
N3_ANCHOR_REVERSION,NEUTRAL,SHORT,2020-08-18 01:25:00+00:00,2020-08-18 01:30:00+00:00,2020-08-18 01:30:00+00:00,2020-08-18 01:55:00+00:00,1.18885,1.18925,1.18825,1.18926,STOP,0.0004,-1.0250000000000536,-1.1500000000000536,-0.41000000000002146
N3_ANCHOR_REVERSION,NEUTRAL,SHORT,2020-08-18 02:00:00+00:00,2020-08-18 02:05:00+00:00,2020-08-18 02:05:00+00:00,2020-08-18 02:15:00+00:00,1.1888299999999998,1.1892299999999998,1.18823,1.1892399999999999,STOP,0.0004,-1.0250000000000536,-1.1500000000000536,-0.41000000000002146
N1_ROLLING_SWEEP_FADE,NEUTRAL,LONG,2020-08-18 02:55:00+00:00,2020-08-18 03:00:00+00:00,2020-08-18 03:00:00+00:00,2020-08-18 03:35:00+00:00,1.189,1.1886,1.1896,1.18859,STOP,0.0004,-1.0250000000000536,-1.1500000000000536,-0.41000000000002146
N1_ROLLING_SWEEP_FADE,NEUTRAL,SHORT,2020-08-18 23:55:00+00:00,2020-08-19 00:00:00+00:00,2020-08-19 00:00:00+00:00,2020-08-19 00:00:00+00:00,1.19462,1.19502,1.19402,1.19503,STOP,0.0004,-1.0250000000000536,-1.1500000000000536,-0.41000000000002146
N1_ROLLING_SWEEP_FADE,NEUTRAL,SHORT,2020-08-19 00:05:00+00:00,2020-08-19 00:10:00+00:00,2020-08-19 00:10:00+00:00,2020-08-19 00:25:00+00:00,1.19488,1.19528,1.19428,1.19429,TARGET,0.0004,1.474999999999671,1.349999999999671,0.5899999999998684
N1_ROLLING_SWEEP_FADE,NEUTRAL,LONG,2020-08-19 00:45:00+00:00,2020-08-19 00:50:00+00:00,2020-08-19 00:50:00+00:00,2020-08-19 00:50:00+00:00,1.19441,1.19401,1.19501,1.194,STOP,0.0004,-1.0250000000000536,-1.1500000000000536,-0.41000000000002146
N3_ANCHOR_REVERSION,NEUTRAL,SHORT,2020-08-19 01:00:00+00:00,2020-08-19 01:05:00+00:00,2020-08-19 01:05:00+00:00,2020-08-19 01:05:00+00:00,1.1946999999999999,1.1950999999999998,1.1941,1.19511,STOP,0.0004,-1.0250000000000536,-1.1500000000000536,-0.41000000000002146
N1_ROLLING_SWEEP_FADE,NEUTRAL,LONG,2020-08-20 00:00:00+00:00,2020-08-20 00:05:00+00:00,2020-08-20 00:05:00+00:00,2020-08-20 00:10:00+00:00,1.1844100000000002,1.1840100000000002,1.1850100000000001,1.1840000000000002,STOP,0.0004,-1.0250000000000536,-1.1500000000000536,-0.41000000000002146
N3_ANCHOR_REVERSION,NEUTRAL,LONG,2020-08-20 00:25:00+00:00,2020-08-20 00:30:00+00:00,2020-08-20 00:30:00+00:00,2020-08-20 00:40:00+00:00,1.18436,1.1839600000000001,1.18496,1.18495,TARGET,0.0004,1.474999999999671,1.349999999999671,0.5899999999998684
N1_ROLLING_SWEEP_FADE,NEUTRAL,SHORT,2020-08-20 00:45:00+00:00,2020-08-20 00:50:00+00:00,2020-08-20 00:50:00+00:00,2020-08-20 01:15:00+00:00,1.1847299999999998,1.1851299999999998,1.18413,1.18414,TARGET,0.0004,1.474999999999671,1.349999999999671,0.5899999999998684
N4_MICRO_BREAKOUT,NEUTRAL,SHORT,2020-08-20 01:15:00+00:00,2020-08-20 01:20:00+00:00,2020-08-20 01:20:00+00:00,2020-08-20 01:40:00+00:00,1.18362,1.1840199999999999,1.18302,1.18403,STOP,0.0004,-1.0250000000000536,-1.1500000000000536,-0.41000000000002146
N3_ANCHOR_REVERSION,NEUTRAL,SHORT,2020-08-21 01:00:00+00:00,2020-08-21 01:05:00+00:00,2020-08-21 01:05:00+00:00,2020-08-21 01:25:00+00:00,1.1872399999999999,1.1876399999999998,1.18664,1.18665,TARGET,0.0004,1.474999999999671,1.349999999999671,0.5899999999998684
N3_ANCHOR_REVERSION,NEUTRAL,LONG,2020-08-21 10:55:00+00:00,2020-08-21 11:00:00+00:00,2020-08-21 11:00:00+00:00,2020-08-21 11:00:00+00:00,1.1803400000000002,1.1799400000000002,1.18094,1.1799300000000001,STOP,0.0004,-1.0250000000000536,-1.1500000000000536,-0.41000000000002146
N3_ANCHOR_REVERSION,NEUTRAL,LONG,2020-08-21 11:40:00+00:00,2020-08-21 11:45:00+00:00,2020-08-21 11:45:00+00:00,2020-08-21 11:45:00+00:00,1.17852,1.17812,1.17912,1.17811,STOP,0.0004,-1.0250000000000536,-1.1500000000000536,-0.41000000000002146
N1_ROLLING_SWEEP_FADE,NEUTRAL,LONG,2020-08-21 13:40:00+00:00,2020-08-21 13:45:00+00:00,2020-08-21 13:45:00+00:00,2020-08-21 13:45:00+00:00,1.17781,1.17741,1.17841,1.1774,STOP,0.0004,-1.0250000000000536,-1.1500000000000536,-0.41000000000002146
N3_ANCHOR_REVERSION,NEUTRAL,SHORT,2020-08-21 20:55:00+00:00,2020-08-21 21:00:00+00:00,2020-08-23 21:00:00+00:00,2020-08-23 21:00:00+00:00,1.1791,1.1795,1.1785,1.1799300000000001,STOP,0.0004,-2.075000000000271,-2.200000000000271,-0.8300000000001084
N4_MICRO_BREAKOUT,NEUTRAL,LONG,2020-08-23 22:00:00+00:00,2020-08-23 22:05:00+00:00,2020-08-23 22:05:00+00:00,2020-08-23 22:05:00+00:00,1.18019,1.1797900000000001,1.18079,1.17978,STOP,0.0004,-1.0250000000000536,-1.1500000000000536,-0.41000000000002146
N3_ANCHOR_REVERSION,NEUTRAL,SHORT,2020-08-23 22:05:00+00:00,2020-08-23 22:10:00+00:00,2020-08-23 22:10:00+00:00,2020-08-23 23:10:00+00:00,1.17984,1.18024,1.17924,1.18025,STOP,0.0004,-1.0250000000000536,-1.1500000000000536,-0.41000000000002146
N4_MICRO_BREAKOUT,NEUTRAL,LONG,2020-08-23 23:15:00+00:00,2020-08-23 23:20:00+00:00,2020-08-23 23:20:00+00:00,2020-08-23 23:50:00+00:00,1.18048,1.18008,1.18108,1.18007,STOP,0.0004,-1.0250000000000536,-1.1500000000000536,-0.41000000000002146
N1_ROLLING_SWEEP_FADE,NEUTRAL,LONG,2020-08-24 00:05:00+00:00,2020-08-24 00:10:00+00:00,2020-08-24 00:10:00+00:00,2020-08-24 01:15:00+00:00,1.17958,1.1791800000000001,1.18018,1.18017,TARGET,0.0004,1.474999999999671,1.349999999999671,0.5899999999998684
N3_ANCHOR_REVERSION,NEUTRAL,SHORT,2020-08-24 11:00:00+00:00,2020-08-24 11:05:00+00:00,2020-08-24 11:05:00+00:00,2020-08-24 11:05:00+00:00,1.18293,1.18333,1.18233,1.18334,STOP,0.0004,-1.0250000000000536,-1.1500000000000536,-0.41000000000002146
N3_ANCHOR_REVERSION,NEUTRAL,SHORT,2020-08-24 11:25:00+00:00,2020-08-24 11:30:00+00:00,2020-08-24 11:30:00+00:00,2020-08-24 11:55:00+00:00,1.18401,1.18441,1.18341,1.18442,STOP,0.0004,-1.0250000000000536,-1.1500000000000536,-0.41000000000002146
N3_ANCHOR_REVERSION,NEUTRAL,SHORT,2020-08-24 11:55:00+00:00,2020-08-24 12:00:00+00:00,2020-08-24 12:00:00+00:00,2020-08-24 12:00:00+00:00,1.18431,1.18471,1.18371,1.18472,STOP,0.0004,-1.0250000000000536,-1.1500000000000536,-0.41000000000002146
N1_ROLLING_SWEEP_FADE,NEUTRAL,SHORT,2020-08-25 00:00:00+00:00,2020-08-25 00:05:00+00:00,2020-08-25 00:05:00+00:00,2020-08-25 00:05:00+00:00,1.17875,1.17915,1.17815,1.17916,STOP,0.0004,-1.0250000000000536,-1.1500000000000536,-0.41000000000002146
N1_ROLLING_SWEEP_FADE,NEUTRAL,LONG,2020-08-25 00:20:00+00:00,2020-08-25 00:25:00+00:00,2020-08-25 00:25:00+00:00,2020-08-25 00:30:00+00:00,1.1788100000000001,1.1784100000000002,1.17941,1.1794,TARGET,0.0004,1.474999999999671,1.349999999999671,0.5899999999998684
N4_MICRO_BREAKOUT,NEUTRAL,LONG,2020-08-25 00:40:00+00:00,2020-08-25 00:45:00+00:00,2020-08-25 00:45:00+00:00,2020-08-25 00:50:00+00:00,1.1798300000000002,1.1794300000000002,1.18043,1.1794200000000001,STOP,0.0004,-1.0250000000000536,-1.1500000000000536,-0.41000000000002146
N3_ANCHOR_REVERSION,NEUTRAL,SHORT,2020-08-25 01:00:00+00:00,2020-08-25 01:05:00+00:00,2020-08-25 01:05:00+00:00,2020-08-25 01:10:00+00:00,1.17977,1.18017,1.17917,1.18018,STOP,0.0004,-1.0250000000000536,-1.1500000000000536,-0.41000000000002146
N4_MICRO_BREAKOUT,NEUTRAL,LONG,2020-08-26 22:40:00+00:00,2020-08-26 22:45:00+00:00,2020-08-26 22:45:00+00:00,2020-08-27 00:00:00+00:00,1.18377,1.18337,1.18437,1.1843599999999999,TARGET,0.0004,1.474999999999671,1.349999999999671,0.5899999999998684
N1_ROLLING_SWEEP_FADE,NEUTRAL,SHORT,2020-08-27 00:15:00+00:00,2020-08-27 00:20:00+00:00,2020-08-27 00:20:00+00:00,2020-08-27 01:00:00+00:00,1.1841,1.1844999999999999,1.1835,1.18451,STOP,0.0004,-1.0250000000000536,-1.1500000000000536,-0.41000000000002146
N4_MICRO_BREAKOUT,NEUTRAL,LONG,2020-08-27 01:00:00+00:00,2020-08-27 01:05:00+00:00,2020-08-27 01:05:00+00:00,2020-08-27 01:05:00+00:00,1.18475,1.18435,1.18535,1.18434,STOP,0.0004,-1.0250000000000536,-1.1500000000000536,-0.41000000000002146
N1_ROLLING_SWEEP_FADE,NEUTRAL,SHORT,2020-08-27 01:05:00+00:00,2020-08-27 01:10:00+00:00,2020-08-27 01:10:00+00:00,2020-08-27 01:15:00+00:00,1.18423,1.1846299999999998,1.18363,1.18364,TARGET,0.0004,1.474999999999671,1.349999999999671,0.5899999999998684
N4_MICRO_BREAKOUT,NEUTRAL,SHORT,2020-08-27 01:50:00+00:00,2020-08-27 01:55:00+00:00,2020-08-27 01:55:00+00:00,2020-08-27 02:10:00+00:00,1.1828999999999998,1.1832999999999998,1.1823,1.1833099999999999,STOP,0.0004,-1.0250000000000536,-1.1500000000000536,-0.41000000000002146
N4_MICRO_BREAKOUT,NEUTRAL,SHORT,2020-08-28 00:05:00+00:00,2020-08-28 00:10:00+00:00,2020-08-28 00:10:00+00:00,2020-08-28 00:15:00+00:00,1.1812799999999999,1.1816799999999998,1.18068,1.18169,STOP,0.0004,-1.0250000000000536,-1.1500000000000536,-0.41000000000002146
N1_ROLLING_SWEEP_FADE,NEUTRAL,SHORT,2020-08-28 02:00:00+00:00,2020-08-28 02:05:00+00:00,2020-08-28 02:05:00+00:00,2020-08-28 02:05:00+00:00,1.18268,1.18308,1.18208,1.18309,STOP,0.0004,-1.0250000000000536,-1.1500000000000536,-0.41000000000002146
N4_MICRO_BREAKOUT,NEUTRAL,LONG,2020-08-28 02:05:00+00:00,2020-08-28 02:10:00+00:00,2020-08-28 02:10:00+00:00,2020-08-28 03:00:00+00:00,1.18316,1.18276,1.18376,1.1837499999999999,TARGET,0.0004,1.474999999999671,1.349999999999671,0.5899999999998684
N3_ANCHOR_REVERSION,NEUTRAL,SHORT,2020-08-28 03:05:00+00:00,2020-08-28 03:10:00+00:00,2020-08-28 03:10:00+00:00,2020-08-28 03:15:00+00:00,1.1837199999999999,1.1841199999999998,1.18312,1.18413,STOP,0.0004,-1.0250000000000536,-1.1500000000000536,-0.41000000000002146
N4_MICRO_BREAKOUT,NEUTRAL,LONG,2020-08-31 14:25:00+00:00,2020-08-31 14:30:00+00:00,2020-08-31 14:30:00+00:00,2020-08-31 14:30:00+00:00,1.1947,1.1943000000000001,1.1953,1.19429,STOP,0.0004,-1.0250000000000536,-1.1500000000000536,-0.41000000000002146
N4_MICRO_BREAKOUT,NEUTRAL,LONG,2020-08-31 14:45:00+00:00,2020-08-31 14:50:00+00:00,2020-08-31 14:50:00+00:00,2020-08-31 14:55:00+00:00,1.1955,1.1951,1.1961,1.1960899999999999,TARGET,0.0004,1.474999999999671,1.349999999999671,0.5899999999998684
N3_ANCHOR_REVERSION,NEUTRAL,SHORT,2020-09-01 03:00:00+00:00,2020-09-01 03:05:00+00:00,2020-09-01 03:05:00+00:00,2020-09-01 03:15:00+00:00,1.19891,1.1993099999999999,1.19831,1.19932,STOP,0.0004,-1.0250000000000536,-1.1500000000000536,-0.41000000000002146
N3_ANCHOR_REVERSION,NEUTRAL,SHORT,2020-09-01 04:55:00+00:00,2020-09-01 05:00:00+00:00,2020-09-01 05:00:00+00:00,2020-09-01 05:00:00+00:00,1.1987299999999999,1.1991299999999998,1.19813,1.1991399999999999,STOP,0.0004,-1.0250000000000536,-1.1500000000000536,-0.41000000000002146
N1_ROLLING_SWEEP_FADE,NEUTRAL,LONG,2020-09-01 05:30:00+00:00,2020-09-01 05:35:00+00:00,2020-09-01 05:35:00+00:00,2020-09-01 05:40:00+00:00,1.19907,1.1986700000000001,1.19967,1.19866,STOP,0.0004,-1.0250000000000536,-1.1500000000000536,-0.41000000000002146
N3_ANCHOR_REVERSION,NEUTRAL,SHORT,2020-09-01 05:50:00+00:00,2020-09-01 05:55:00+00:00,2020-09-01 05:55:00+00:00,2020-09-01 05:55:00+00:00,1.19899,1.19939,1.19839,1.1994,STOP,0.0004,-1.0250000000000536,-1.1500000000000536,-0.41000000000002146
N4_MICRO_BREAKOUT,NEUTRAL,SHORT,2020-09-02 00:45:00+00:00,2020-09-02 00:50:00+00:00,2020-09-02 00:50:00+00:00,2020-09-02 01:00:00+00:00,1.1909399999999999,1.1913399999999998,1.19034,1.19035,TARGET,0.0004,1.474999999999671,1.349999999999671,0.5899999999998684
N4_MICRO_BREAKOUT,NEUTRAL,SHORT,2020-09-02 01:00:00+00:00,2020-09-02 01:05:00+00:00,2020-09-02 01:05:00+00:00,2020-09-02 01:05:00+00:00,1.1903,1.1906999999999999,1.1897,1.18971,TARGET,0.0004,1.474999999999671,1.349999999999671,0.5899999999998684
N3_ANCHOR_REVERSION,NEUTRAL,LONG,2020-09-02 01:10:00+00:00,2020-09-02 01:15:00+00:00,2020-09-02 01:15:00+00:00,2020-09-02 01:25:00+00:00,1.1899600000000001,1.1895600000000002,1.19056,1.19055,TARGET,0.0004,1.474999999999671,1.349999999999671,0.5899999999998684
N3_ANCHOR_REVERSION,NEUTRAL,LONG,2020-09-02 01:25:00+00:00,2020-09-02 01:30:00+00:00,2020-09-02 01:30:00+00:00,2020-09-02 01:30:00+00:00,1.19053,1.1901300000000001,1.19113,1.19012,STOP,0.0004,-1.0250000000000536,-1.1500000000000536,-0.41000000000002146
N3_ANCHOR_REVERSION,NEUTRAL,SHORT,2020-09-03 19:10:00+00:00,2020-09-03 19:15:00+00:00,2020-09-03 19:15:00+00:00,2020-09-03 19:25:00+00:00,1.1856499999999999,1.1860499999999998,1.18505,1.18506,TARGET,0.0004,1.474999999999671,1.349999999999671,0.5899999999998684
N3_ANCHOR_REVERSION,NEUTRAL,SHORT,2020-09-04 17:25:00+00:00,2020-09-04 17:30:00+00:00,2020-09-04 17:30:00+00:00,2020-09-04 17:30:00+00:00,1.1840199999999999,1.1844199999999998,1.18342,1.1844299999999999,STOP,0.0004,-1.0250000000000536,-1.1500000000000536,-0.41000000000002146
N1_ROLLING_SWEEP_FADE,NEUTRAL,SHORT,2020-09-04 18:15:00+00:00,2020-09-04 18:20:00+00:00,2020-09-04 18:20:00+00:00,2020-09-04 18:25:00+00:00,1.1843,1.1846999999999999,1.1837,1.18471,STOP,0.0004,-1.0250000000000536,-1.1500000000000536,-0.41000000000002146
N1_ROLLING_SWEEP_FADE,NEUTRAL,LONG,2020-09-04 19:35:00+00:00,2020-09-04 19:40:00+00:00,2020-09-04 19:40:00+00:00,2020-09-04 19:55:00+00:00,1.1847100000000002,1.1843100000000002,1.18531,1.1843000000000001,STOP,0.0004,-1.0250000000000536,-1.1500000000000536,-0.41000000000002146
N1_ROLLING_SWEEP_FADE,NEUTRAL,LONG,2020-09-09 15:00:00+00:00,2020-09-09 15:05:00+00:00,2020-09-09 15:05:00+00:00,2020-09-09 15:15:00+00:00,1.18127,1.18087,1.18187,1.18186,TARGET,0.0004,1.474999999999671,1.349999999999671,0.5899999999998684
N1_ROLLING_SWEEP_FADE,NEUTRAL,SHORT,2020-09-10 22:05:00+00:00,2020-09-10 22:10:00+00:00,2020-09-10 22:10:00+00:00,2020-09-10 22:30:00+00:00,1.1821,1.1824999999999999,1.1815,1.18251,STOP,0.0004,-1.0250000000000536,-1.1500000000000536,-0.41000000000002146
N1_ROLLING_SWEEP_FADE,NEUTRAL,SHORT,2020-09-10 22:35:00+00:00,2020-09-10 22:40:00+00:00,2020-09-10 22:40:00+00:00,2020-09-11 00:00:00+00:00,1.18255,1.18295,1.18195,1.18296,STOP,0.0004,-1.0250000000000536,-1.1500000000000536,-0.41000000000002146
N1_ROLLING_SWEEP_FADE,NEUTRAL,SHORT,2020-09-11 00:10:00+00:00,2020-09-11 00:15:00+00:00,2020-09-11 00:15:00+00:00,2020-09-11 00:15:00+00:00,1.18271,1.1831099999999999,1.18211,1.18312,STOP,0.0004,-1.0250000000000536,-1.1500000000000536,-0.41000000000002146
N4_MICRO_BREAKOUT,NEUTRAL,LONG,2020-09-11 00:15:00+00:00,2020-09-11 00:20:00+00:00,2020-09-11 00:20:00+00:00,2020-09-11 01:00:00+00:00,1.18327,1.18287,1.18387,1.18386,TARGET,0.0004,1.474999999999671,1.349999999999671,0.5899999999998684
N4_MICRO_BREAKOUT,NEUTRAL,LONG,2020-09-11 01:00:00+00:00,2020-09-11 01:05:00+00:00,2020-09-11 01:05:00+00:00,2020-09-11 01:05:00+00:00,1.18405,1.18365,1.18465,1.18364,STOP,0.0004,-1.0250000000000536,-1.1500000000000536,-0.41000000000002146
N3_ANCHOR_REVERSION,NEUTRAL,SHORT,2020-09-11 01:05:00+00:00,2020-09-11 01:10:00+00:00,2020-09-11 01:10:00+00:00,2020-09-11 05:40:00+00:00,1.18354,1.18394,1.18294,1.18395,STOP,0.0004,-1.0250000000000536,-1.1500000000000536,-0.41000000000002146
N4_MICRO_BREAKOUT,NEUTRAL,LONG,2020-09-14 13:05:00+00:00,2020-09-14 13:10:00+00:00,2020-09-14 13:10:00+00:00,2020-09-14 13:25:00+00:00,1.1887,1.1883000000000001,1.1893,1.18829,STOP,0.0004,-1.0250000000000536,-1.1500000000000536,-0.41000000000002146
N1_ROLLING_SWEEP_FADE,NEUTRAL,SHORT,2020-09-14 13:45:00+00:00,2020-09-14 13:50:00+00:00,2020-09-14 13:50:00+00:00,2020-09-14 13:55:00+00:00,1.18837,1.1887699999999999,1.18777,1.18778,TARGET,0.0004,1.474999999999671,1.349999999999671,0.5899999999998684
N3_ANCHOR_REVERSION,NEUTRAL,LONG,2020-09-14 18:20:00+00:00,2020-09-14 18:25:00+00:00,2020-09-14 18:25:00+00:00,2020-09-14 19:30:00+00:00,1.18642,1.18602,1.18702,1.18701,TARGET,0.0004,1.474999999999671,1.349999999999671,0.5899999999998684
N1_ROLLING_SWEEP_FADE,NEUTRAL,SHORT,2020-09-14 19:30:00+00:00,2020-09-14 19:35:00+00:00,2020-09-14 19:35:00+00:00,2020-09-14 20:40:00+00:00,1.18678,1.18718,1.18618,1.18619,TARGET,0.0004,1.474999999999671,1.349999999999671,0.5899999999998684
N4_MICRO_BREAKOUT,NEUTRAL,LONG,2020-09-15 00:00:00+00:00,2020-09-15 00:05:00+00:00,2020-09-15 00:05:00+00:00,2020-09-15 00:05:00+00:00,1.18699,1.18659,1.18759,1.18658,STOP,0.0004,-1.0250000000000536,-1.1500000000000536,-0.41000000000002146
N4_MICRO_BREAKOUT,NEUTRAL,SHORT,2020-09-15 00:20:00+00:00,2020-09-15 00:25:00+00:00,2020-09-15 00:25:00+00:00,2020-09-15 00:30:00+00:00,1.18596,1.1863599999999999,1.18536,1.18637,STOP,0.0004,-1.0250000000000536,-1.1500000000000536,-0.41000000000002146
N3_ANCHOR_REVERSION,NEUTRAL,LONG,2020-09-17 02:05:00+00:00,2020-09-17 02:10:00+00:00,2020-09-17 02:10:00+00:00,2020-09-17 02:25:00+00:00,1.1767800000000002,1.1763800000000002,1.17738,1.1763700000000001,STOP,0.0004,-1.0250000000000536,-1.1500000000000536,-0.41000000000002146
N4_MICRO_BREAKOUT,NEUTRAL,SHORT,2020-09-17 03:15:00+00:00,2020-09-17 03:20:00+00:00,2020-09-17 03:20:00+00:00,2020-09-17 03:20:00+00:00,1.1743,1.1746999999999999,1.1737,1.17471,STOP,0.0004,-1.0250000000000536,-1.1500000000000536,-0.41000000000002146
N3_ANCHOR_REVERSION,NEUTRAL,LONG,2020-09-17 03:20:00+00:00,2020-09-17 03:25:00+00:00,2020-09-17 03:25:00+00:00,2020-09-17 03:30:00+00:00,1.17503,1.17463,1.17563,1.17462,STOP,0.0004,-1.0250000000000536,-1.1500000000000536,-0.41000000000002146
N1_ROLLING_SWEEP_FADE,NEUTRAL,SHORT,2020-09-17 05:55:00+00:00,2020-09-17 06:00:00+00:00,2020-09-17 06:00:00+00:00,2020-09-17 06:00:00+00:00,1.17692,1.17732,1.17632,1.17733,STOP,0.0004,-1.0250000000000536,-1.1500000000000536,-0.41000000000002146
N4_MICRO_BREAKOUT,NEUTRAL,LONG,2020-09-18 00:05:00+00:00,2020-09-18 00:10:00+00:00,2020-09-18 00:10:00+00:00,2020-09-18 00:20:00+00:00,1.1859000000000002,1.1855000000000002,1.1865,1.1854900000000002,STOP,0.0004,-1.0250000000000536,-1.1500000000000536,-0.41000000000002146
N3_ANCHOR_REVERSION,NEUTRAL,LONG,2020-09-21 11:05:00+00:00,2020-09-21 11:10:00+00:00,2020-09-21 11:10:00+00:00,2020-09-21 11:35:00+00:00,1.1786800000000002,1.1782800000000002,1.17928,1.17927,TARGET,0.0004,1.474999999999671,1.349999999999671,0.5899999999998684
N4_MICRO_BREAKOUT,NEUTRAL,SHORT,2020-09-21 12:20:00+00:00,2020-09-21 12:25:00+00:00,2020-09-21 12:25:00+00:00,2020-09-21 12:25:00+00:00,1.17736,1.17776,1.17676,1.17777,STOP,0.0004,-1.0250000000000536,-1.1500000000000536,-0.41000000000002146
N4_MICRO_BREAKOUT,NEUTRAL,SHORT,2020-09-21 12:45:00+00:00,2020-09-21 12:50:00+00:00,2020-09-21 12:50:00+00:00,2020-09-21 12:55:00+00:00,1.17638,1.17678,1.17578,1.17679,STOP,0.0004,-1.0250000000000536,-1.1500000000000536,-0.41000000000002146
N4_MICRO_BREAKOUT,NEUTRAL,SHORT,2020-09-21 13:05:00+00:00,2020-09-21 13:10:00+00:00,2020-09-21 13:10:00+00:00,2020-09-21 13:10:00+00:00,1.17622,1.17662,1.17562,1.17663,STOP,0.0004,-1.0250000000000536,-1.1500000000000536,-0.41000000000002146
N4_MICRO_BREAKOUT,NEUTRAL,SHORT,2020-09-21 23:55:00+00:00,2020-09-22 00:00:00+00:00,2020-09-22 00:00:00+00:00,2020-09-22 00:10:00+00:00,1.1762599999999999,1.1766599999999998,1.17566,1.1766699999999999,STOP,0.0004,-1.0250000000000536,-1.1500000000000536,-0.41000000000002146
N4_MICRO_BREAKOUT,NEUTRAL,LONG,2020-09-22 00:10:00+00:00,2020-09-22 00:15:00+00:00,2020-09-22 00:15:00+00:00,2020-09-22 00:20:00+00:00,1.1770800000000001,1.1766800000000002,1.17768,1.17667,STOP,0.0004,-1.0250000000000536,-1.1500000000000536,-0.41000000000002146
N4_MICRO_BREAKOUT,NEUTRAL,SHORT,2020-09-22 00:30:00+00:00,2020-09-22 00:35:00+00:00,2020-09-22 00:35:00+00:00,2020-09-22 00:35:00+00:00,1.17566,1.1760599999999999,1.17506,1.17607,STOP,0.0004,-1.0250000000000536,-1.1500000000000536,-0.41000000000002146
N4_MICRO_BREAKOUT,NEUTRAL,LONG,2020-09-22 03:20:00+00:00,2020-09-22 03:25:00+00:00,2020-09-22 03:25:00+00:00,2020-09-22 03:45:00+00:00,1.17716,1.17676,1.17776,1.17675,STOP,0.0004,-1.0250000000000536,-1.1500000000000536,-0.41000000000002146
N4_MICRO_BREAKOUT,NEUTRAL,SHORT,2020-09-23 00:00:00+00:00,2020-09-23 00:05:00+00:00,2020-09-23 00:05:00+00:00,2020-09-23 00:25:00+00:00,1.17038,1.17078,1.16978,1.16979,TARGET,0.0004,1.474999999999671,1.349999999999671,0.5899999999998684
N3_ANCHOR_REVERSION,NEUTRAL,LONG,2020-09-23 00:40:00+00:00,2020-09-23 00:45:00+00:00,2020-09-23 00:45:00+00:00,2020-09-23 00:45:00+00:00,1.16996,1.1695600000000002,1.17056,1.16955,STOP,0.0004,-1.0250000000000536,-1.1500000000000536,-0.41000000000002146
N4_MICRO_BREAKOUT,NEUTRAL,SHORT,2020-09-23 00:45:00+00:00,2020-09-23 00:50:00+00:00,2020-09-23 00:50:00+00:00,2020-09-23 00:50:00+00:00,1.1681,1.1684999999999999,1.1675,1.16851,STOP,0.0004,-1.0250000000000536,-1.1500000000000536,-0.41000000000002146
N3_ANCHOR_REVERSION,NEUTRAL,LONG,2020-09-23 00:50:00+00:00,2020-09-23 00:55:00+00:00,2020-09-23 00:55:00+00:00,2020-09-23 00:55:00+00:00,1.16846,1.16806,1.16906,1.16805,STOP,0.0004,-1.0250000000000536,-1.1500000000000536,-0.41000000000002146
N4_MICRO_BREAKOUT,NEUTRAL,LONG,2020-09-24 00:15:00+00:00,2020-09-24 00:20:00+00:00,2020-09-24 00:20:00+00:00,2020-09-24 01:00:00+00:00,1.16697,1.16657,1.16757,1.16756,TARGET,0.0004,1.474999999999671,1.349999999999671,0.5899999999998684
N1_ROLLING_SWEEP_FADE,NEUTRAL,SHORT,2020-09-24 01:30:00+00:00,2020-09-24 01:35:00+00:00,2020-09-24 01:35:00+00:00,2020-09-24 01:50:00+00:00,1.16763,1.16803,1.16703,1.16704,TARGET,0.0004,1.474999999999671,1.349999999999671,0.5899999999998684
N1_ROLLING_SWEEP_FADE,NEUTRAL,SHORT,2020-09-24 22:10:00+00:00,2020-09-24 22:15:00+00:00,2020-09-24 22:15:00+00:00,2020-09-24 23:20:00+00:00,1.1671399999999998,1.1675399999999998,1.16654,1.1675499999999999,STOP,0.0004,-1.0250000000000536,-1.1500000000000536,-0.41000000000002146
N1_ROLLING_SWEEP_FADE,NEUTRAL,SHORT,2020-09-24 23:20:00+00:00,2020-09-24 23:25:00+00:00,2020-09-24 23:25:00+00:00,2020-09-25 00:00:00+00:00,1.1674,1.1678,1.1668,1.1668100000000001,TARGET,0.0004,1.474999999999671,1.349999999999671,0.5899999999998684
N3_ANCHOR_REVERSION,NEUTRAL,LONG,2020-09-25 00:35:00+00:00,2020-09-25 00:40:00+00:00,2020-09-25 00:40:00+00:00,2020-09-25 00:45:00+00:00,1.16689,1.16649,1.16749,1.16648,STOP,0.0004,-1.0250000000000536,-1.1500000000000536,-0.41000000000002146
N1_ROLLING_SWEEP_FADE,NEUTRAL,LONG,2020-09-25 13:20:00+00:00,2020-09-25 13:25:00+00:00,2020-09-25 13:25:00+00:00,2020-09-25 13:30:00+00:00,1.1631900000000002,1.1627900000000002,1.16379,1.1627800000000001,STOP,0.0004,-1.0250000000000536,-1.1500000000000536,-0.41000000000002146
N4_MICRO_BREAKOUT,NEUTRAL,SHORT,2020-09-25 14:05:00+00:00,2020-09-25 14:10:00+00:00,2020-09-25 14:10:00+00:00,2020-09-25 14:15:00+00:00,1.16194,1.16234,1.16134,1.16235,STOP,0.0004,-1.0250000000000536,-1.1500000000000536,-0.41000000000002146
N3_ANCHOR_REVERSION,NEUTRAL,LONG,2020-09-25 14:15:00+00:00,2020-09-25 14:20:00+00:00,2020-09-25 14:20:00+00:00,2020-09-25 14:20:00+00:00,1.1624800000000002,1.1620800000000002,1.1630800000000001,1.1620700000000002,STOP,0.0004,-1.0250000000000536,-1.1500000000000536,-0.41000000000002146
N1_ROLLING_SWEEP_FADE,NEUTRAL,SHORT,2020-09-28 12:00:00+00:00,2020-09-28 12:05:00+00:00,2020-09-28 12:05:00+00:00,2020-09-28 12:10:00+00:00,1.16712,1.16752,1.16652,1.16653,TARGET,0.0004,1.474999999999671,1.349999999999671,0.5899999999998684
N4_MICRO_BREAKOUT,NEUTRAL,LONG,2020-09-28 12:30:00+00:00,2020-09-28 12:35:00+00:00,2020-09-28 12:35:00+00:00,2020-09-28 12:35:00+00:00,1.16785,1.16745,1.16845,1.16744,STOP,0.0004,-1.0250000000000536,-1.1500000000000536,-0.41000000000002146
N1_ROLLING_SWEEP_FADE,NEUTRAL,SHORT,2020-09-28 12:35:00+00:00,2020-09-28 12:40:00+00:00,2020-09-28 12:40:00+00:00,2020-09-28 12:40:00+00:00,1.1672099999999999,1.1676099999999998,1.16661,1.1676199999999999,STOP,0.0004,-1.0250000000000536,-1.1500000000000536,-0.41000000000002146
N3_ANCHOR_REVERSION,NEUTRAL,SHORT,2020-09-28 12:50:00+00:00,2020-09-28 12:55:00+00:00,2020-09-28 12:55:00+00:00,2020-09-28 13:10:00+00:00,1.16682,1.16722,1.16622,1.16723,STOP,0.0004,-1.0250000000000536,-1.1500000000000536,-0.41000000000002146
N3_ANCHOR_REVERSION,NEUTRAL,SHORT,2020-09-29 12:00:00+00:00,2020-09-29 12:05:00+00:00,2020-09-29 12:05:00+00:00,2020-09-29 12:20:00+00:00,1.17022,1.17062,1.16962,1.17063,STOP,0.0004,-1.0250000000000536,-1.1500000000000536,-0.41000000000002146
N1_ROLLING_SWEEP_FADE,NEUTRAL,LONG,2020-09-29 12:40:00+00:00,2020-09-29 12:45:00+00:00,2020-09-29 12:45:00+00:00,2020-09-29 12:50:00+00:00,1.1704,1.1700000000000002,1.171,1.16999,STOP,0.0004,-1.0250000000000536,-1.1500000000000536,-0.41000000000002146
N1_ROLLING_SWEEP_FADE,NEUTRAL,SHORT,2020-09-29 13:45:00+00:00,2020-09-29 13:50:00+00:00,2020-09-29 13:50:00+00:00,2020-09-29 14:00:00+00:00,1.1723999999999999,1.1727999999999998,1.1718,1.17281,STOP,0.0004,-1.0250000000000536,-1.1500000000000536,-0.41000000000002146
N1_ROLLING_SWEEP_FADE,NEUTRAL,LONG,2020-09-29 19:00:00+00:00,2020-09-29 19:05:00+00:00,2020-09-29 19:05:00+00:00,2020-09-29 23:25:00+00:00,1.1739300000000001,1.1735300000000002,1.17453,1.17452,TARGET,0.0004,1.474999999999671,1.349999999999671,0.5899999999998684
N1_ROLLING_SWEEP_FADE,NEUTRAL,LONG,2020-09-30 18:40:00+00:00,2020-09-30 18:45:00+00:00,2020-09-30 18:45:00+00:00,2020-09-30 18:45:00+00:00,1.17177,1.17137,1.17237,1.17136,STOP,0.0004,-1.0250000000000536,-1.1500000000000536,-0.41000000000002146
N4_MICRO_BREAKOUT,NEUTRAL,LONG,2020-09-30 22:00:00+00:00,2020-09-30 22:05:00+00:00,2020-09-30 22:05:00+00:00,2020-09-30 23:45:00+00:00,1.17279,1.17239,1.17339,1.17238,STOP,0.0004,-1.0250000000000536,-1.1500000000000536,-0.41000000000002146
N4_MICRO_BREAKOUT,NEUTRAL,SHORT,2020-10-01 00:50:00+00:00,2020-10-01 00:55:00+00:00,2020-10-01 00:55:00+00:00,2020-10-01 01:10:00+00:00,1.17187,1.17227,1.17127,1.17228,STOP,0.0004,-1.0250000000000536,-1.1500000000000536,-0.41000000000002146
N4_MICRO_BREAKOUT,NEUTRAL,LONG,2020-10-01 01:30:00+00:00,2020-10-01 01:35:00+00:00,2020-10-01 01:35:00+00:00,2020-10-01 01:35:00+00:00,1.1732500000000001,1.1728500000000002,1.17385,1.17384,TARGET,0.0004,1.474999999999671,1.349999999999671,0.5899999999998684
N3_ANCHOR_REVERSION,NEUTRAL,SHORT,2020-10-01 01:45:00+00:00,2020-10-01 01:50:00+00:00,2020-10-01 01:50:00+00:00,2020-10-01 02:50:00+00:00,1.17361,1.17401,1.17301,1.17402,STOP,0.0004,-1.0250000000000536,-1.1500000000000536,-0.41000000000002146
N3_ANCHOR_REVERSION,NEUTRAL,SHORT,2020-10-01 04:20:00+00:00,2020-10-01 04:25:00+00:00,2020-10-01 04:25:00+00:00,2020-10-01 04:30:00+00:00,1.1740199999999998,1.1744199999999998,1.17342,1.1744299999999999,STOP,0.0004,-1.0250000000000536,-1.1500000000000536,-0.41000000000002146
N1_ROLLING_SWEEP_FADE,NEUTRAL,SHORT,2020-10-05 11:55:00+00:00,2020-10-05 12:00:00+00:00,2020-10-05 12:00:00+00:00,2020-10-05 12:05:00+00:00,1.17648,1.17688,1.17588,1.17689,STOP,0.0004,-1.0250000000000536,-1.1500000000000536,-0.41000000000002146
N3_ANCHOR_REVERSION,NEUTRAL,SHORT,2020-10-05 12:30:00+00:00,2020-10-05 12:35:00+00:00,2020-10-05 12:35:00+00:00,2020-10-05 12:45:00+00:00,1.17594,1.17634,1.17534,1.17635,STOP,0.0004,-1.0250000000000536,-1.1500000000000536,-0.41000000000002146
N4_MICRO_BREAKOUT,NEUTRAL,LONG,2020-10-05 13:30:00+00:00,2020-10-05 13:35:00+00:00,2020-10-05 13:35:00+00:00,2020-10-05 13:40:00+00:00,1.17842,1.17802,1.17902,1.17801,STOP,0.0004,-1.0250000000000536,-1.1500000000000536,-0.41000000000002146
N3_ANCHOR_REVERSION,NEUTRAL,SHORT,2020-10-05 13:55:00+00:00,2020-10-05 14:00:00+00:00,2020-10-05 14:00:00+00:00,2020-10-05 14:00:00+00:00,1.1786299999999998,1.1790299999999998,1.17803,1.1790399999999999,STOP,0.0004,-1.0250000000000536,-1.1500000000000536,-0.41000000000002146
N1_ROLLING_SWEEP_FADE,NEUTRAL,SHORT,2020-10-06 00:15:00+00:00,2020-10-06 00:20:00+00:00,2020-10-06 00:20:00+00:00,2020-10-06 03:30:00+00:00,1.17905,1.1794499999999999,1.17845,1.17946,STOP,0.0004,-1.0250000000000536,-1.1500000000000536,-0.41000000000002146
N1_ROLLING_SWEEP_FADE,NEUTRAL,LONG,2020-10-06 12:55:00+00:00,2020-10-06 13:00:00+00:00,2020-10-06 13:00:00+00:00,2020-10-06 13:05:00+00:00,1.17921,1.1788100000000001,1.17981,1.1798,TARGET,0.0004,1.474999999999671,1.349999999999671,0.5899999999998684
N3_ANCHOR_REVERSION,NEUTRAL,LONG,2020-10-06 22:10:00+00:00,2020-10-06 22:15:00+00:00,2020-10-06 22:15:00+00:00,2020-10-07 00:20:00+00:00,1.17344,1.17304,1.17404,1.17403,TARGET,0.0004,1.474999999999671,1.349999999999671,0.5899999999998684
N4_MICRO_BREAKOUT,NEUTRAL,SHORT,2020-10-07 00:45:00+00:00,2020-10-07 00:50:00+00:00,2020-10-07 00:50:00+00:00,2020-10-07 01:25:00+00:00,1.17336,1.17376,1.17276,1.17277,TARGET,0.0004,1.474999999999671,1.349999999999671,0.5899999999998684
N3_ANCHOR_REVERSION,NEUTRAL,LONG,2020-10-07 01:35:00+00:00,2020-10-07 01:40:00+00:00,2020-10-07 01:40:00+00:00,2020-10-07 02:15:00+00:00,1.1727500000000002,1.1723500000000002,1.1733500000000001,1.17334,TARGET,0.0004,1.474999999999671,1.349999999999671,0.5899999999998684
N1_ROLLING_SWEEP_FADE,NEUTRAL,SHORT,2020-10-07 05:15:00+00:00,2020-10-07 05:20:00+00:00,2020-10-07 05:20:00+00:00,2020-10-07 05:35:00+00:00,1.17326,1.17366,1.17266,1.17367,STOP,0.0004,-1.0250000000000536,-1.1500000000000536,-0.41000000000002146
N4_MICRO_BREAKOUT,NEUTRAL,LONG,2020-10-07 05:35:00+00:00,2020-10-07 05:40:00+00:00,2020-10-07 05:40:00+00:00,2020-10-07 06:15:00+00:00,1.1736300000000002,1.1732300000000002,1.17423,1.17422,TARGET,0.0004,1.474999999999671,1.349999999999671,0.5899999999998684
N3_ANCHOR_REVERSION,NEUTRAL,LONG,2020-10-08 14:05:00+00:00,2020-10-08 14:10:00+00:00,2020-10-08 14:10:00+00:00,2020-10-08 14:10:00+00:00,1.17426,1.1738600000000001,1.17486,1.17385,STOP,0.0004,-1.0250000000000536,-1.1500000000000536,-0.41000000000002146
N1_ROLLING_SWEEP_FADE,NEUTRAL,LONG,2020-10-08 14:30:00+00:00,2020-10-08 14:35:00+00:00,2020-10-08 14:35:00+00:00,2020-10-08 14:50:00+00:00,1.17405,1.17365,1.17465,1.17464,TARGET,0.0004,1.474999999999671,1.349999999999671,0.5899999999998684
N3_ANCHOR_REVERSION,NEUTRAL,SHORT,2020-10-08 18:55:00+00:00,2020-10-08 19:00:00+00:00,2020-10-08 19:00:00+00:00,2020-10-08 20:00:00+00:00,1.17573,1.17613,1.17513,1.17614,STOP,0.0004,-1.0250000000000536,-1.1500000000000536,-0.41000000000002146
N1_ROLLING_SWEEP_FADE,NEUTRAL,SHORT,2020-10-09 01:55:00+00:00,2020-10-09 02:00:00+00:00,2020-10-09 02:00:00+00:00,2020-10-09 02:35:00+00:00,1.17719,1.17759,1.17659,1.1776,STOP,0.0004,-1.0250000000000536,-1.1500000000000536,-0.41000000000002146
N3_ANCHOR_REVERSION,NEUTRAL,SHORT,2020-10-09 05:05:00+00:00,2020-10-09 05:10:00+00:00,2020-10-09 05:10:00+00:00,2020-10-09 06:40:00+00:00,1.17759,1.1779899999999999,1.17699,1.177,TARGET,0.0004,1.474999999999671,1.349999999999671,0.5899999999998684
N4_MICRO_BREAKOUT,NEUTRAL,SHORT,2020-10-09 06:40:00+00:00,2020-10-09 06:45:00+00:00,2020-10-09 06:45:00+00:00,2020-10-09 06:55:00+00:00,1.17695,1.17735,1.17635,1.17736,STOP,0.0004,-1.0250000000000536,-1.1500000000000536,-0.41000000000002146
N3_ANCHOR_REVERSION,NEUTRAL,SHORT,2020-10-09 09:00:00+00:00,2020-10-09 09:05:00+00:00,2020-10-09 09:05:00+00:00,2020-10-09 09:40:00+00:00,1.17983,1.18023,1.17923,1.17924,TARGET,0.0004,1.474999999999671,1.349999999999671,0.5899999999998684
N1_ROLLING_SWEEP_FADE,NEUTRAL,SHORT,2020-10-09 20:55:00+00:00,2020-10-09 21:00:00+00:00,2020-10-11 21:00:00+00:00,2020-10-11 21:00:00+00:00,1.18102,1.18142,1.18042,1.18181,STOP,0.0004,-1.975000000000171,-2.100000000000171,-0.7900000000000684
N4_MICRO_BREAKOUT,NEUTRAL,SHORT,2020-10-11 22:10:00+00:00,2020-10-11 22:15:00+00:00,2020-10-11 22:15:00+00:00,2020-10-11 22:15:00+00:00,1.18113,1.18153,1.18053,1.18154,STOP,0.0004,-1.0250000000000536,-1.1500000000000536,-0.41000000000002146
N3_ANCHOR_REVERSION,NEUTRAL,LONG,2020-10-11 22:15:00+00:00,2020-10-11 22:20:00+00:00,2020-10-11 22:20:00+00:00,2020-10-12 00:00:00+00:00,1.18164,1.18124,1.18224,1.18123,STOP,0.0004,-1.0250000000000536,-1.1500000000000536,-0.41000000000002146
N1_ROLLING_SWEEP_FADE,NEUTRAL,LONG,2020-10-12 00:05:00+00:00,2020-10-12 00:10:00+00:00,2020-10-12 00:10:00+00:00,2020-10-12 00:15:00+00:00,1.1815,1.1811,1.1821,1.18109,STOP,0.0004,-1.0250000000000536,-1.1500000000000536,-0.41000000000002146
N1_ROLLING_SWEEP_FADE,NEUTRAL,LONG,2020-10-12 01:15:00+00:00,2020-10-12 01:20:00+00:00,2020-10-12 01:20:00+00:00,2020-10-12 02:30:00+00:00,1.1818000000000002,1.1814000000000002,1.1824000000000001,1.1813900000000002,STOP,0.0004,-1.0250000000000536,-1.1500000000000536,-0.41000000000002146
N3_ANCHOR_REVERSION,NEUTRAL,LONG,2020-10-13 08:00:00+00:00,2020-10-13 08:05:00+00:00,2020-10-13 08:05:00+00:00,2020-10-13 08:30:00+00:00,1.1784700000000001,1.1780700000000002,1.17907,1.17906,TARGET,0.0004,1.474999999999671,1.349999999999671,0.5899999999998684
N2_ASIA_RANGE_FADE,NEUTRAL,LONG,2020-10-13 08:30:00+00:00,2020-10-13 08:35:00+00:00,2020-10-13 08:35:00+00:00,2020-10-13 08:50:00+00:00,1.1798600000000001,1.1794600000000002,1.18046,1.17945,STOP,0.0004,-1.0250000000000536,-1.1500000000000536,-0.41000000000002146
N2_ASIA_RANGE_FADE,NEUTRAL,LONG,2020-10-13 09:05:00+00:00,2020-10-13 09:10:00+00:00,2020-10-13 09:10:00+00:00,2020-10-13 09:30:00+00:00,1.1792,1.1788,1.1798,1.17879,STOP,0.0004,-1.0250000000000536,-1.1500000000000536,-0.41000000000002146
N1_ROLLING_SWEEP_FADE,NEUTRAL,SHORT,2020-10-13 11:00:00+00:00,2020-10-13 11:05:00+00:00,2020-10-13 11:05:00+00:00,2020-10-13 11:10:00+00:00,1.17896,1.17936,1.17836,1.17937,STOP,0.0004,-1.0250000000000536,-1.1500000000000536,-0.41000000000002146
N1_ROLLING_SWEEP_FADE,NEUTRAL,LONG,2020-10-14 04:50:00+00:00,2020-10-14 04:55:00+00:00,2020-10-14 04:55:00+00:00,2020-10-14 05:00:00+00:00,1.1744100000000002,1.1740100000000002,1.17501,1.1740000000000002,STOP,0.0004,-1.0250000000000536,-1.1500000000000536,-0.41000000000002146
N3_ANCHOR_REVERSION,NEUTRAL,SHORT,2020-10-14 14:05:00+00:00,2020-10-14 14:10:00+00:00,2020-10-14 14:10:00+00:00,2020-10-14 14:40:00+00:00,1.1762899999999998,1.1766899999999998,1.17569,1.1766999999999999,STOP,0.0004,-1.0250000000000536,-1.1500000000000536,-0.41000000000002146
N4_MICRO_BREAKOUT,NEUTRAL,SHORT,2020-10-14 16:20:00+00:00,2020-10-14 16:25:00+00:00,2020-10-14 16:25:00+00:00,2020-10-14 16:30:00+00:00,1.17461,1.1750099999999999,1.17401,1.17502,STOP,0.0004,-1.0250000000000536,-1.1500000000000536,-0.41000000000002146
N3_ANCHOR_REVERSION,NEUTRAL,LONG,2020-10-14 18:40:00+00:00,2020-10-14 18:45:00+00:00,2020-10-14 18:45:00+00:00,2020-10-14 19:15:00+00:00,1.1748,1.1744,1.1754,1.17539,TARGET,0.0004,1.474999999999671,1.349999999999671,0.5899999999998684
N1_ROLLING_SWEEP_FADE,NEUTRAL,SHORT,2020-10-15 00:30:00+00:00,2020-10-15 00:35:00+00:00,2020-10-15 00:35:00+00:00,2020-10-15 00:40:00+00:00,1.17461,1.1750099999999999,1.17401,1.17502,STOP,0.0004,-1.0250000000000536,-1.1500000000000536,-0.41000000000002146
N4_MICRO_BREAKOUT,NEUTRAL,LONG,2020-10-15 01:05:00+00:00,2020-10-15 01:10:00+00:00,2020-10-15 01:10:00+00:00,2020-10-15 01:30:00+00:00,1.1752900000000002,1.1748900000000002,1.17589,1.1748800000000001,STOP,0.0004,-1.0250000000000536,-1.1500000000000536,-0.41000000000002146
N3_ANCHOR_REVERSION,NEUTRAL,LONG,2020-10-15 11:15:00+00:00,2020-10-15 11:20:00+00:00,2020-10-15 11:20:00+00:00,2020-10-15 11:50:00+00:00,1.17138,1.1709800000000001,1.17198,1.17097,STOP,0.0004,-1.0250000000000536,-1.1500000000000536,-0.41000000000002146
N4_MICRO_BREAKOUT,NEUTRAL,SHORT,2020-10-15 11:50:00+00:00,2020-10-15 11:55:00+00:00,2020-10-15 11:55:00+00:00,2020-10-15 12:05:00+00:00,1.17076,1.17116,1.17016,1.1701700000000002,TARGET,0.0004,1.474999999999671,1.349999999999671,0.5899999999998684
N1_ROLLING_SWEEP_FADE,NEUTRAL,LONG,2020-10-16 19:40:00+00:00,2020-10-16 19:45:00+00:00,2020-10-16 19:45:00+00:00,2020-10-16 20:55:00+00:00,1.1716900000000001,1.1712900000000002,1.17229,1.1713099999999999,TIME_12H,0.0004,-0.9500000000006725,-1.0750000000006725,-0.380000000000269
N4_MICRO_BREAKOUT,NEUTRAL,SHORT,2020-10-18 23:00:00+00:00,2020-10-18 23:05:00+00:00,2020-10-18 23:05:00+00:00,2020-10-18 23:30:00+00:00,1.1711799999999999,1.1715799999999998,1.17058,1.17159,STOP,0.0004,-1.0250000000000536,-1.1500000000000536,-0.41000000000002146
N1_ROLLING_SWEEP_FADE,NEUTRAL,LONG,2020-10-19 12:55:00+00:00,2020-10-19 13:00:00+00:00,2020-10-19 13:00:00+00:00,2020-10-19 13:30:00+00:00,1.1778000000000002,1.1774000000000002,1.1784000000000001,1.17839,TARGET,0.0004,1.474999999999671,1.349999999999671,0.5899999999998684
N1_ROLLING_SWEEP_FADE,NEUTRAL,SHORT,2020-10-19 13:30:00+00:00,2020-10-19 13:35:00+00:00,2020-10-19 13:35:00+00:00,2020-10-19 13:35:00+00:00,1.1778499999999998,1.1782499999999998,1.17725,1.1782599999999999,STOP,0.0004,-1.0250000000000536,-1.1500000000000536,-0.41000000000002146
N1_ROLLING_SWEEP_FADE,NEUTRAL,SHORT,2020-10-19 13:50:00+00:00,2020-10-19 13:55:00+00:00,2020-10-19 13:55:00+00:00,2020-10-19 14:05:00+00:00,1.17837,1.1787699999999999,1.17777,1.17778,TARGET,0.0004,1.474999999999671,1.349999999999671,0.5899999999998684
N1_ROLLING_SWEEP_FADE,NEUTRAL,LONG,2020-10-19 18:50:00+00:00,2020-10-19 18:55:00+00:00,2020-10-19 18:55:00+00:00,2020-10-19 19:00:00+00:00,1.1770500000000002,1.1766500000000002,1.17765,1.1766400000000001,STOP,0.0004,-1.0250000000000536,-1.1500000000000536,-0.41000000000002146
N1_ROLLING_SWEEP_FADE,NEUTRAL,SHORT,2020-10-20 00:10:00+00:00,2020-10-20 00:15:00+00:00,2020-10-20 00:15:00+00:00,2020-10-20 01:45:00+00:00,1.17732,1.1777199999999999,1.17672,1.17673,TARGET,0.0004,1.474999999999671,1.349999999999671,0.5899999999998684
N3_ANCHOR_REVERSION,NEUTRAL,SHORT,2020-10-20 11:30:00+00:00,2020-10-20 11:35:00+00:00,2020-10-20 11:35:00+00:00,2020-10-20 11:40:00+00:00,1.1809999999999998,1.1813999999999998,1.1804,1.18041,TARGET,0.0004,1.474999999999671,1.349999999999671,0.5899999999998684
N1_ROLLING_SWEEP_FADE,NEUTRAL,LONG,2020-10-20 11:45:00+00:00,2020-10-20 11:50:00+00:00,2020-10-20 11:50:00+00:00,2020-10-20 12:15:00+00:00,1.18053,1.1801300000000001,1.18113,1.18112,TARGET,0.0004,1.474999999999671,1.349999999999671,0.5899999999998684
N3_ANCHOR_REVERSION,NEUTRAL,SHORT,2020-10-20 12:15:00+00:00,2020-10-20 12:20:00+00:00,2020-10-20 12:20:00+00:00,2020-10-20 12:30:00+00:00,1.1807699999999999,1.1811699999999998,1.18017,1.18118,STOP,0.0004,-1.0250000000000536,-1.1500000000000536,-0.41000000000002146
N4_MICRO_BREAKOUT,NEUTRAL,LONG,2020-10-21 00:15:00+00:00,2020-10-21 00:20:00+00:00,2020-10-21 00:20:00+00:00,2020-10-21 01:45:00+00:00,1.1833900000000002,1.1829900000000002,1.18399,1.18398,TARGET,0.0004,1.474999999999671,1.349999999999671,0.5899999999998684
N1_ROLLING_SWEEP_FADE,NEUTRAL,SHORT,2020-10-21 01:45:00+00:00,2020-10-21 01:50:00+00:00,2020-10-21 01:50:00+00:00,2020-10-21 02:10:00+00:00,1.18386,1.1842599999999999,1.18326,1.18427,STOP,0.0004,-1.0250000000000536,-1.1500000000000536,-0.41000000000002146
N3_ANCHOR_REVERSION,NEUTRAL,SHORT,2020-10-21 04:05:00+00:00,2020-10-21 04:10:00+00:00,2020-10-21 04:10:00+00:00,2020-10-21 04:45:00+00:00,1.1844999999999999,1.1848999999999998,1.1839,1.18491,STOP,0.0004,-1.0250000000000536,-1.1500000000000536,-0.41000000000002146
N3_ANCHOR_REVERSION,NEUTRAL,SHORT,2020-10-21 07:15:00+00:00,2020-10-21 07:20:00+00:00,2020-10-21 07:20:00+00:00,2020-10-21 07:25:00+00:00,1.1855499999999999,1.1859499999999998,1.18495,1.18496,TARGET,0.0004,1.474999999999671,1.349999999999671,0.5899999999998684
N4_MICRO_BREAKOUT,NEUTRAL,SHORT,2020-10-22 00:00:00+00:00,2020-10-22 00:05:00+00:00,2020-10-22 00:05:00+00:00,2020-10-22 00:10:00+00:00,1.18491,1.1853099999999999,1.18431,1.18532,STOP,0.0004,-1.0250000000000536,-1.1500000000000536,-0.41000000000002146
N4_MICRO_BREAKOUT,NEUTRAL,SHORT,2020-10-22 00:10:00+00:00,2020-10-22 00:15:00+00:00,2020-10-22 00:15:00+00:00,2020-10-22 01:30:00+00:00,1.18471,1.1851099999999999,1.18411,1.18512,STOP,0.0004,-1.0250000000000536,-1.1500000000000536,-0.41000000000002146
N1_ROLLING_SWEEP_FADE,NEUTRAL,LONG,2020-10-22 02:20:00+00:00,2020-10-22 02:25:00+00:00,2020-10-22 02:25:00+00:00,2020-10-22 05:25:00+00:00,1.1842300000000001,1.1838300000000002,1.18483,1.18482,TARGET,0.0004,1.474999999999671,1.349999999999671,0.5899999999998684
N4_MICRO_BREAKOUT,NEUTRAL,LONG,2020-10-22 05:25:00+00:00,2020-10-22 05:30:00+00:00,2020-10-22 05:30:00+00:00,2020-10-22 06:20:00+00:00,1.18493,1.18453,1.18553,1.18552,TARGET,0.0004,1.474999999999671,1.349999999999671,0.5899999999998684
N3_ANCHOR_REVERSION,NEUTRAL,SHORT,2020-10-23 10:40:00+00:00,2020-10-23 10:45:00+00:00,2020-10-23 10:45:00+00:00,2020-10-23 10:55:00+00:00,1.18438,1.18478,1.18378,1.18479,STOP,0.0004,-1.0250000000000536,-1.1500000000000536,-0.41000000000002146
N3_ANCHOR_REVERSION,NEUTRAL,SHORT,2020-10-23 11:00:00+00:00,2020-10-23 11:05:00+00:00,2020-10-23 11:05:00+00:00,2020-10-23 11:20:00+00:00,1.18437,1.1847699999999999,1.18377,1.18478,STOP,0.0004,-1.0250000000000536,-1.1500000000000536,-0.41000000000002146
N1_ROLLING_SWEEP_FADE,NEUTRAL,SHORT,2020-10-23 11:35:00+00:00,2020-10-23 11:40:00+00:00,2020-10-23 11:40:00+00:00,2020-10-23 11:40:00+00:00,1.18474,1.1851399999999999,1.18414,1.18515,STOP,0.0004,-1.0250000000000536,-1.1500000000000536,-0.41000000000002146
N3_ANCHOR_REVERSION,NEUTRAL,SHORT,2020-10-23 11:45:00+00:00,2020-10-23 11:50:00+00:00,2020-10-23 11:50:00+00:00,2020-10-23 12:05:00+00:00,1.1847999999999999,1.1851999999999998,1.1842,1.1852099999999999,STOP,0.0004,-1.0250000000000536,-1.1500000000000536,-0.41000000000002146
N1_ROLLING_SWEEP_FADE,NEUTRAL,SHORT,2020-10-25 22:00:00+00:00,2020-10-25 22:05:00+00:00,2020-10-25 22:05:00+00:00,2020-10-25 22:15:00+00:00,1.1855,1.1859,1.1849,1.1849100000000001,TARGET,0.0004,1.474999999999671,1.349999999999671,0.5899999999998684
N1_ROLLING_SWEEP_FADE,NEUTRAL,LONG,2020-10-25 22:20:00+00:00,2020-10-25 22:25:00+00:00,2020-10-25 22:25:00+00:00,2020-10-25 22:55:00+00:00,1.1846,1.1842000000000001,1.1852,1.18419,STOP,0.0004,-1.0250000000000536,-1.1500000000000536,-0.41000000000002146
N3_ANCHOR_REVERSION,NEUTRAL,LONG,2020-10-25 23:00:00+00:00,2020-10-25 23:05:00+00:00,2020-10-25 23:05:00+00:00,2020-10-25 23:15:00+00:00,1.18465,1.18425,1.18525,1.18424,STOP,0.0004,-1.0250000000000536,-1.1500000000000536,-0.41000000000002146
N1_ROLLING_SWEEP_FADE,NEUTRAL,LONG,2020-10-26 09:10:00+00:00,2020-10-26 09:15:00+00:00,2020-10-26 09:15:00+00:00,2020-10-26 09:15:00+00:00,1.18158,1.1811800000000001,1.18218,1.18117,STOP,0.0004,-1.0250000000000536,-1.1500000000000536,-0.41000000000002146
N3_ANCHOR_REVERSION,NEUTRAL,LONG,2020-10-26 09:45:00+00:00,2020-10-26 09:50:00+00:00,2020-10-26 09:50:00+00:00,2020-10-26 10:00:00+00:00,1.1811900000000002,1.1807900000000002,1.1817900000000001,1.1807800000000002,STOP,0.0004,-1.0250000000000536,-1.1500000000000536,-0.41000000000002146
N1_ROLLING_SWEEP_FADE,NEUTRAL,LONG,2020-10-26 12:25:00+00:00,2020-10-26 12:30:00+00:00,2020-10-26 12:30:00+00:00,2020-10-26 12:35:00+00:00,1.1819600000000001,1.1815600000000002,1.18256,1.18155,STOP,0.0004,-1.0250000000000536,-1.1500000000000536,-0.41000000000002146
N3_ANCHOR_REVERSION,NEUTRAL,LONG,2020-10-26 12:55:00+00:00,2020-10-26 13:00:00+00:00,2020-10-26 13:00:00+00:00,2020-10-26 13:15:00+00:00,1.1814200000000001,1.1810200000000002,1.18202,1.18201,TARGET,0.0004,1.474999999999671,1.349999999999671,0.5899999999998684
N1_ROLLING_SWEEP_FADE,NEUTRAL,LONG,2020-10-28 04:05:00+00:00,2020-10-28 04:10:00+00:00,2020-10-28 04:10:00+00:00,2020-10-28 05:45:00+00:00,1.1777,1.1773,1.1783,1.1782899999999998,TARGET,0.0004,1.474999999999671,1.349999999999671,0.5899999999998684
N1_ROLLING_SWEEP_FADE,NEUTRAL,SHORT,2020-10-28 05:50:00+00:00,2020-10-28 05:55:00+00:00,2020-10-28 05:55:00+00:00,2020-10-28 05:55:00+00:00,1.17808,1.17848,1.17748,1.17849,STOP,0.0004,-1.0250000000000536,-1.1500000000000536,-0.41000000000002146
N4_MICRO_BREAKOUT,NEUTRAL,LONG,2020-10-28 06:15:00+00:00,2020-10-28 06:20:00+00:00,2020-10-28 06:20:00+00:00,2020-10-28 06:30:00+00:00,1.1785700000000001,1.1781700000000002,1.17917,1.17816,STOP,0.0004,-1.0250000000000536,-1.1500000000000536,-0.41000000000002146
N4_MICRO_BREAKOUT,NEUTRAL,SHORT,2020-10-28 06:50:00+00:00,2020-10-28 06:55:00+00:00,2020-10-28 06:55:00+00:00,2020-10-28 07:00:00+00:00,1.17692,1.17732,1.17632,1.17733,STOP,0.0004,-1.0250000000000536,-1.1500000000000536,-0.41000000000002146
N1_ROLLING_SWEEP_FADE,NEUTRAL,LONG,2020-10-29 00:00:00+00:00,2020-10-29 00:05:00+00:00,2020-10-29 00:05:00+00:00,2020-10-29 00:20:00+00:00,1.1748,1.1744,1.1754,1.17539,TARGET,0.0004,1.474999999999671,1.349999999999671,0.5899999999998684
N1_ROLLING_SWEEP_FADE,NEUTRAL,SHORT,2020-10-29 00:25:00+00:00,2020-10-29 00:30:00+00:00,2020-10-29 00:30:00+00:00,2020-10-29 01:55:00+00:00,1.17537,1.17577,1.17477,1.17578,STOP,0.0004,-1.0250000000000536,-1.1500000000000536,-0.41000000000002146
N3_ANCHOR_REVERSION,NEUTRAL,SHORT,2020-10-29 19:55:00+00:00,2020-10-29 20:00:00+00:00,2020-10-29 20:00:00+00:00,2020-10-29 23:55:00+00:00,1.1674099999999998,1.1678099999999998,1.16681,1.1678199999999999,STOP,0.0004,-1.0250000000000536,-1.1500000000000536,-0.41000000000002146
N1_ROLLING_SWEEP_FADE,NEUTRAL,LONG,2020-11-09 18:25:00+00:00,2020-11-09 18:30:00+00:00,2020-11-09 18:30:00+00:00,2020-11-09 18:55:00+00:00,1.1810200000000002,1.1806200000000002,1.1816200000000001,1.18161,TARGET,0.0004,1.474999999999671,1.349999999999671,0.5899999999998684
N1_ROLLING_SWEEP_FADE,NEUTRAL,SHORT,2020-11-09 20:05:00+00:00,2020-11-09 20:10:00+00:00,2020-11-09 20:10:00+00:00,2020-11-09 20:45:00+00:00,1.18323,1.18363,1.18263,1.1826400000000001,TARGET,0.0004,1.474999999999671,1.349999999999671,0.5899999999998684
N1_ROLLING_SWEEP_FADE,NEUTRAL,LONG,2020-11-09 20:50:00+00:00,2020-11-09 20:55:00+00:00,2020-11-09 20:55:00+00:00,2020-11-09 20:55:00+00:00,1.18246,1.18206,1.18306,1.18205,STOP,0.0004,-1.0250000000000536,-1.1500000000000536,-0.41000000000002146
N4_MICRO_BREAKOUT,NEUTRAL,SHORT,2020-11-10 00:20:00+00:00,2020-11-10 00:25:00+00:00,2020-11-10 00:25:00+00:00,2020-11-10 00:35:00+00:00,1.1810399999999999,1.1814399999999998,1.18044,1.18145,STOP,0.0004,-1.0250000000000536,-1.1500000000000536,-0.41000000000002146
N1_ROLLING_SWEEP_FADE,NEUTRAL,SHORT,2020-11-10 01:15:00+00:00,2020-11-10 01:20:00+00:00,2020-11-10 01:20:00+00:00,2020-11-10 01:25:00+00:00,1.18194,1.18234,1.18134,1.18235,STOP,0.0004,-1.0250000000000536,-1.1500000000000536,-0.41000000000002146
N1_ROLLING_SWEEP_FADE,NEUTRAL,SHORT,2020-11-10 01:35:00+00:00,2020-11-10 01:40:00+00:00,2020-11-10 01:40:00+00:00,2020-11-10 01:55:00+00:00,1.18203,1.1824299999999999,1.18143,1.18244,STOP,0.0004,-1.0250000000000536,-1.1500000000000536,-0.41000000000002146
N4_MICRO_BREAKOUT,NEUTRAL,SHORT,2020-11-11 12:10:00+00:00,2020-11-11 12:15:00+00:00,2020-11-11 12:15:00+00:00,2020-11-11 12:15:00+00:00,1.1756199999999999,1.1760199999999998,1.17502,1.17603,STOP,0.0004,-1.0250000000000536,-1.1500000000000536,-0.41000000000002146
N1_ROLLING_SWEEP_FADE,NEUTRAL,LONG,2020-11-11 12:15:00+00:00,2020-11-11 12:20:00+00:00,2020-11-11 12:20:00+00:00,2020-11-11 12:35:00+00:00,1.17602,1.17562,1.17662,1.17561,STOP,0.0004,-1.0250000000000536,-1.1500000000000536,-0.41000000000002146
N1_ROLLING_SWEEP_FADE,NEUTRAL,SHORT,2020-11-11 13:00:00+00:00,2020-11-11 13:05:00+00:00,2020-11-11 13:05:00+00:00,2020-11-11 13:15:00+00:00,1.1764999999999999,1.1768999999999998,1.1759,1.17691,STOP,0.0004,-1.0250000000000536,-1.1500000000000536,-0.41000000000002146
N1_ROLLING_SWEEP_FADE,NEUTRAL,SHORT,2020-11-11 13:25:00+00:00,2020-11-11 13:30:00+00:00,2020-11-11 13:30:00+00:00,2020-11-11 13:30:00+00:00,1.1768999999999998,1.1772999999999998,1.1763,1.17631,TARGET,0.0004,1.474999999999671,1.349999999999671,0.5899999999998684
N4_MICRO_BREAKOUT,NEUTRAL,SHORT,2020-11-17 05:15:00+00:00,2020-11-17 05:20:00+00:00,2020-11-17 05:20:00+00:00,2020-11-17 07:20:00+00:00,1.1857,1.1861,1.1851,1.18511,TARGET,0.0004,1.474999999999671,1.349999999999671,0.5899999999998684
N1_ROLLING_SWEEP_FADE,NEUTRAL,LONG,2020-11-24 03:45:00+00:00,2020-11-24 03:50:00+00:00,2020-11-24 03:50:00+00:00,2020-11-24 04:45:00+00:00,1.1845100000000002,1.1841100000000002,1.18511,1.1851,TARGET,0.0004,1.474999999999671,1.349999999999671,0.5899999999998684
N4_MICRO_BREAKOUT,NEUTRAL,LONG,2020-11-24 04:55:00+00:00,2020-11-24 05:00:00+00:00,2020-11-24 05:00:00+00:00,2020-11-24 05:00:00+00:00,1.18547,1.18507,1.18607,1.18506,STOP,0.0004,-1.0250000000000536,-1.1500000000000536,-0.41000000000002146
N3_ANCHOR_REVERSION,NEUTRAL,SHORT,2020-11-24 05:00:00+00:00,2020-11-24 05:05:00+00:00,2020-11-24 05:05:00+00:00,2020-11-24 05:55:00+00:00,1.18505,1.18545,1.18445,1.18546,STOP,0.0004,-1.0250000000000536,-1.1500000000000536,-0.41000000000002146
N3_ANCHOR_REVERSION,NEUTRAL,SHORT,2020-11-24 06:05:00+00:00,2020-11-24 06:10:00+00:00,2020-11-24 06:10:00+00:00,2020-11-24 06:10:00+00:00,1.1851,1.1855,1.1845,1.18551,STOP,0.0004,-1.0250000000000536,-1.1500000000000536,-0.41000000000002146
N4_MICRO_BREAKOUT,NEUTRAL,LONG,2020-11-25 00:05:00+00:00,2020-11-25 00:10:00+00:00,2020-11-25 00:10:00+00:00,2020-11-25 00:30:00+00:00,1.19014,1.18974,1.19074,1.18973,STOP,0.0004,-1.0250000000000536,-1.1500000000000536,-0.41000000000002146
N3_ANCHOR_REVERSION,NEUTRAL,SHORT,2020-11-25 00:45:00+00:00,2020-11-25 00:50:00+00:00,2020-11-25 00:50:00+00:00,2020-11-25 01:05:00+00:00,1.1896799999999998,1.1900799999999998,1.18908,1.1900899999999999,STOP,0.0004,-1.0250000000000536,-1.1500000000000536,-0.41000000000002146
N4_MICRO_BREAKOUT,NEUTRAL,LONG,2020-11-25 01:05:00+00:00,2020-11-25 01:10:00+00:00,2020-11-25 01:10:00+00:00,2020-11-25 01:50:00+00:00,1.19032,1.18992,1.19092,1.18991,STOP,0.0004,-1.0250000000000536,-1.1500000000000536,-0.41000000000002146
N1_ROLLING_SWEEP_FADE,NEUTRAL,LONG,2020-11-25 02:00:00+00:00,2020-11-25 02:05:00+00:00,2020-11-25 02:05:00+00:00,2020-11-25 02:55:00+00:00,1.1899000000000002,1.1895000000000002,1.1905000000000001,1.19049,TARGET,0.0004,1.474999999999671,1.349999999999671,0.5899999999998684
N3_ANCHOR_REVERSION,NEUTRAL,LONG,2020-11-26 13:00:00+00:00,2020-11-26 13:05:00+00:00,2020-11-26 13:05:00+00:00,2020-11-26 14:20:00+00:00,1.1897600000000002,1.1893600000000002,1.19036,1.1893500000000001,STOP,0.0004,-1.0250000000000536,-1.1500000000000536,-0.41000000000002146
N1_ROLLING_SWEEP_FADE,NEUTRAL,SHORT,2020-11-26 14:55:00+00:00,2020-11-26 15:00:00+00:00,2020-11-26 15:00:00+00:00,2020-11-26 15:00:00+00:00,1.1900499999999998,1.1904499999999998,1.18945,1.1904599999999999,STOP,0.0004,-1.0250000000000536,-1.1500000000000536,-0.41000000000002146
N1_ROLLING_SWEEP_FADE,NEUTRAL,SHORT,2020-12-01 21:00:00+00:00,2020-12-01 21:05:00+00:00,2020-12-01 21:05:00+00:00,2020-12-01 22:25:00+00:00,1.20705,1.20745,1.20645,1.20746,STOP,0.0004,-1.0250000000000536,-1.1500000000000536,-0.41000000000002146
N3_ANCHOR_REVERSION,NEUTRAL,SHORT,2020-12-01 23:00:00+00:00,2020-12-01 23:05:00+00:00,2020-12-01 23:05:00+00:00,2020-12-02 01:15:00+00:00,1.20699,1.20739,1.20639,1.2064000000000001,TARGET,0.0004,1.474999999999671,1.349999999999671,0.5899999999998684
N1_ROLLING_SWEEP_FADE,NEUTRAL,LONG,2020-12-02 01:15:00+00:00,2020-12-02 01:20:00+00:00,2020-12-02 01:20:00+00:00,2020-12-02 01:20:00+00:00,1.20652,1.20612,1.20712,1.20611,STOP,0.0004,-1.0250000000000536,-1.1500000000000536,-0.41000000000002146
N1_ROLLING_SWEEP_FADE,NEUTRAL,SHORT,2020-12-02 01:50:00+00:00,2020-12-02 01:55:00+00:00,2020-12-02 01:55:00+00:00,2020-12-02 02:00:00+00:00,1.2066,1.2069999999999999,1.206,1.20701,STOP,0.0004,-1.0250000000000536,-1.1500000000000536,-0.41000000000002146
N4_MICRO_BREAKOUT,NEUTRAL,LONG,2020-12-02 02:05:00+00:00,2020-12-02 02:10:00+00:00,2020-12-02 02:10:00+00:00,2020-12-02 02:10:00+00:00,1.20778,1.2073800000000001,1.20838,1.20737,STOP,0.0004,-1.0250000000000536,-1.1500000000000536,-0.41000000000002146
N3_ANCHOR_REVERSION,NEUTRAL,SHORT,2020-12-02 02:10:00+00:00,2020-12-02 02:15:00+00:00,2020-12-02 02:15:00+00:00,2020-12-02 02:25:00+00:00,1.2072699999999998,1.2076699999999998,1.20667,1.2076799999999999,STOP,0.0004,-1.0250000000000536,-1.1500000000000536,-0.41000000000002146
N3_ANCHOR_REVERSION,NEUTRAL,SHORT,2020-12-02 23:55:00+00:00,2020-12-03 00:00:00+00:00,2020-12-03 00:00:00+00:00,2020-12-03 00:15:00+00:00,1.21136,1.21176,1.21076,1.2107700000000001,TARGET,0.0004,1.474999999999671,1.349999999999671,0.5899999999998684
N1_ROLLING_SWEEP_FADE,NEUTRAL,SHORT,2020-12-03 01:20:00+00:00,2020-12-03 01:25:00+00:00,2020-12-03 01:25:00+00:00,2020-12-03 01:40:00+00:00,1.21078,1.21118,1.21018,1.21119,STOP,0.0004,-1.0250000000000536,-1.1500000000000536,-0.41000000000002146
N1_ROLLING_SWEEP_FADE,NEUTRAL,SHORT,2020-12-03 02:10:00+00:00,2020-12-03 02:15:00+00:00,2020-12-03 02:15:00+00:00,2020-12-03 02:35:00+00:00,1.21142,1.21182,1.21082,1.21183,STOP,0.0004,-1.0250000000000536,-1.1500000000000536,-0.41000000000002146
N4_MICRO_BREAKOUT,NEUTRAL,LONG,2020-12-03 05:30:00+00:00,2020-12-03 05:35:00+00:00,2020-12-03 05:35:00+00:00,2020-12-03 06:15:00+00:00,1.21214,1.21174,1.21274,1.21173,STOP,0.0004,-1.0250000000000536,-1.1500000000000536,-0.41000000000002146
N4_MICRO_BREAKOUT,NEUTRAL,SHORT,2020-12-04 00:05:00+00:00,2020-12-04 00:10:00+00:00,2020-12-04 00:10:00+00:00,2020-12-04 00:15:00+00:00,1.21407,1.21447,1.21347,1.21448,STOP,0.0004,-1.0250000000000536,-1.1500000000000536,-0.41000000000002146
N4_MICRO_BREAKOUT,NEUTRAL,LONG,2020-12-04 00:40:00+00:00,2020-12-04 00:45:00+00:00,2020-12-04 00:45:00+00:00,2020-12-04 00:50:00+00:00,1.21524,1.2148400000000001,1.21584,1.21483,STOP,0.0004,-1.0250000000000536,-1.1500000000000536,-0.41000000000002146
N3_ANCHOR_REVERSION,NEUTRAL,SHORT,2020-12-04 00:50:00+00:00,2020-12-04 00:55:00+00:00,2020-12-04 00:55:00+00:00,2020-12-04 01:05:00+00:00,1.21494,1.2153399999999999,1.21434,1.21535,STOP,0.0004,-1.0250000000000536,-1.1500000000000536,-0.41000000000002146
N3_ANCHOR_REVERSION,NEUTRAL,LONG,2020-12-04 20:55:00+00:00,2020-12-04 21:00:00+00:00,2020-12-04 21:00:00+00:00,2020-12-04 21:00:00+00:00,1.2128,1.2124000000000001,1.2134,1.21239,STOP,0.0004,-1.0250000000000536,-1.1500000000000536,-0.41000000000002146
N1_ROLLING_SWEEP_FADE,NEUTRAL,SHORT,2020-12-06 23:00:00+00:00,2020-12-06 23:05:00+00:00,2020-12-06 23:05:00+00:00,2020-12-06 23:05:00+00:00,1.21272,1.21312,1.21212,1.21313,STOP,0.0004,-1.0250000000000536,-1.1500000000000536,-0.41000000000002146
N1_ROLLING_SWEEP_FADE,NEUTRAL,LONG,2020-12-06 23:45:00+00:00,2020-12-06 23:50:00+00:00,2020-12-06 23:50:00+00:00,2020-12-06 23:55:00+00:00,1.21241,1.21201,1.21301,1.212,STOP,0.0004,-1.0250000000000536,-1.1500000000000536,-0.41000000000002146
N1_ROLLING_SWEEP_FADE,NEUTRAL,LONG,2020-12-07 00:00:00+00:00,2020-12-07 00:05:00+00:00,2020-12-07 00:05:00+00:00,2020-12-07 00:45:00+00:00,1.21221,1.21181,1.21281,1.2127999999999999,TARGET,0.0004,1.474999999999671,1.349999999999671,0.5899999999998684
N1_ROLLING_SWEEP_FADE,NEUTRAL,SHORT,2020-12-07 02:15:00+00:00,2020-12-07 02:20:00+00:00,2020-12-07 02:20:00+00:00,2020-12-07 02:20:00+00:00,1.21369,1.21409,1.21309,1.2141,STOP,0.0004,-1.0250000000000536,-1.1500000000000536,-0.41000000000002146
N3_ANCHOR_REVERSION,NEUTRAL,SHORT,2020-12-07 02:30:00+00:00,2020-12-07 02:35:00+00:00,2020-12-07 02:35:00+00:00,2020-12-07 06:10:00+00:00,1.2136099999999999,1.2140099999999998,1.21301,1.21302,TARGET,0.0004,1.474999999999671,1.349999999999671,0.5899999999998684
N1_ROLLING_SWEEP_FADE,NEUTRAL,SHORT,2020-12-07 11:15:00+00:00,2020-12-07 11:20:00+00:00,2020-12-07 11:20:00+00:00,2020-12-07 11:25:00+00:00,1.21077,1.2111699999999999,1.21017,1.21118,STOP,0.0004,-1.0250000000000536,-1.1500000000000536,-0.41000000000002146
N3_ANCHOR_REVERSION,NEUTRAL,LONG,2020-12-08 00:05:00+00:00,2020-12-08 00:10:00+00:00,2020-12-08 00:10:00+00:00,2020-12-08 00:50:00+00:00,1.21097,1.2105700000000001,1.21157,1.21056,STOP,0.0004,-1.0250000000000536,-1.1500000000000536,-0.41000000000002146
N1_ROLLING_SWEEP_FADE,NEUTRAL,LONG,2020-12-08 00:55:00+00:00,2020-12-08 01:00:00+00:00,2020-12-08 01:00:00+00:00,2020-12-08 03:55:00+00:00,1.21083,1.2104300000000001,1.21143,1.21142,TARGET,0.0004,1.474999999999671,1.349999999999671,0.5899999999998684
N3_ANCHOR_REVERSION,NEUTRAL,LONG,2020-12-09 12:55:00+00:00,2020-12-09 13:00:00+00:00,2020-12-09 13:00:00+00:00,2020-12-09 13:00:00+00:00,1.2110500000000002,1.2106500000000002,1.2116500000000001,1.2106400000000002,STOP,0.0004,-1.0250000000000536,-1.1500000000000536,-0.41000000000002146
N3_ANCHOR_REVERSION,NEUTRAL,LONG,2020-12-09 13:20:00+00:00,2020-12-09 13:25:00+00:00,2020-12-09 13:25:00+00:00,2020-12-09 13:30:00+00:00,1.2109800000000002,1.2105800000000002,1.21158,1.2105700000000001,STOP,0.0004,-1.0250000000000536,-1.1500000000000536,-0.41000000000002146
N4_MICRO_BREAKOUT,NEUTRAL,SHORT,2020-12-09 14:45:00+00:00,2020-12-09 14:50:00+00:00,2020-12-09 14:50:00+00:00,2020-12-09 14:50:00+00:00,1.21035,1.21075,1.20975,1.2097600000000002,TARGET,0.0004,1.474999999999671,1.349999999999671,0.5899999999998684
N3_ANCHOR_REVERSION,NEUTRAL,LONG,2020-12-09 18:15:00+00:00,2020-12-09 18:20:00+00:00,2020-12-09 18:20:00+00:00,2020-12-09 18:45:00+00:00,1.2069,1.2065000000000001,1.2075,1.20649,STOP,0.0004,-1.0250000000000536,-1.1500000000000536,-0.41000000000002146
N4_MICRO_BREAKOUT,NEUTRAL,LONG,2020-12-10 00:00:00+00:00,2020-12-10 00:05:00+00:00,2020-12-10 00:05:00+00:00,2020-12-10 00:15:00+00:00,1.20836,1.2079600000000001,1.20896,1.20795,STOP,0.0004,-1.0250000000000536,-1.1500000000000536,-0.41000000000002146
N1_ROLLING_SWEEP_FADE,NEUTRAL,LONG,2020-12-10 01:25:00+00:00,2020-12-10 01:30:00+00:00,2020-12-10 01:30:00+00:00,2020-12-10 02:20:00+00:00,1.2082300000000001,1.2078300000000002,1.20883,1.20882,TARGET,0.0004,1.474999999999671,1.349999999999671,0.5899999999998684
N4_MICRO_BREAKOUT,NEUTRAL,LONG,2020-12-10 02:30:00+00:00,2020-12-10 02:35:00+00:00,2020-12-10 02:35:00+00:00,2020-12-10 04:10:00+00:00,1.2090400000000001,1.2086400000000002,1.20964,1.20963,TARGET,0.0004,1.474999999999671,1.349999999999671,0.5899999999998684
N3_ANCHOR_REVERSION,NEUTRAL,SHORT,2020-12-10 20:35:00+00:00,2020-12-10 20:40:00+00:00,2020-12-10 20:40:00+00:00,2020-12-10 20:40:00+00:00,1.21406,1.2144599999999999,1.21346,1.21447,STOP,0.0004,-1.0250000000000536,-1.1500000000000536,-0.41000000000002146
N4_MICRO_BREAKOUT,NEUTRAL,LONG,2020-12-11 00:00:00+00:00,2020-12-11 00:05:00+00:00,2020-12-11 00:05:00+00:00,2020-12-11 00:20:00+00:00,1.21466,1.2142600000000001,1.21526,1.21425,STOP,0.0004,-1.0250000000000536,-1.1500000000000536,-0.41000000000002146
N1_ROLLING_SWEEP_FADE,NEUTRAL,LONG,2020-12-11 00:50:00+00:00,2020-12-11 00:55:00+00:00,2020-12-11 00:55:00+00:00,2020-12-11 01:00:00+00:00,1.21428,1.21388,1.21488,1.21487,TARGET,0.0004,1.474999999999671,1.349999999999671,0.5899999999998684
N4_MICRO_BREAKOUT,NEUTRAL,LONG,2020-12-11 01:00:00+00:00,2020-12-11 01:05:00+00:00,2020-12-11 01:05:00+00:00,2020-12-11 01:20:00+00:00,1.2152,1.2148,1.2158,1.21579,TARGET,0.0004,1.474999999999671,1.349999999999671,0.5899999999998684
N3_ANCHOR_REVERSION,NEUTRAL,SHORT,2020-12-11 01:25:00+00:00,2020-12-11 01:30:00+00:00,2020-12-11 01:30:00+00:00,2020-12-11 01:45:00+00:00,1.21553,1.21593,1.21493,1.21594,STOP,0.0004,-1.0250000000000536,-1.1500000000000536,-0.41000000000002146
N1_ROLLING_SWEEP_FADE,NEUTRAL,LONG,2020-12-16 17:50:00+00:00,2020-12-16 17:55:00+00:00,2020-12-16 17:55:00+00:00,2020-12-16 19:00:00+00:00,1.21696,1.21656,1.21756,1.21655,STOP,0.0004,-1.0250000000000536,-1.1500000000000536,-0.41000000000002146
N1_ROLLING_SWEEP_FADE,NEUTRAL,LONG,2020-12-16 19:00:00+00:00,2020-12-16 19:05:00+00:00,2020-12-16 19:05:00+00:00,2020-12-16 19:05:00+00:00,1.2171100000000001,1.2167100000000002,1.21771,1.2167000000000001,STOP,0.0004,-1.0250000000000536,-1.1500000000000536,-0.41000000000002146
N1_ROLLING_SWEEP_FADE,NEUTRAL,LONG,2020-12-16 19:10:00+00:00,2020-12-16 19:15:00+00:00,2020-12-16 19:15:00+00:00,2020-12-16 19:15:00+00:00,1.2154800000000001,1.2150800000000002,1.21608,1.21507,STOP,0.0004,-1.0250000000000536,-1.1500000000000536,-0.41000000000002146
N4_MICRO_BREAKOUT,NEUTRAL,SHORT,2020-12-16 19:15:00+00:00,2020-12-16 19:20:00+00:00,2020-12-16 19:20:00+00:00,2020-12-16 19:20:00+00:00,1.2129299999999998,1.2133299999999998,1.21233,1.2133399999999999,STOP,0.0004,-1.0250000000000536,-1.1500000000000536,-0.41000000000002146
N3_ANCHOR_REVERSION,NEUTRAL,SHORT,2020-12-17 00:05:00+00:00,2020-12-17 00:10:00+00:00,2020-12-17 00:10:00+00:00,2020-12-17 01:15:00+00:00,1.2194699999999998,1.2198699999999998,1.21887,1.2198799999999999,STOP,0.0004,-1.0250000000000536,-1.1500000000000536,-0.41000000000002146
N4_MICRO_BREAKOUT,NEUTRAL,LONG,2020-12-17 01:15:00+00:00,2020-12-17 01:20:00+00:00,2020-12-17 01:20:00+00:00,2020-12-17 02:50:00+00:00,1.2204000000000002,1.2200000000000002,1.221,1.22099,TARGET,0.0004,1.474999999999671,1.349999999999671,0.5899999999998684
N4_MICRO_BREAKOUT,NEUTRAL,LONG,2020-12-17 04:10:00+00:00,2020-12-17 04:15:00+00:00,2020-12-17 04:15:00+00:00,2020-12-17 04:15:00+00:00,1.2215900000000002,1.2211900000000002,1.22219,1.22218,TARGET,0.0004,1.474999999999671,1.349999999999671,0.5899999999998684
N1_ROLLING_SWEEP_FADE,NEUTRAL,SHORT,2020-12-17 04:25:00+00:00,2020-12-17 04:30:00+00:00,2020-12-17 04:30:00+00:00,2020-12-17 06:20:00+00:00,1.2227999999999999,1.2231999999999998,1.2222,1.22321,STOP,0.0004,-1.0250000000000536,-1.1500000000000536,-0.41000000000002146
N4_MICRO_BREAKOUT,NEUTRAL,SHORT,2020-12-21 05:15:00+00:00,2020-12-21 05:20:00+00:00,2020-12-21 05:20:00+00:00,2020-12-21 05:30:00+00:00,1.21813,1.21853,1.21753,1.21854,STOP,0.0004,-1.0250000000000536,-1.1500000000000536,-0.41000000000002146
N3_ANCHOR_REVERSION,NEUTRAL,LONG,2020-12-21 06:10:00+00:00,2020-12-21 06:15:00+00:00,2020-12-21 06:15:00+00:00,2020-12-21 06:25:00+00:00,1.21873,1.2183300000000001,1.21933,1.21832,STOP,0.0004,-1.0250000000000536,-1.1500000000000536,-0.41000000000002146
N3_ANCHOR_REVERSION,NEUTRAL,LONG,2020-12-21 06:25:00+00:00,2020-12-21 06:30:00+00:00,2020-12-21 06:30:00+00:00,2020-12-21 06:45:00+00:00,1.21879,1.21839,1.21939,1.21938,TARGET,0.0004,1.474999999999671,1.349999999999671,0.5899999999998684
N4_MICRO_BREAKOUT,NEUTRAL,SHORT,2020-12-21 07:30:00+00:00,2020-12-21 07:35:00+00:00,2020-12-21 07:35:00+00:00,2020-12-21 07:40:00+00:00,1.21769,1.21809,1.21709,1.2171,TARGET,0.0004,1.474999999999671,1.349999999999671,0.5899999999998684
N1_ROLLING_SWEEP_FADE,NEUTRAL,LONG,2020-12-22 00:00:00+00:00,2020-12-22 00:05:00+00:00,2020-12-22 00:05:00+00:00,2020-12-22 00:10:00+00:00,1.22371,1.2233100000000001,1.22431,1.2243,TARGET,0.0004,1.474999999999671,1.349999999999671,0.5899999999998684
N4_MICRO_BREAKOUT,NEUTRAL,SHORT,2020-12-22 00:45:00+00:00,2020-12-22 00:50:00+00:00,2020-12-22 00:50:00+00:00,2020-12-22 01:25:00+00:00,1.2230699999999999,1.2234699999999998,1.22247,1.22348,STOP,0.0004,-1.0250000000000536,-1.1500000000000536,-0.41000000000002146
N4_MICRO_BREAKOUT,NEUTRAL,SHORT,2020-12-22 03:15:00+00:00,2020-12-22 03:20:00+00:00,2020-12-22 03:20:00+00:00,2020-12-22 03:55:00+00:00,1.2226299999999999,1.2230299999999998,1.22203,1.22304,STOP,0.0004,-1.0250000000000536,-1.1500000000000536,-0.41000000000002146
N1_ROLLING_SWEEP_FADE,NEUTRAL,LONG,2020-12-22 18:50:00+00:00,2020-12-22 18:55:00+00:00,2020-12-22 18:55:00+00:00,2020-12-22 19:25:00+00:00,1.21639,1.2159900000000001,1.21699,1.21598,STOP,0.0004,-1.0250000000000536,-1.1500000000000536,-0.41000000000002146
N3_ANCHOR_REVERSION,NEUTRAL,SHORT,2020-12-23 00:00:00+00:00,2020-12-23 00:05:00+00:00,2020-12-23 00:05:00+00:00,2020-12-23 00:20:00+00:00,1.2183899999999999,1.2187899999999998,1.21779,1.2178,TARGET,0.0004,1.474999999999671,1.349999999999671,0.5899999999998684
N1_ROLLING_SWEEP_FADE,NEUTRAL,LONG,2020-12-23 00:35:00+00:00,2020-12-23 00:40:00+00:00,2020-12-23 00:40:00+00:00,2020-12-23 00:45:00+00:00,1.2173100000000001,1.2169100000000002,1.21791,1.2169,STOP,0.0004,-1.0250000000000536,-1.1500000000000536,-0.41000000000002146
N1_ROLLING_SWEEP_FADE,NEUTRAL,LONG,2020-12-23 01:00:00+00:00,2020-12-23 01:05:00+00:00,2020-12-23 01:05:00+00:00,2020-12-23 01:15:00+00:00,1.21663,1.2162300000000001,1.21723,1.21722,TARGET,0.0004,1.474999999999671,1.349999999999671,0.5899999999998684
N1_ROLLING_SWEEP_FADE,NEUTRAL,SHORT,2020-12-23 01:40:00+00:00,2020-12-23 01:45:00+00:00,2020-12-23 01:45:00+00:00,2020-12-23 02:20:00+00:00,1.2178799999999999,1.2182799999999998,1.21728,1.21729,TARGET,0.0004,1.474999999999671,1.349999999999671,0.5899999999998684
N4_MICRO_BREAKOUT,NEUTRAL,LONG,2020-12-23 23:55:00+00:00,2020-12-24 00:00:00+00:00,2020-12-24 00:00:00+00:00,2020-12-24 00:05:00+00:00,1.2194800000000001,1.2190800000000002,1.22008,1.22007,TARGET,0.0004,1.474999999999671,1.349999999999671,0.5899999999998684
N3_ANCHOR_REVERSION,NEUTRAL,SHORT,2020-12-24 00:10:00+00:00,2020-12-24 00:15:00+00:00,2020-12-24 00:15:00+00:00,2020-12-24 00:40:00+00:00,1.2197399999999998,1.2201399999999998,1.21914,1.2201499999999998,STOP,0.0004,-1.0250000000000536,-1.1500000000000536,-0.41000000000002146
N3_ANCHOR_REVERSION,NEUTRAL,SHORT,2020-12-24 01:15:00+00:00,2020-12-24 01:20:00+00:00,2020-12-24 01:20:00+00:00,2020-12-24 01:20:00+00:00,1.22057,1.2209699999999999,1.21997,1.22098,STOP,0.0004,-1.0250000000000536,-1.1500000000000536,-0.41000000000002146
N4_MICRO_BREAKOUT,NEUTRAL,LONG,2020-12-24 01:20:00+00:00,2020-12-24 01:25:00+00:00,2020-12-24 01:25:00+00:00,2020-12-24 01:30:00+00:00,1.22107,1.2206700000000001,1.22167,1.22066,STOP,0.0004,-1.0250000000000536,-1.1500000000000536,-0.41000000000002146
N4_MICRO_BREAKOUT,NEUTRAL,LONG,2020-12-28 05:55:00+00:00,2020-12-28 06:00:00+00:00,2020-12-28 06:00:00+00:00,2020-12-28 06:30:00+00:00,1.22242,1.22202,1.22302,1.22201,STOP,0.0004,-1.0250000000000536,-1.1500000000000536,-0.41000000000002146
N3_ANCHOR_REVERSION,NEUTRAL,SHORT,2020-12-28 06:50:00+00:00,2020-12-28 06:55:00+00:00,2020-12-28 06:55:00+00:00,2020-12-28 07:40:00+00:00,1.2225,1.2228999999999999,1.2219,1.22291,STOP,0.0004,-1.0250000000000536,-1.1500000000000536,-0.41000000000002146
N3_ANCHOR_REVERSION,NEUTRAL,SHORT,2020-12-28 07:45:00+00:00,2020-12-28 07:50:00+00:00,2020-12-28 07:50:00+00:00,2020-12-28 07:55:00+00:00,1.22267,1.2230699999999999,1.22207,1.22308,STOP,0.0004,-1.0250000000000536,-1.1500000000000536,-0.41000000000002146
N3_ANCHOR_REVERSION,NEUTRAL,SHORT,2020-12-28 08:00:00+00:00,2020-12-28 08:05:00+00:00,2020-12-28 08:05:00+00:00,2020-12-28 08:05:00+00:00,1.22278,1.22318,1.22218,1.22319,STOP,0.0004,-1.0250000000000536,-1.1500000000000536,-0.41000000000002146
N1_ROLLING_SWEEP_FADE,NEUTRAL,SHORT,2020-12-28 23:55:00+00:00,2020-12-29 00:00:00+00:00,2020-12-29 00:00:00+00:00,2020-12-29 00:00:00+00:00,1.2219499999999999,1.2223499999999998,1.22135,1.22236,STOP,0.0004,-1.0250000000000536,-1.1500000000000536,-0.41000000000002146
N4_MICRO_BREAKOUT,NEUTRAL,LONG,2020-12-29 00:00:00+00:00,2020-12-29 00:05:00+00:00,2020-12-29 00:05:00+00:00,2020-12-29 00:30:00+00:00,1.22255,1.22215,1.22315,1.22314,TARGET,0.0004,1.474999999999671,1.349999999999671,0.5899999999998684
N4_MICRO_BREAKOUT,NEUTRAL,LONG,2020-12-29 00:30:00+00:00,2020-12-29 00:35:00+00:00,2020-12-29 00:35:00+00:00,2020-12-29 00:45:00+00:00,1.2233800000000001,1.2229800000000002,1.22398,1.2229700000000001,STOP,0.0004,-1.0250000000000536,-1.1500000000000536,-0.41000000000002146
N3_ANCHOR_REVERSION,NEUTRAL,SHORT,2020-12-29 00:45:00+00:00,2020-12-29 00:50:00+00:00,2020-12-29 00:50:00+00:00,2020-12-29 02:05:00+00:00,1.2227599999999998,1.2231599999999998,1.22216,1.2231699999999999,STOP,0.0004,-1.0250000000000536,-1.1500000000000536,-0.41000000000002146
N3_ANCHOR_REVERSION,NEUTRAL,SHORT,2020-12-30 03:40:00+00:00,2020-12-30 03:45:00+00:00,2020-12-30 03:45:00+00:00,2020-12-30 04:10:00+00:00,1.22845,1.22885,1.22785,1.22886,STOP,0.0004,-1.0250000000000536,-1.1500000000000536,-0.41000000000002146
N3_ANCHOR_REVERSION,NEUTRAL,SHORT,2020-12-30 04:55:00+00:00,2020-12-30 05:00:00+00:00,2020-12-30 05:00:00+00:00,2020-12-30 05:00:00+00:00,1.22848,1.22888,1.22788,1.22889,STOP,0.0004,-1.0250000000000536,-1.1500000000000536,-0.41000000000002146
N3_ANCHOR_REVERSION,NEUTRAL,SHORT,2020-12-30 05:40:00+00:00,2020-12-30 05:45:00+00:00,2020-12-30 05:45:00+00:00,2020-12-30 06:15:00+00:00,1.2287299999999999,1.2291299999999998,1.22813,1.22814,TARGET,0.0004,1.474999999999671,1.349999999999671,0.5899999999998684
N1_ROLLING_SWEEP_FADE,NEUTRAL,LONG,2020-12-30 06:20:00+00:00,2020-12-30 06:25:00+00:00,2020-12-30 06:25:00+00:00,2020-12-30 07:40:00+00:00,1.22804,1.22764,1.22864,1.22763,STOP,0.0004,-1.0250000000000536,-1.1500000000000536,-0.41000000000002146
N3_ANCHOR_REVERSION,NEUTRAL,SHORT,2021-01-04 11:30:00+00:00,2021-01-04 11:35:00+00:00,2021-01-04 11:35:00+00:00,2021-01-04 12:00:00+00:00,1.2295699999999998,1.2299699999999998,1.22897,1.22898,TARGET,0.0004,1.474999999999671,1.349999999999671,0.5899999999998684
N1_ROLLING_SWEEP_FADE,NEUTRAL,SHORT,2021-01-05 20:00:00+00:00,2021-01-05 20:05:00+00:00,2021-01-05 20:05:00+00:00,2021-01-05 20:55:00+00:00,1.23004,1.23044,1.22944,1.2294500000000002,TARGET,0.0004,1.474999999999671,1.349999999999671,0.5899999999998684
N1_ROLLING_SWEEP_FADE,NEUTRAL,SHORT,2021-01-05 21:55:00+00:00,2021-01-05 22:00:00+00:00,2021-01-05 22:00:00+00:00,2021-01-05 22:00:00+00:00,1.22945,1.2298499999999999,1.22885,1.2301900000000001,STOP,0.0004,-1.8500000000004624,-1.9750000000004624,-0.740000000000185
N1_ROLLING_SWEEP_FADE,NEUTRAL,SHORT,2021-01-05 23:15:00+00:00,2021-01-05 23:20:00+00:00,2021-01-05 23:20:00+00:00,2021-01-05 23:20:00+00:00,1.2294699999999998,1.2298699999999998,1.22887,1.2298799999999999,STOP,0.0004,-1.0250000000000536,-1.1500000000000536,-0.41000000000002146
N4_MICRO_BREAKOUT,NEUTRAL,LONG,2021-01-05 23:20:00+00:00,2021-01-05 23:25:00+00:00,2021-01-05 23:25:00+00:00,2021-01-06 00:05:00+00:00,1.2299600000000002,1.2295600000000002,1.23056,1.2295500000000001,STOP,0.0004,-1.0250000000000536,-1.1500000000000536,-0.41000000000002146
N3_ANCHOR_REVERSION,NEUTRAL,SHORT,2021-01-06 01:00:00+00:00,2021-01-06 01:05:00+00:00,2021-01-06 01:05:00+00:00,2021-01-06 01:05:00+00:00,1.2308299999999999,1.2312299999999998,1.23023,1.23024,TARGET,0.0004,1.474999999999671,1.349999999999671,0.5899999999998684
N1_ROLLING_SWEEP_FADE,NEUTRAL,LONG,2021-01-06 01:20:00+00:00,2021-01-06 01:25:00+00:00,2021-01-06 01:25:00+00:00,2021-01-06 01:25:00+00:00,1.22981,1.2294100000000001,1.23041,1.2294,STOP,0.0004,-1.0250000000000536,-1.1500000000000536,-0.41000000000002146
N4_MICRO_BREAKOUT,NEUTRAL,SHORT,2021-01-06 01:35:00+00:00,2021-01-06 01:40:00+00:00,2021-01-06 01:40:00+00:00,2021-01-06 01:40:00+00:00,1.22834,1.22874,1.22774,1.22875,STOP,0.0004,-1.0250000000000536,-1.1500000000000536,-0.41000000000002146
N1_ROLLING_SWEEP_FADE,NEUTRAL,LONG,2021-01-06 01:40:00+00:00,2021-01-06 01:45:00+00:00,2021-01-06 01:45:00+00:00,2021-01-06 01:45:00+00:00,1.22895,1.22855,1.22955,1.22854,STOP,0.0004,-1.0250000000000536,-1.1500000000000536,-0.41000000000002146
N3_ANCHOR_REVERSION,NEUTRAL,SHORT,2021-01-07 00:00:00+00:00,2021-01-07 00:05:00+00:00,2021-01-07 00:05:00+00:00,2021-01-07 00:05:00+00:00,1.23338,1.2337799999999999,1.23278,1.23379,STOP,0.0004,-1.0250000000000536,-1.1500000000000536,-0.41000000000002146
N3_ANCHOR_REVERSION,NEUTRAL,SHORT,2021-01-07 00:25:00+00:00,2021-01-07 00:30:00+00:00,2021-01-07 00:30:00+00:00,2021-01-07 00:40:00+00:00,1.23379,1.23419,1.23319,1.2332,TARGET,0.0004,1.474999999999671,1.349999999999671,0.5899999999998684
N1_ROLLING_SWEEP_FADE,NEUTRAL,SHORT,2021-01-07 01:45:00+00:00,2021-01-07 01:50:00+00:00,2021-01-07 01:50:00+00:00,2021-01-07 02:10:00+00:00,1.23343,1.23383,1.23283,1.2328400000000002,TARGET,0.0004,1.474999999999671,1.349999999999671,0.5899999999998684
N4_MICRO_BREAKOUT,NEUTRAL,SHORT,2021-01-07 02:20:00+00:00,2021-01-07 02:25:00+00:00,2021-01-07 02:25:00+00:00,2021-01-07 02:30:00+00:00,1.23187,1.23227,1.23127,1.23228,STOP,0.0004,-1.0250000000000536,-1.1500000000000536,-0.41000000000002146
N4_MICRO_BREAKOUT,NEUTRAL,SHORT,2021-01-15 04:00:00+00:00,2021-01-15 04:05:00+00:00,2021-01-15 04:05:00+00:00,2021-01-15 05:20:00+00:00,1.2148299999999999,1.2152299999999998,1.21423,1.21424,TARGET,0.0004,1.474999999999671,1.349999999999671,0.5899999999998684
N4_MICRO_BREAKOUT,NEUTRAL,SHORT,2021-01-15 05:20:00+00:00,2021-01-15 05:25:00+00:00,2021-01-15 05:25:00+00:00,2021-01-15 05:35:00+00:00,1.2139499999999999,1.2143499999999998,1.21335,1.2143599999999999,STOP,0.0004,-1.0250000000000536,-1.1500000000000536,-0.41000000000002146
N4_MICRO_BREAKOUT,NEUTRAL,SHORT,2021-01-15 05:45:00+00:00,2021-01-15 05:50:00+00:00,2021-01-15 05:50:00+00:00,2021-01-15 05:55:00+00:00,1.2135799999999999,1.2139799999999998,1.21298,1.21399,STOP,0.0004,-1.0250000000000536,-1.1500000000000536,-0.41000000000002146
N3_ANCHOR_REVERSION,NEUTRAL,LONG,2021-01-15 05:55:00+00:00,2021-01-15 06:00:00+00:00,2021-01-15 06:00:00+00:00,2021-01-15 06:40:00+00:00,1.21405,1.2136500000000001,1.21465,1.21364,STOP,0.0004,-1.0250000000000536,-1.1500000000000536,-0.41000000000002146
N1_ROLLING_SWEEP_FADE,NEUTRAL,SHORT,2021-01-18 02:00:00+00:00,2021-01-18 02:05:00+00:00,2021-01-18 02:05:00+00:00,2021-01-18 02:35:00+00:00,1.20796,1.2083599999999999,1.20736,1.20837,STOP,0.0004,-1.0250000000000536,-1.1500000000000536,-0.41000000000002146
N1_ROLLING_SWEEP_FADE,NEUTRAL,LONG,2021-01-18 03:55:00+00:00,2021-01-18 04:00:00+00:00,2021-01-18 04:00:00+00:00,2021-01-18 04:20:00+00:00,1.2074900000000002,1.2070900000000002,1.20809,1.2070800000000002,STOP,0.0004,-1.0250000000000536,-1.1500000000000536,-0.41000000000002146
N4_MICRO_BREAKOUT,NEUTRAL,SHORT,2021-01-20 12:15:00+00:00,2021-01-20 12:20:00+00:00,2021-01-20 12:20:00+00:00,2021-01-20 12:25:00+00:00,1.21058,1.21098,1.20998,1.21099,STOP,0.0004,-1.0250000000000536,-1.1500000000000536,-0.41000000000002146
N1_ROLLING_SWEEP_FADE,NEUTRAL,LONG,2021-01-20 12:55:00+00:00,2021-01-20 13:00:00+00:00,2021-01-20 13:00:00+00:00,2021-01-20 13:15:00+00:00,1.2098900000000001,1.2094900000000002,1.21049,1.21048,TARGET,0.0004,1.474999999999671,1.349999999999671,0.5899999999998684
N3_ANCHOR_REVERSION,NEUTRAL,LONG,2021-01-20 13:35:00+00:00,2021-01-20 13:40:00+00:00,2021-01-20 13:40:00+00:00,2021-01-20 14:00:00+00:00,1.2104000000000001,1.2100000000000002,1.211,1.21099,TARGET,0.0004,1.474999999999671,1.349999999999671,0.5899999999998684
N1_ROLLING_SWEEP_FADE,NEUTRAL,SHORT,2021-01-20 14:05:00+00:00,2021-01-20 14:10:00+00:00,2021-01-20 14:10:00+00:00,2021-01-20 14:20:00+00:00,1.21079,1.21119,1.21019,1.2102000000000002,TARGET,0.0004,1.474999999999671,1.349999999999671,0.5899999999998684
N4_MICRO_BREAKOUT,NEUTRAL,LONG,2021-01-21 02:40:00+00:00,2021-01-21 02:45:00+00:00,2021-01-21 02:45:00+00:00,2021-01-21 05:35:00+00:00,1.21279,1.21239,1.21339,1.21338,TARGET,0.0004,1.474999999999671,1.349999999999671,0.5899999999998684
N3_ANCHOR_REVERSION,NEUTRAL,SHORT,2021-01-21 05:40:00+00:00,2021-01-21 05:45:00+00:00,2021-01-21 05:45:00+00:00,2021-01-21 07:10:00+00:00,1.2135099999999999,1.2139099999999998,1.21291,1.21292,TARGET,0.0004,1.474999999999671,1.349999999999671,0.5899999999998684
N4_MICRO_BREAKOUT,NEUTRAL,LONG,2021-01-21 20:00:00+00:00,2021-01-21 20:05:00+00:00,2021-01-21 20:05:00+00:00,2021-01-21 20:50:00+00:00,1.21624,1.21584,1.21684,1.2168299999999999,TARGET,0.0004,1.474999999999671,1.349999999999671,0.5899999999998684
N1_ROLLING_SWEEP_FADE,NEUTRAL,LONG,2021-01-26 00:30:00+00:00,2021-01-26 00:35:00+00:00,2021-01-26 00:35:00+00:00,2021-01-26 00:55:00+00:00,1.2138300000000002,1.2134300000000002,1.2144300000000001,1.2134200000000002,STOP,0.0004,-1.0250000000000536,-1.1500000000000536,-0.41000000000002146
N3_ANCHOR_REVERSION,NEUTRAL,LONG,2021-01-26 01:00:00+00:00,2021-01-26 01:05:00+00:00,2021-01-26 01:05:00+00:00,2021-01-26 01:50:00+00:00,1.21368,1.2132800000000001,1.21428,1.21427,TARGET,0.0004,1.474999999999671,1.349999999999671,0.5899999999998684
N3_ANCHOR_REVERSION,NEUTRAL,SHORT,2021-01-26 13:55:00+00:00,2021-01-26 14:00:00+00:00,2021-01-26 14:00:00+00:00,2021-01-26 14:00:00+00:00,1.2157,1.2161,1.2151,1.21611,STOP,0.0004,-1.0250000000000536,-1.1500000000000536,-0.41000000000002146
N1_ROLLING_SWEEP_FADE,NEUTRAL,SHORT,2021-01-26 14:10:00+00:00,2021-01-26 14:15:00+00:00,2021-01-26 14:15:00+00:00,2021-01-26 14:45:00+00:00,1.2161199999999999,1.2165199999999998,1.21552,1.21553,TARGET,0.0004,1.474999999999671,1.349999999999671,0.5899999999998684
N1_ROLLING_SWEEP_FADE,NEUTRAL,LONG,2021-01-27 13:00:00+00:00,2021-01-27 13:05:00+00:00,2021-01-27 13:05:00+00:00,2021-01-27 13:10:00+00:00,1.21086,1.21046,1.21146,1.21145,TARGET,0.0004,1.474999999999671,1.349999999999671,0.5899999999998684
N1_ROLLING_SWEEP_FADE,NEUTRAL,LONG,2021-01-27 13:50:00+00:00,2021-01-27 13:55:00+00:00,2021-01-27 13:55:00+00:00,2021-01-27 14:05:00+00:00,1.21085,1.21045,1.21145,1.21044,STOP,0.0004,-1.0250000000000536,-1.1500000000000536,-0.41000000000002146
N3_ANCHOR_REVERSION,NEUTRAL,LONG,2021-01-27 14:25:00+00:00,2021-01-27 14:30:00+00:00,2021-01-27 14:30:00+00:00,2021-01-27 14:30:00+00:00,1.2105400000000002,1.2101400000000002,1.21114,1.2101300000000001,STOP,0.0004,-1.0250000000000536,-1.1500000000000536,-0.41000000000002146
N4_MICRO_BREAKOUT,NEUTRAL,SHORT,2021-01-27 14:30:00+00:00,2021-01-27 14:35:00+00:00,2021-01-27 14:35:00+00:00,2021-01-27 14:35:00+00:00,1.2089999999999999,1.2093999999999998,1.2084,1.20841,TARGET,0.0004,1.474999999999671,1.349999999999671,0.5899999999998684
N4_MICRO_BREAKOUT,NEUTRAL,SHORT,2021-01-28 00:25:00+00:00,2021-01-28 00:30:00+00:00,2021-01-28 00:30:00+00:00,2021-01-28 00:30:00+00:00,1.2087599999999998,1.2091599999999998,1.20816,1.2091699999999999,STOP,0.0004,-1.0250000000000536,-1.1500000000000536,-0.41000000000002146
N1_ROLLING_SWEEP_FADE,NEUTRAL,LONG,2021-01-28 00:30:00+00:00,2021-01-28 00:35:00+00:00,2021-01-28 00:35:00+00:00,2021-01-28 00:50:00+00:00,1.20924,1.2088400000000001,1.20984,1.20883,STOP,0.0004,-1.0250000000000536,-1.1500000000000536,-0.41000000000002146
N4_MICRO_BREAKOUT,NEUTRAL,SHORT,2021-01-28 00:50:00+00:00,2021-01-28 00:55:00+00:00,2021-01-28 00:55:00+00:00,2021-01-28 00:55:00+00:00,1.20834,1.20874,1.20774,1.20875,STOP,0.0004,-1.0250000000000536,-1.1500000000000536,-0.41000000000002146
N1_ROLLING_SWEEP_FADE,NEUTRAL,LONG,2021-01-28 00:55:00+00:00,2021-01-28 01:00:00+00:00,2021-01-28 01:00:00+00:00,2021-01-28 01:05:00+00:00,1.2088400000000001,1.2084400000000002,1.20944,1.20943,TARGET,0.0004,1.474999999999671,1.349999999999671,0.5899999999998684
N1_ROLLING_SWEEP_FADE,NEUTRAL,LONG,2021-01-29 02:25:00+00:00,2021-01-29 02:30:00+00:00,2021-01-29 02:30:00+00:00,2021-01-29 02:30:00+00:00,1.21068,1.21028,1.21128,1.21027,STOP,0.0004,-1.0250000000000536,-1.1500000000000536,-0.41000000000002146
N4_MICRO_BREAKOUT,NEUTRAL,SHORT,2021-01-29 03:30:00+00:00,2021-01-29 03:35:00+00:00,2021-01-29 03:35:00+00:00,2021-01-29 06:15:00+00:00,1.20993,1.21033,1.20933,1.21034,STOP,0.0004,-1.0250000000000536,-1.1500000000000536,-0.41000000000002146
N1_ROLLING_SWEEP_FADE,NEUTRAL,LONG,2021-02-08 17:55:00+00:00,2021-02-08 18:00:00+00:00,2021-02-08 18:00:00+00:00,2021-02-08 19:35:00+00:00,1.20475,1.20435,1.20535,1.2053399999999999,TARGET,0.0004,1.474999999999671,1.349999999999671,0.5899999999998684
N3_ANCHOR_REVERSION,NEUTRAL,SHORT,2021-02-08 20:00:00+00:00,2021-02-08 20:05:00+00:00,2021-02-08 20:05:00+00:00,2021-02-08 20:20:00+00:00,1.2052699999999998,1.2056699999999998,1.20467,1.2056799999999999,STOP,0.0004,-1.0250000000000536,-1.1500000000000536,-0.41000000000002146
N3_ANCHOR_REVERSION,NEUTRAL,SHORT,2021-02-08 20:25:00+00:00,2021-02-08 20:30:00+00:00,2021-02-08 20:30:00+00:00,2021-02-08 23:25:00+00:00,1.20547,1.20587,1.20487,1.2048800000000002,TARGET,0.0004,1.474999999999671,1.349999999999671,0.5899999999998684
N1_ROLLING_SWEEP_FADE,NEUTRAL,SHORT,2021-02-08 23:55:00+00:00,2021-02-09 00:00:00+00:00,2021-02-09 00:00:00+00:00,2021-02-09 00:20:00+00:00,1.20521,1.2056099999999998,1.20461,1.20562,STOP,0.0004,-1.0250000000000536,-1.1500000000000536,-0.41000000000002146
N4_MICRO_BREAKOUT,NEUTRAL,LONG,2021-02-09 00:20:00+00:00,2021-02-09 00:25:00+00:00,2021-02-09 00:25:00+00:00,2021-02-09 01:25:00+00:00,1.20564,1.20524,1.20624,1.20623,TARGET,0.0004,1.474999999999671,1.349999999999671,0.5899999999998684
N3_ANCHOR_REVERSION,NEUTRAL,SHORT,2021-02-09 01:30:00+00:00,2021-02-09 01:35:00+00:00,2021-02-09 01:35:00+00:00,2021-02-09 02:10:00+00:00,1.20606,1.2064599999999999,1.20546,1.20647,STOP,0.0004,-1.0250000000000536,-1.1500000000000536,-0.41000000000002146
N4_MICRO_BREAKOUT,NEUTRAL,LONG,2021-02-09 02:10:00+00:00,2021-02-09 02:15:00+00:00,2021-02-09 02:15:00+00:00,2021-02-09 02:35:00+00:00,1.20724,1.2068400000000001,1.20784,1.20783,TARGET,0.0004,1.474999999999671,1.349999999999671,0.5899999999998684
N1_ROLLING_SWEEP_FADE,NEUTRAL,LONG,2021-02-10 05:20:00+00:00,2021-02-10 05:25:00+00:00,2021-02-10 05:25:00+00:00,2021-02-10 07:30:00+00:00,1.2126100000000002,1.2122100000000002,1.2132100000000001,1.2132,TARGET,0.0004,1.474999999999671,1.349999999999671,0.5899999999998684
N1_ROLLING_SWEEP_FADE,NEUTRAL,SHORT,2021-02-11 22:50:00+00:00,2021-02-11 22:55:00+00:00,2021-02-11 22:55:00+00:00,2021-02-12 00:50:00+00:00,1.2132699999999998,1.2136699999999998,1.21267,1.21268,TARGET,0.0004,1.474999999999671,1.349999999999671,0.5899999999998684
N4_MICRO_BREAKOUT,NEUTRAL,SHORT,2021-02-12 00:50:00+00:00,2021-02-12 00:55:00+00:00,2021-02-12 00:55:00+00:00,2021-02-12 00:55:00+00:00,1.21257,1.2129699999999999,1.21197,1.21298,STOP,0.0004,-1.0250000000000536,-1.1500000000000536,-0.41000000000002146
N3_ANCHOR_REVERSION,NEUTRAL,LONG,2021-02-12 00:55:00+00:00,2021-02-12 01:00:00+00:00,2021-02-12 01:00:00+00:00,2021-02-12 01:50:00+00:00,1.21295,1.21255,1.21355,1.21254,STOP,0.0004,-1.0250000000000536,-1.1500000000000536,-0.41000000000002146
N1_ROLLING_SWEEP_FADE,NEUTRAL,LONG,2021-02-12 01:55:00+00:00,2021-02-12 02:00:00+00:00,2021-02-12 02:00:00+00:00,2021-02-12 02:10:00+00:00,1.2127700000000001,1.2123700000000002,1.21337,1.21236,STOP,0.0004,-1.0250000000000536,-1.1500000000000536,-0.41000000000002146
N1_ROLLING_SWEEP_FADE,NEUTRAL,LONG,2021-02-12 02:10:00+00:00,2021-02-12 02:15:00+00:00,2021-02-12 02:15:00+00:00,2021-02-12 02:50:00+00:00,1.21252,1.21212,1.21312,1.21211,STOP,0.0004,-1.0250000000000536,-1.1500000000000536,-0.41000000000002146
N3_ANCHOR_REVERSION,NEUTRAL,SHORT,2021-02-14 22:40:00+00:00,2021-02-14 22:45:00+00:00,2021-02-14 22:45:00+00:00,2021-02-14 22:55:00+00:00,1.21218,1.21258,1.21158,1.21259,STOP,0.0004,-1.0250000000000536,-1.1500000000000536,-0.41000000000002146
N3_ANCHOR_REVERSION,NEUTRAL,SHORT,2021-02-14 23:05:00+00:00,2021-02-14 23:10:00+00:00,2021-02-14 23:10:00+00:00,2021-02-15 01:35:00+00:00,1.21228,1.21268,1.21168,1.21269,STOP,0.0004,-1.0250000000000536,-1.1500000000000536,-0.41000000000002146
N4_MICRO_BREAKOUT,NEUTRAL,LONG,2021-02-15 01:35:00+00:00,2021-02-15 01:40:00+00:00,2021-02-15 01:40:00+00:00,2021-02-15 03:15:00+00:00,1.21279,1.21239,1.21339,1.21338,TARGET,0.0004,1.474999999999671,1.349999999999671,0.5899999999998684
N3_ANCHOR_REVERSION,NEUTRAL,SHORT,2021-02-15 03:30:00+00:00,2021-02-15 03:35:00+00:00,2021-02-15 03:35:00+00:00,2021-02-15 03:45:00+00:00,1.2133399999999999,1.2137399999999998,1.21274,1.2137499999999999,STOP,0.0004,-1.0250000000000536,-1.1500000000000536,-0.41000000000002146
N3_ANCHOR_REVERSION,NEUTRAL,SHORT,2021-02-15 03:50:00+00:00,2021-02-15 03:55:00+00:00,2021-02-15 03:55:00+00:00,2021-02-15 05:35:00+00:00,1.21355,1.2139499999999999,1.21295,1.21396,STOP,0.0004,-1.0250000000000536,-1.1500000000000536,-0.41000000000002146
N4_MICRO_BREAKOUT,NEUTRAL,LONG,2021-02-15 05:35:00+00:00,2021-02-15 05:40:00+00:00,2021-02-15 05:40:00+00:00,2021-02-15 06:45:00+00:00,1.21401,1.21361,1.21461,1.2136,STOP,0.0004,-1.0250000000000536,-1.1500000000000536,-0.41000000000002146
N4_MICRO_BREAKOUT,NEUTRAL,LONG,2021-02-16 19:55:00+00:00,2021-02-16 20:00:00+00:00,2021-02-16 20:00:00+00:00,2021-02-16 20:55:00+00:00,1.21161,1.2112100000000001,1.21221,1.2112,STOP,0.0004,-1.0250000000000536,-1.1500000000000536,-0.41000000000002146
N1_ROLLING_SWEEP_FADE,NEUTRAL,LONG,2021-02-16 21:05:00+00:00,2021-02-16 21:10:00+00:00,2021-02-16 21:10:00+00:00,2021-02-16 21:15:00+00:00,1.2112,1.2108,1.2118,1.21079,STOP,0.0004,-1.0250000000000536,-1.1500000000000536,-0.41000000000002146
N1_ROLLING_SWEEP_FADE,NEUTRAL,LONG,2021-02-16 21:55:00+00:00,2021-02-16 22:00:00+00:00,2021-02-16 22:00:00+00:00,2021-02-16 22:25:00+00:00,1.21076,1.21036,1.21136,1.21034,STOP,0.0004,-1.0500000000002174,-1.1750000000002174,-0.42000000000008697
N1_ROLLING_SWEEP_FADE,NEUTRAL,LONG,2021-02-16 22:25:00+00:00,2021-02-16 22:30:00+00:00,2021-02-16 22:30:00+00:00,2021-02-16 22:35:00+00:00,1.2106400000000002,1.2102400000000002,1.21124,1.2102300000000001,STOP,0.0004,-1.0250000000000536,-1.1500000000000536,-0.41000000000002146
N3_ANCHOR_REVERSION,NEUTRAL,LONG,2021-02-17 00:00:00+00:00,2021-02-17 00:05:00+00:00,2021-02-17 00:05:00+00:00,2021-02-17 00:15:00+00:00,1.2092,1.2088,1.2098,1.20879,STOP,0.0004,-1.0250000000000536,-1.1500000000000536,-0.41000000000002146
N3_ANCHOR_REVERSION,NEUTRAL,LONG,2021-02-17 00:20:00+00:00,2021-02-17 00:25:00+00:00,2021-02-17 00:25:00+00:00,2021-02-17 00:40:00+00:00,1.2091100000000001,1.2087100000000002,1.20971,1.2087,STOP,0.0004,-1.0250000000000536,-1.1500000000000536,-0.41000000000002146
N1_ROLLING_SWEEP_FADE,NEUTRAL,LONG,2021-02-17 00:50:00+00:00,2021-02-17 00:55:00+00:00,2021-02-17 00:55:00+00:00,2021-02-17 01:05:00+00:00,1.2088800000000002,1.2084800000000002,1.20948,1.2084700000000002,STOP,0.0004,-1.0250000000000536,-1.1500000000000536,-0.41000000000002146
N3_ANCHOR_REVERSION,NEUTRAL,LONG,2021-02-17 01:10:00+00:00,2021-02-17 01:15:00+00:00,2021-02-17 01:15:00+00:00,2021-02-17 02:05:00+00:00,1.2089400000000001,1.2085400000000002,1.20954,1.20953,TARGET,0.0004,1.474999999999671,1.349999999999671,0.5899999999998684
N3_ANCHOR_REVERSION,NEUTRAL,SHORT,2021-02-19 10:20:00+00:00,2021-02-19 10:25:00+00:00,2021-02-19 10:25:00+00:00,2021-02-19 10:25:00+00:00,1.21348,1.2138799999999998,1.21288,1.21389,STOP,0.0004,-1.0250000000000536,-1.1500000000000536,-0.41000000000002146
N1_ROLLING_SWEEP_FADE,NEUTRAL,LONG,2021-02-19 12:25:00+00:00,2021-02-19 12:30:00+00:00,2021-02-19 12:30:00+00:00,2021-02-19 12:40:00+00:00,1.2138600000000002,1.2134600000000002,1.21446,1.2134500000000001,STOP,0.0004,-1.0250000000000536,-1.1500000000000536,-0.41000000000002146
N1_ROLLING_SWEEP_FADE,NEUTRAL,SHORT,2021-02-19 13:10:00+00:00,2021-02-19 13:15:00+00:00,2021-02-19 13:15:00+00:00,2021-02-19 13:25:00+00:00,1.21382,1.2142199999999999,1.21322,1.21323,TARGET,0.0004,1.474999999999671,1.349999999999671,0.5899999999998684
N4_MICRO_BREAKOUT,NEUTRAL,SHORT,2021-02-19 17:50:00+00:00,2021-02-19 17:55:00+00:00,2021-02-19 17:55:00+00:00,2021-02-19 17:55:00+00:00,1.2122499999999998,1.2126499999999998,1.21165,1.2126599999999998,STOP,0.0004,-1.0250000000000536,-1.1500000000000536,-0.41000000000002146
N3_ANCHOR_REVERSION,NEUTRAL,SHORT,2021-02-22 12:05:00+00:00,2021-02-22 12:10:00+00:00,2021-02-22 12:10:00+00:00,2021-02-22 12:15:00+00:00,1.2135,1.2139,1.2129,1.21391,STOP,0.0004,-1.0250000000000536,-1.1500000000000536,-0.41000000000002146
N3_ANCHOR_REVERSION,NEUTRAL,SHORT,2021-02-22 13:05:00+00:00,2021-02-22 13:10:00+00:00,2021-02-22 13:10:00+00:00,2021-02-22 13:30:00+00:00,1.21357,1.21397,1.21297,1.21398,STOP,0.0004,-1.0250000000000536,-1.1500000000000536,-0.41000000000002146
N4_MICRO_BREAKOUT,NEUTRAL,LONG,2021-02-22 13:40:00+00:00,2021-02-22 13:45:00+00:00,2021-02-22 13:45:00+00:00,2021-02-22 14:00:00+00:00,1.2149400000000001,1.2145400000000002,1.21554,1.21453,STOP,0.0004,-1.0250000000000536,-1.1500000000000536,-0.41000000000002146
N1_ROLLING_SWEEP_FADE,NEUTRAL,SHORT,2021-02-22 19:50:00+00:00,2021-02-22 19:55:00+00:00,2021-02-22 19:55:00+00:00,2021-02-22 20:20:00+00:00,1.21657,1.2169699999999999,1.21597,1.21598,TARGET,0.0004,1.474999999999671,1.349999999999671,0.5899999999998684
N3_ANCHOR_REVERSION,NEUTRAL,SHORT,2021-02-22 23:55:00+00:00,2021-02-23 00:00:00+00:00,2021-02-23 00:00:00+00:00,2021-02-23 00:45:00+00:00,1.2163599999999999,1.2167599999999998,1.21576,1.21677,STOP,0.0004,-1.0250000000000536,-1.1500000000000536,-0.41000000000002146
N1_ROLLING_SWEEP_FADE,NEUTRAL,SHORT,2021-02-23 00:55:00+00:00,2021-02-23 01:00:00+00:00,2021-02-23 01:00:00+00:00,2021-02-23 01:05:00+00:00,1.21706,1.21746,1.21646,1.2164700000000002,TARGET,0.0004,1.474999999999671,1.349999999999671,0.5899999999998684
N3_ANCHOR_REVERSION,NEUTRAL,SHORT,2021-02-23 01:25:00+00:00,2021-02-23 01:30:00+00:00,2021-02-23 01:30:00+00:00,2021-02-23 01:30:00+00:00,1.21689,1.21729,1.21629,1.2173,STOP,0.0004,-1.0250000000000536,-1.1500000000000536,-0.41000000000002146
N1_ROLLING_SWEEP_FADE,NEUTRAL,SHORT,2021-02-23 01:30:00+00:00,2021-02-23 01:35:00+00:00,2021-02-23 01:35:00+00:00,2021-02-23 01:40:00+00:00,1.21692,1.21732,1.21632,1.21733,STOP,0.0004,-1.0250000000000536,-1.1500000000000536,-0.41000000000002146
N4_MICRO_BREAKOUT,NEUTRAL,LONG,2021-02-24 20:40:00+00:00,2021-02-24 20:45:00+00:00,2021-02-24 20:45:00+00:00,2021-02-24 21:00:00+00:00,1.21676,1.21636,1.21736,1.21635,STOP,0.0004,-1.0250000000000536,-1.1500000000000536,-0.41000000000002146
N1_ROLLING_SWEEP_FADE,NEUTRAL,SHORT,2021-02-24 21:35:00+00:00,2021-02-24 21:40:00+00:00,2021-02-24 21:40:00+00:00,2021-02-24 22:00:00+00:00,1.2168999999999999,1.2172999999999998,1.2163,1.21731,STOP,0.0004,-1.0250000000000536,-1.1500000000000536,-0.41000000000002146
N1_ROLLING_SWEEP_FADE,NEUTRAL,LONG,2021-02-24 22:40:00+00:00,2021-02-24 22:45:00+00:00,2021-02-24 22:45:00+00:00,2021-02-24 23:45:00+00:00,1.2164300000000001,1.2160300000000002,1.21703,1.21702,TARGET,0.0004,1.474999999999671,1.349999999999671,0.5899999999998684
N1_ROLLING_SWEEP_FADE,NEUTRAL,LONG,2021-02-25 00:15:00+00:00,2021-02-25 00:20:00+00:00,2021-02-25 00:20:00+00:00,2021-02-25 00:30:00+00:00,1.2166700000000001,1.2162700000000002,1.21727,1.2162600000000001,STOP,0.0004,-1.0250000000000536,-1.1500000000000536,-0.41000000000002146
N1_ROLLING_SWEEP_FADE,NEUTRAL,LONG,2021-02-25 00:30:00+00:00,2021-02-25 00:35:00+00:00,2021-02-25 00:35:00+00:00,2021-02-25 00:50:00+00:00,1.21645,1.21605,1.21705,1.21604,STOP,0.0004,-1.0250000000000536,-1.1500000000000536,-0.41000000000002146
N1_ROLLING_SWEEP_FADE,NEUTRAL,LONG,2021-02-25 00:55:00+00:00,2021-02-25 01:00:00+00:00,2021-02-25 01:00:00+00:00,2021-02-25 01:05:00+00:00,1.21632,1.2159200000000001,1.21692,1.21591,STOP,0.0004,-1.0250000000000536,-1.1500000000000536,-0.41000000000002146
N4_MICRO_BREAKOUT,NEUTRAL,LONG,2021-02-25 03:20:00+00:00,2021-02-25 03:25:00+00:00,2021-02-25 03:25:00+00:00,2021-02-25 04:15:00+00:00,1.21658,1.21618,1.21718,1.2171699999999999,TARGET,0.0004,1.474999999999671,1.349999999999671,0.5899999999998684
N3_ANCHOR_REVERSION,NEUTRAL,LONG,2021-02-26 04:15:00+00:00,2021-02-26 04:20:00+00:00,2021-02-26 04:20:00+00:00,2021-02-26 04:20:00+00:00,1.2157600000000002,1.2153600000000002,1.21636,1.2153500000000002,STOP,0.0004,-1.0250000000000536,-1.1500000000000536,-0.41000000000002146
N4_MICRO_BREAKOUT,NEUTRAL,SHORT,2021-02-26 04:40:00+00:00,2021-02-26 04:45:00+00:00,2021-02-26 04:45:00+00:00,2021-02-26 04:50:00+00:00,1.21468,1.21508,1.21408,1.21509,STOP,0.0004,-1.0250000000000536,-1.1500000000000536,-0.41000000000002146
N4_MICRO_BREAKOUT,NEUTRAL,SHORT,2021-02-26 06:50:00+00:00,2021-02-26 06:55:00+00:00,2021-02-26 06:55:00+00:00,2021-02-26 06:55:00+00:00,1.21494,1.2153399999999999,1.21434,1.21535,STOP,0.0004,-1.0250000000000536,-1.1500000000000536,-0.41000000000002146
N3_ANCHOR_REVERSION,NEUTRAL,LONG,2021-02-26 07:50:00+00:00,2021-02-26 07:55:00+00:00,2021-02-26 07:55:00+00:00,2021-02-26 07:55:00+00:00,1.21375,1.2133500000000002,1.21435,1.21334,STOP,0.0004,-1.0250000000000536,-1.1500000000000536,-0.41000000000002146
N3_ANCHOR_REVERSION,NEUTRAL,SHORT,2021-03-11 11:15:00+00:00,2021-03-11 11:20:00+00:00,2021-03-11 11:20:00+00:00,2021-03-11 12:00:00+00:00,1.1964599999999999,1.1968599999999998,1.19586,1.19587,TARGET,0.0004,1.474999999999671,1.349999999999671,0.5899999999998684
N4_MICRO_BREAKOUT,NEUTRAL,LONG,2021-03-11 18:00:00+00:00,2021-03-11 18:05:00+00:00,2021-03-11 18:05:00+00:00,2021-03-11 18:05:00+00:00,1.19883,1.19843,1.19943,1.19842,STOP,0.0004,-1.0250000000000536,-1.1500000000000536,-0.41000000000002146
N3_ANCHOR_REVERSION,NEUTRAL,SHORT,2021-03-11 18:05:00+00:00,2021-03-11 18:10:00+00:00,2021-03-11 18:10:00+00:00,2021-03-11 18:55:00+00:00,1.1984599999999999,1.1988599999999998,1.19786,1.1988699999999999,STOP,0.0004,-1.0250000000000536,-1.1500000000000536,-0.41000000000002146
N1_ROLLING_SWEEP_FADE,NEUTRAL,SHORT,2021-03-11 20:40:00+00:00,2021-03-11 20:45:00+00:00,2021-03-11 20:45:00+00:00,2021-03-11 23:45:00+00:00,1.1987999999999999,1.1991999999999998,1.1982,1.19821,TARGET,0.0004,1.474999999999671,1.349999999999671,0.5899999999998684
N1_ROLLING_SWEEP_FADE,NEUTRAL,LONG,2021-03-12 00:20:00+00:00,2021-03-12 00:25:00+00:00,2021-03-12 00:25:00+00:00,2021-03-12 02:10:00+00:00,1.1982700000000002,1.1978700000000002,1.19887,1.1978600000000001,STOP,0.0004,-1.0250000000000536,-1.1500000000000536,-0.41000000000002146
N4_MICRO_BREAKOUT,NEUTRAL,SHORT,2021-03-12 02:15:00+00:00,2021-03-12 02:20:00+00:00,2021-03-12 02:20:00+00:00,2021-03-12 02:35:00+00:00,1.19752,1.1979199999999999,1.19692,1.19693,TARGET,0.0004,1.474999999999671,1.349999999999671,0.5899999999998684
N3_ANCHOR_REVERSION,NEUTRAL,LONG,2021-03-12 02:50:00+00:00,2021-03-12 02:55:00+00:00,2021-03-12 02:55:00+00:00,2021-03-12 06:00:00+00:00,1.19622,1.19582,1.19682,1.19581,STOP,0.0004,-1.0250000000000536,-1.1500000000000536,-0.41000000000002146
N4_MICRO_BREAKOUT,NEUTRAL,SHORT,2021-03-12 06:00:00+00:00,2021-03-12 06:05:00+00:00,2021-03-12 06:05:00+00:00,2021-03-12 06:15:00+00:00,1.1958499999999999,1.1962499999999998,1.19525,1.19526,TARGET,0.0004,1.474999999999671,1.349999999999671,0.5899999999998684
N1_ROLLING_SWEEP_FADE,NEUTRAL,LONG,2021-03-15 02:45:00+00:00,2021-03-15 02:50:00+00:00,2021-03-15 02:50:00+00:00,2021-03-15 03:50:00+00:00,1.1947800000000002,1.1943800000000002,1.19538,1.19537,TARGET,0.0004,1.474999999999671,1.349999999999671,0.5899999999998684
N4_MICRO_BREAKOUT,NEUTRAL,SHORT,2021-03-15 05:20:00+00:00,2021-03-15 05:25:00+00:00,2021-03-15 05:25:00+00:00,2021-03-15 05:35:00+00:00,1.1936799999999999,1.1940799999999998,1.19308,1.19309,TARGET,0.0004,1.474999999999671,1.349999999999671,0.5899999999998684
N3_ANCHOR_REVERSION,NEUTRAL,LONG,2021-03-15 05:40:00+00:00,2021-03-15 05:45:00+00:00,2021-03-15 05:45:00+00:00,2021-03-15 06:00:00+00:00,1.1934500000000001,1.1930500000000002,1.19405,1.19304,STOP,0.0004,-1.0250000000000536,-1.1500000000000536,-0.41000000000002146
N4_MICRO_BREAKOUT,NEUTRAL,LONG,2021-03-17 22:00:00+00:00,2021-03-17 22:05:00+00:00,2021-03-17 22:05:00+00:00,2021-03-17 22:15:00+00:00,1.19858,1.19818,1.19918,1.19817,STOP,0.0004,-1.0250000000000536,-1.1500000000000536,-0.41000000000002146
N3_ANCHOR_REVERSION,NEUTRAL,SHORT,2021-03-17 22:15:00+00:00,2021-03-17 22:20:00+00:00,2021-03-17 22:20:00+00:00,2021-03-17 22:25:00+00:00,1.19816,1.1985599999999998,1.19756,1.19857,STOP,0.0004,-1.0250000000000536,-1.1500000000000536,-0.41000000000002146
N4_MICRO_BREAKOUT,NEUTRAL,LONG,2021-03-17 22:25:00+00:00,2021-03-17 22:30:00+00:00,2021-03-17 22:30:00+00:00,2021-03-17 22:45:00+00:00,1.19869,1.19829,1.19929,1.19828,STOP,0.0004,-1.0250000000000536,-1.1500000000000536,-0.41000000000002146
N3_ANCHOR_REVERSION,NEUTRAL,SHORT,2021-03-17 22:50:00+00:00,2021-03-17 22:55:00+00:00,2021-03-17 22:55:00+00:00,2021-03-18 00:05:00+00:00,1.19807,1.19847,1.19747,1.19848,STOP,0.0004,-1.0250000000000536,-1.1500000000000536,-0.41000000000002146
N4_MICRO_BREAKOUT,NEUTRAL,LONG,2021-03-18 00:15:00+00:00,2021-03-18 00:20:00+00:00,2021-03-18 00:20:00+00:00,2021-03-18 00:25:00+00:00,1.19875,1.19835,1.19935,1.19834,STOP,0.0004,-1.0250000000000536,-1.1500000000000536,-0.41000000000002146
N1_ROLLING_SWEEP_FADE,NEUTRAL,LONG,2021-03-18 02:05:00+00:00,2021-03-18 02:10:00+00:00,2021-03-18 02:10:00+00:00,2021-03-18 03:00:00+00:00,1.19685,1.19645,1.19745,1.1974399999999998,TARGET,0.0004,1.474999999999671,1.349999999999671,0.5899999999998684
N4_MICRO_BREAKOUT,NEUTRAL,SHORT,2021-03-18 03:45:00+00:00,2021-03-18 03:50:00+00:00,2021-03-18 03:50:00+00:00,2021-03-18 05:20:00+00:00,1.19618,1.19658,1.19558,1.19659,STOP,0.0004,-1.0250000000000536,-1.1500000000000536,-0.41000000000002146
N4_MICRO_BREAKOUT,NEUTRAL,LONG,2021-03-18 06:40:00+00:00,2021-03-18 06:45:00+00:00,2021-03-18 06:45:00+00:00,2021-03-18 07:00:00+00:00,1.1977,1.1973,1.1983,1.1982899999999999,TARGET,0.0004,1.474999999999671,1.349999999999671,0.5899999999998684
N3_ANCHOR_REVERSION,NEUTRAL,LONG,2021-03-23 08:55:00+00:00,2021-03-23 09:00:00+00:00,2021-03-23 09:00:00+00:00,2021-03-23 09:10:00+00:00,1.18995,1.18955,1.19055,1.18954,STOP,0.0004,-1.0250000000000536,-1.1500000000000536,-0.41000000000002146
N3_ANCHOR_REVERSION,NEUTRAL,LONG,2021-03-23 09:25:00+00:00,2021-03-23 09:30:00+00:00,2021-03-23 09:30:00+00:00,2021-03-23 09:40:00+00:00,1.1895900000000001,1.1891900000000002,1.19019,1.1891800000000001,STOP,0.0004,-1.0250000000000536,-1.1500000000000536,-0.41000000000002146
N4_MICRO_BREAKOUT,NEUTRAL,SHORT,2021-03-23 09:55:00+00:00,2021-03-23 10:00:00+00:00,2021-03-23 10:00:00+00:00,2021-03-23 10:00:00+00:00,1.18911,1.1895099999999998,1.18851,1.18952,STOP,0.0004,-1.0250000000000536,-1.1500000000000536,-0.41000000000002146
N1_ROLLING_SWEEP_FADE,NEUTRAL,LONG,2021-03-23 10:00:00+00:00,2021-03-23 10:05:00+00:00,2021-03-23 10:05:00+00:00,2021-03-23 10:15:00+00:00,1.1895,1.1891,1.1901,1.18909,STOP,0.0004,-1.0250000000000536,-1.1500000000000536,-0.41000000000002146
N1_ROLLING_SWEEP_FADE,NEUTRAL,LONG,2021-03-23 23:55:00+00:00,2021-03-24 00:00:00+00:00,2021-03-24 00:00:00+00:00,2021-03-24 00:20:00+00:00,1.1840700000000002,1.1836700000000002,1.1846700000000001,1.18466,TARGET,0.0004,1.474999999999671,1.349999999999671,0.5899999999998684
N1_ROLLING_SWEEP_FADE,NEUTRAL,SHORT,2021-03-24 00:25:00+00:00,2021-03-24 00:30:00+00:00,2021-03-24 00:30:00+00:00,2021-03-24 00:35:00+00:00,1.1844299999999999,1.1848299999999998,1.18383,1.18484,STOP,0.0004,-1.0250000000000536,-1.1500000000000536,-0.41000000000002146
N1_ROLLING_SWEEP_FADE,NEUTRAL,LONG,2021-03-24 04:50:00+00:00,2021-03-24 04:55:00+00:00,2021-03-24 04:55:00+00:00,2021-03-24 05:20:00+00:00,1.1844700000000001,1.1840700000000002,1.18507,1.1840600000000001,STOP,0.0004,-1.0250000000000536,-1.1500000000000536,-0.41000000000002146
N4_MICRO_BREAKOUT,NEUTRAL,SHORT,2021-03-24 08:00:00+00:00,2021-03-24 08:05:00+00:00,2021-03-24 08:05:00+00:00,2021-03-24 08:15:00+00:00,1.18152,1.1819199999999999,1.18092,1.18193,STOP,0.0004,-1.0250000000000536,-1.1500000000000536,-0.41000000000002146
N3_ANCHOR_REVERSION,NEUTRAL,LONG,2021-03-25 16:00:00+00:00,2021-03-25 16:05:00+00:00,2021-03-25 16:05:00+00:00,2021-03-25 16:05:00+00:00,1.17805,1.17765,1.17865,1.17764,STOP,0.0004,-1.0250000000000536,-1.1500000000000536,-0.41000000000002146
N1_ROLLING_SWEEP_FADE,NEUTRAL,LONG,2021-03-25 17:00:00+00:00,2021-03-25 17:05:00+00:00,2021-03-25 17:05:00+00:00,2021-03-25 17:10:00+00:00,1.17682,1.17642,1.17742,1.1774099999999998,TARGET,0.0004,1.474999999999671,1.349999999999671,0.5899999999998684
N3_ANCHOR_REVERSION,NEUTRAL,LONG,2021-03-25 17:10:00+00:00,2021-03-25 17:15:00+00:00,2021-03-25 17:15:00+00:00,2021-03-25 17:15:00+00:00,1.1774900000000001,1.1770900000000002,1.17809,1.1770800000000001,STOP,0.0004,-1.0250000000000536,-1.1500000000000536,-0.41000000000002146
N3_ANCHOR_REVERSION,NEUTRAL,LONG,2021-03-25 19:40:00+00:00,2021-03-25 19:45:00+00:00,2021-03-25 19:45:00+00:00,2021-03-25 19:55:00+00:00,1.1771500000000001,1.1767500000000002,1.17775,1.1767400000000001,STOP,0.0004,-1.0250000000000536,-1.1500000000000536,-0.41000000000002146
N1_ROLLING_SWEEP_FADE,NEUTRAL,LONG,2021-03-26 00:20:00+00:00,2021-03-26 00:25:00+00:00,2021-03-26 00:25:00+00:00,2021-03-26 00:40:00+00:00,1.17771,1.17731,1.17831,1.1773,STOP,0.0004,-1.0250000000000536,-1.1500000000000536,-0.41000000000002146
N4_MICRO_BREAKOUT,NEUTRAL,LONG,2021-03-26 00:50:00+00:00,2021-03-26 00:55:00+00:00,2021-03-26 00:55:00+00:00,2021-03-26 00:55:00+00:00,1.17836,1.1779600000000001,1.17896,1.17795,STOP,0.0004,-1.0250000000000536,-1.1500000000000536,-0.41000000000002146
N3_ANCHOR_REVERSION,NEUTRAL,SHORT,2021-03-26 01:00:00+00:00,2021-03-26 01:05:00+00:00,2021-03-26 01:05:00+00:00,2021-03-26 01:15:00+00:00,1.178,1.1784,1.1774,1.17841,STOP,0.0004,-1.0250000000000536,-1.1500000000000536,-0.41000000000002146
N3_ANCHOR_REVERSION,NEUTRAL,SHORT,2021-03-26 01:25:00+00:00,2021-03-26 01:30:00+00:00,2021-03-26 01:30:00+00:00,2021-03-26 01:55:00+00:00,1.1781199999999998,1.1785199999999998,1.17752,1.1785299999999999,STOP,0.0004,-1.0250000000000536,-1.1500000000000536,-0.41000000000002146
N3_ANCHOR_REVERSION,NEUTRAL,SHORT,2021-04-01 17:50:00+00:00,2021-04-01 17:55:00+00:00,2021-04-01 17:55:00+00:00,2021-04-01 19:50:00+00:00,1.17715,1.1775499999999999,1.17655,1.17756,STOP,0.0004,-1.0250000000000536,-1.1500000000000536,-0.41000000000002146
N1_ROLLING_SWEEP_FADE,NEUTRAL,SHORT,2021-04-01 20:55:00+00:00,2021-04-01 21:00:00+00:00,2021-04-01 21:00:00+00:00,2021-04-01 22:00:00+00:00,1.1775799999999998,1.1779799999999998,1.17698,1.1779899999999999,STOP,0.0004,-1.0250000000000536,-1.1500000000000536,-0.41000000000002146
N4_MICRO_BREAKOUT,NEUTRAL,LONG,2021-04-01 22:00:00+00:00,2021-04-01 22:05:00+00:00,2021-04-01 22:05:00+00:00,2021-04-01 23:25:00+00:00,1.1780300000000001,1.1776300000000002,1.17863,1.1776200000000001,STOP,0.0004,-1.0250000000000536,-1.1500000000000536,-0.41000000000002146
N3_ANCHOR_REVERSION,NEUTRAL,SHORT,2021-04-02 00:15:00+00:00,2021-04-02 00:20:00+00:00,2021-04-02 00:20:00+00:00,2021-04-02 00:35:00+00:00,1.17791,1.17831,1.17731,1.1773200000000001,TARGET,0.0004,1.474999999999671,1.349999999999671,0.5899999999998684
N4_MICRO_BREAKOUT,NEUTRAL,SHORT,2021-04-02 00:40:00+00:00,2021-04-02 00:45:00+00:00,2021-04-02 00:45:00+00:00,2021-04-02 01:20:00+00:00,1.17708,1.1774799999999999,1.17648,1.17749,STOP,0.0004,-1.0250000000000536,-1.1500000000000536,-0.41000000000002146
N3_ANCHOR_REVERSION,NEUTRAL,LONG,2021-04-02 01:55:00+00:00,2021-04-02 02:00:00+00:00,2021-04-02 02:00:00+00:00,2021-04-02 03:05:00+00:00,1.17724,1.17684,1.17784,1.17783,TARGET,0.0004,1.474999999999671,1.349999999999671,0.5899999999998684
N1_ROLLING_SWEEP_FADE,NEUTRAL,SHORT,2021-04-02 03:05:00+00:00,2021-04-02 03:10:00+00:00,2021-04-02 03:10:00+00:00,2021-04-02 03:20:00+00:00,1.1776799999999998,1.1780799999999998,1.17708,1.1780899999999999,STOP,0.0004,-1.0250000000000536,-1.1500000000000536,-0.41000000000002146
N1_ROLLING_SWEEP_FADE,NEUTRAL,LONG,2021-04-02 20:55:00+00:00,2021-04-02 21:00:00+00:00,2021-04-04 21:00:00+00:00,2021-04-04 21:00:00+00:00,1.17605,1.17565,1.17665,1.17543,STOP,0.0004,-1.5500000000001624,-1.6750000000001624,-0.6200000000000649
N3_ANCHOR_REVERSION,NEUTRAL,LONG,2021-04-04 21:50:00+00:00,2021-04-04 21:55:00+00:00,2021-04-04 21:55:00+00:00,2021-04-04 22:00:00+00:00,1.17588,1.17548,1.17648,1.17647,TARGET,0.0004,1.474999999999671,1.349999999999671,0.5899999999998684
N1_ROLLING_SWEEP_FADE,NEUTRAL,LONG,2021-04-04 23:05:00+00:00,2021-04-04 23:10:00+00:00,2021-04-04 23:10:00+00:00,2021-04-05 01:25:00+00:00,1.17625,1.17585,1.17685,1.1768399999999999,TARGET,0.0004,1.474999999999671,1.349999999999671,0.5899999999998684
N3_ANCHOR_REVERSION,NEUTRAL,SHORT,2021-04-05 02:05:00+00:00,2021-04-05 02:10:00+00:00,2021-04-05 02:10:00+00:00,2021-04-05 04:40:00+00:00,1.17681,1.1772099999999999,1.17621,1.17622,TARGET,0.0004,1.474999999999671,1.349999999999671,0.5899999999998684
N1_ROLLING_SWEEP_FADE,NEUTRAL,LONG,2021-04-05 04:45:00+00:00,2021-04-05 04:50:00+00:00,2021-04-05 04:50:00+00:00,2021-04-05 05:30:00+00:00,1.17622,1.17582,1.17682,1.17581,STOP,0.0004,-1.0250000000000536,-1.1500000000000536,-0.41000000000002146
N4_MICRO_BREAKOUT,NEUTRAL,SHORT,2021-04-05 05:30:00+00:00,2021-04-05 05:35:00+00:00,2021-04-05 05:35:00+00:00,2021-04-05 05:50:00+00:00,1.17574,1.17614,1.17514,1.1751500000000001,TARGET,0.0004,1.474999999999671,1.349999999999671,0.5899999999998684
N3_ANCHOR_REVERSION,NEUTRAL,LONG,2021-04-05 06:00:00+00:00,2021-04-05 06:05:00+00:00,2021-04-05 06:05:00+00:00,2021-04-05 06:05:00+00:00,1.1751200000000002,1.1747200000000002,1.17572,1.1747100000000001,STOP,0.0004,-1.0250000000000536,-1.1500000000000536,-0.41000000000002146
N3_ANCHOR_REVERSION,NEUTRAL,SHORT,2021-04-06 00:20:00+00:00,2021-04-06 00:25:00+00:00,2021-04-06 00:25:00+00:00,2021-04-06 01:35:00+00:00,1.18169,1.1820899999999999,1.18109,1.1811,TARGET,0.0004,1.474999999999671,1.349999999999671,0.5899999999998684
N1_ROLLING_SWEEP_FADE,NEUTRAL,LONG,2021-04-13 15:00:00+00:00,2021-04-13 15:05:00+00:00,2021-04-13 15:05:00+00:00,2021-04-13 15:45:00+00:00,1.19275,1.19235,1.19335,1.1933399999999998,TARGET,0.0004,1.474999999999671,1.349999999999671,0.5899999999998684
N4_MICRO_BREAKOUT,NEUTRAL,LONG,2021-04-13 17:05:00+00:00,2021-04-13 17:10:00+00:00,2021-04-13 17:10:00+00:00,2021-04-13 17:45:00+00:00,1.19448,1.19408,1.19508,1.19407,STOP,0.0004,-1.0250000000000536,-1.1500000000000536,-0.41000000000002146
N3_ANCHOR_REVERSION,NEUTRAL,SHORT,2021-04-13 17:45:00+00:00,2021-04-13 17:50:00+00:00,2021-04-13 17:50:00+00:00,2021-04-13 18:00:00+00:00,1.19401,1.19441,1.19341,1.19442,STOP,0.0004,-1.0250000000000536,-1.1500000000000536,-0.41000000000002146
N4_MICRO_BREAKOUT,NEUTRAL,SHORT,2021-04-20 09:30:00+00:00,2021-04-20 09:35:00+00:00,2021-04-20 09:35:00+00:00,2021-04-20 09:40:00+00:00,1.20563,1.20603,1.20503,1.20604,STOP,0.0004,-1.0250000000000536,-1.1500000000000536,-0.41000000000002146
N4_MICRO_BREAKOUT,NEUTRAL,SHORT,2021-04-20 12:20:00+00:00,2021-04-20 12:25:00+00:00,2021-04-20 12:25:00+00:00,2021-04-20 12:30:00+00:00,1.20467,1.2050699999999999,1.20407,1.20408,TARGET,0.0004,1.474999999999671,1.349999999999671,0.5899999999998684
N3_ANCHOR_REVERSION,NEUTRAL,LONG,2021-04-20 12:45:00+00:00,2021-04-20 12:50:00+00:00,2021-04-20 12:50:00+00:00,2021-04-20 12:55:00+00:00,1.20368,1.2032800000000001,1.20428,1.20327,STOP,0.0004,-1.0250000000000536,-1.1500000000000536,-0.41000000000002146
N1_ROLLING_SWEEP_FADE,NEUTRAL,SHORT,2021-04-28 07:55:00+00:00,2021-04-28 08:00:00+00:00,2021-04-28 08:00:00+00:00,2021-04-28 08:05:00+00:00,1.20732,1.20772,1.20672,1.20773,STOP,0.0004,-1.0250000000000536,-1.1500000000000536,-0.41000000000002146
N2_ASIA_RANGE_FADE,NEUTRAL,LONG,2021-04-28 08:20:00+00:00,2021-04-28 08:25:00+00:00,2021-04-28 08:25:00+00:00,2021-04-28 09:05:00+00:00,1.20753,1.20713,1.20813,1.20712,STOP,0.0004,-1.0250000000000536,-1.1500000000000536,-0.41000000000002146
N1_ROLLING_SWEEP_FADE,NEUTRAL,SHORT,2021-04-28 10:55:00+00:00,2021-04-28 11:00:00+00:00,2021-04-28 11:00:00+00:00,2021-04-28 11:00:00+00:00,1.2066299999999999,1.2070299999999998,1.20603,1.20704,STOP,0.0004,-1.0250000000000536,-1.1500000000000536,-0.41000000000002146
N1_ROLLING_SWEEP_FADE,NEUTRAL,LONG,2021-04-28 11:30:00+00:00,2021-04-28 11:35:00+00:00,2021-04-28 11:35:00+00:00,2021-04-28 12:25:00+00:00,1.20693,1.20653,1.20753,1.20652,STOP,0.0004,-1.0250000000000536,-1.1500000000000536,-0.41000000000002146
N4_MICRO_BREAKOUT,NEUTRAL,LONG,2021-04-29 00:05:00+00:00,2021-04-29 00:10:00+00:00,2021-04-29 00:10:00+00:00,2021-04-29 01:15:00+00:00,1.2137600000000002,1.2133600000000002,1.21436,1.21435,TARGET,0.0004,1.474999999999671,1.349999999999671,0.5899999999998684
N4_MICRO_BREAKOUT,NEUTRAL,LONG,2021-04-29 01:25:00+00:00,2021-04-29 01:30:00+00:00,2021-04-29 01:30:00+00:00,2021-04-29 02:20:00+00:00,1.21455,1.21415,1.21515,1.21414,STOP,0.0004,-1.0250000000000536,-1.1500000000000536,-0.41000000000002146
N4_MICRO_BREAKOUT,NEUTRAL,SHORT,2021-04-29 03:30:00+00:00,2021-04-29 03:35:00+00:00,2021-04-29 03:35:00+00:00,2021-04-29 03:45:00+00:00,1.21318,1.2135799999999999,1.21258,1.21259,TARGET,0.0004,1.474999999999671,1.349999999999671,0.5899999999998684
N3_ANCHOR_REVERSION,NEUTRAL,LONG,2021-04-29 03:45:00+00:00,2021-04-29 03:50:00+00:00,2021-04-29 03:50:00+00:00,2021-04-29 04:45:00+00:00,1.2126700000000001,1.2122700000000002,1.21327,1.21326,TARGET,0.0004,1.474999999999671,1.349999999999671,0.5899999999998684
N4_MICRO_BREAKOUT,NEUTRAL,SHORT,2021-04-30 10:55:00+00:00,2021-04-30 11:00:00+00:00,2021-04-30 11:00:00+00:00,2021-04-30 11:00:00+00:00,1.20797,1.20837,1.20737,1.20838,STOP,0.0004,-1.0250000000000536,-1.1500000000000536,-0.41000000000002146
N3_ANCHOR_REVERSION,NEUTRAL,LONG,2021-04-30 11:00:00+00:00,2021-04-30 11:05:00+00:00,2021-04-30 11:05:00+00:00,2021-04-30 11:50:00+00:00,1.20839,1.2079900000000001,1.20899,1.20798,STOP,0.0004,-1.0250000000000536,-1.1500000000000536,-0.41000000000002146
N3_ANCHOR_REVERSION,NEUTRAL,LONG,2021-04-30 12:00:00+00:00,2021-04-30 12:05:00+00:00,2021-04-30 12:05:00+00:00,2021-04-30 12:05:00+00:00,1.20829,1.2078900000000001,1.20889,1.20788,STOP,0.0004,-1.0250000000000536,-1.1500000000000536,-0.41000000000002146
N3_ANCHOR_REVERSION,NEUTRAL,LONG,2021-04-30 12:15:00+00:00,2021-04-30 12:20:00+00:00,2021-04-30 12:20:00+00:00,2021-04-30 12:30:00+00:00,1.2084000000000001,1.2080000000000002,1.209,1.2079900000000001,STOP,0.0004,-1.0250000000000536,-1.1500000000000536,-0.41000000000002146
N1_ROLLING_SWEEP_FADE,NEUTRAL,LONG,2021-05-03 22:05:00+00:00,2021-05-03 22:10:00+00:00,2021-05-03 22:10:00+00:00,2021-05-03 23:15:00+00:00,1.20621,1.20581,1.20681,1.2058,STOP,0.0004,-1.0250000000000536,-1.1500000000000536,-0.41000000000002146
N4_MICRO_BREAKOUT,NEUTRAL,SHORT,2021-05-03 23:15:00+00:00,2021-05-03 23:20:00+00:00,2021-05-03 23:20:00+00:00,2021-05-04 01:20:00+00:00,1.20573,1.20613,1.20513,1.20514,TARGET,0.0004,1.474999999999671,1.349999999999671,0.5899999999998684
N1_ROLLING_SWEEP_FADE,NEUTRAL,LONG,2021-05-04 01:20:00+00:00,2021-05-04 01:25:00+00:00,2021-05-04 01:25:00+00:00,2021-05-04 01:25:00+00:00,1.20524,1.2048400000000001,1.20584,1.20483,STOP,0.0004,-1.0250000000000536,-1.1500000000000536,-0.41000000000002146
N4_MICRO_BREAKOUT,NEUTRAL,SHORT,2021-05-04 01:25:00+00:00,2021-05-04 01:30:00+00:00,2021-05-04 01:30:00+00:00,2021-05-04 01:35:00+00:00,1.2047299999999999,1.2051299999999998,1.20413,1.2051399999999999,STOP,0.0004,-1.0250000000000536,-1.1500000000000536,-0.41000000000002146
N4_MICRO_BREAKOUT,NEUTRAL,SHORT,2021-05-04 02:25:00+00:00,2021-05-04 02:30:00+00:00,2021-05-04 02:30:00+00:00,2021-05-04 04:00:00+00:00,1.2045299999999999,1.2049299999999998,1.20393,1.20394,TARGET,0.0004,1.474999999999671,1.349999999999671,0.5899999999998684
N3_ANCHOR_REVERSION,NEUTRAL,LONG,2021-05-04 04:55:00+00:00,2021-05-04 05:00:00+00:00,2021-05-04 05:00:00+00:00,2021-05-04 05:05:00+00:00,1.20414,1.20374,1.20474,1.20373,STOP,0.0004,-1.0250000000000536,-1.1500000000000536,-0.41000000000002146
N4_MICRO_BREAKOUT,NEUTRAL,LONG,2021-05-05 10:05:00+00:00,2021-05-05 10:10:00+00:00,2021-05-05 10:10:00+00:00,2021-05-05 10:15:00+00:00,1.20116,1.20076,1.20176,1.20075,STOP,0.0004,-1.0250000000000536,-1.1500000000000536,-0.41000000000002146
N1_ROLLING_SWEEP_FADE,NEUTRAL,SHORT,2021-05-05 10:20:00+00:00,2021-05-05 10:25:00+00:00,2021-05-05 10:25:00+00:00,2021-05-05 10:35:00+00:00,1.20109,1.20149,1.20049,1.2015,STOP,0.0004,-1.0250000000000536,-1.1500000000000536,-0.41000000000002146
N3_ANCHOR_REVERSION,NEUTRAL,SHORT,2021-05-05 10:40:00+00:00,2021-05-05 10:45:00+00:00,2021-05-05 10:45:00+00:00,2021-05-05 10:50:00+00:00,1.20149,1.20189,1.20089,1.2019,STOP,0.0004,-1.0250000000000536,-1.1500000000000536,-0.41000000000002146
N3_ANCHOR_REVERSION,NEUTRAL,SHORT,2021-05-06 09:10:00+00:00,2021-05-06 09:15:00+00:00,2021-05-06 09:15:00+00:00,2021-05-06 09:15:00+00:00,1.2037,1.2041,1.2031,1.20411,STOP,0.0004,-1.0250000000000536,-1.1500000000000536,-0.41000000000002146
N4_MICRO_BREAKOUT,NEUTRAL,LONG,2021-05-06 09:25:00+00:00,2021-05-06 09:30:00+00:00,2021-05-06 09:30:00+00:00,2021-05-06 10:45:00+00:00,1.2048,1.2044000000000001,1.2054,1.20439,STOP,0.0004,-1.0250000000000536,-1.1500000000000536,-0.41000000000002146
N3_ANCHOR_REVERSION,NEUTRAL,SHORT,2021-05-06 11:30:00+00:00,2021-05-06 11:35:00+00:00,2021-05-06 11:35:00+00:00,2021-05-06 11:35:00+00:00,1.2043599999999999,1.2047599999999998,1.20376,1.20477,STOP,0.0004,-1.0250000000000536,-1.1500000000000536,-0.41000000000002146
N1_ROLLING_SWEEP_FADE,NEUTRAL,SHORT,2021-05-06 18:10:00+00:00,2021-05-06 18:15:00+00:00,2021-05-06 18:15:00+00:00,2021-05-06 19:20:00+00:00,1.20556,1.20596,1.20496,1.20597,STOP,0.0004,-1.0250000000000536,-1.1500000000000536,-0.41000000000002146
N3_ANCHOR_REVERSION,NEUTRAL,LONG,2021-05-10 21:55:00+00:00,2021-05-10 22:00:00+00:00,2021-05-10 22:00:00+00:00,2021-05-10 22:55:00+00:00,1.21324,1.2128400000000001,1.21384,1.21383,TARGET,0.0004,1.474999999999671,1.349999999999671,0.5899999999998684
N1_ROLLING_SWEEP_FADE,NEUTRAL,SHORT,2021-05-10 23:10:00+00:00,2021-05-10 23:15:00+00:00,2021-05-10 23:15:00+00:00,2021-05-10 23:30:00+00:00,1.2136399999999998,1.2140399999999998,1.21304,1.2140499999999999,STOP,0.0004,-1.0250000000000536,-1.1500000000000536,-0.41000000000002146
N1_ROLLING_SWEEP_FADE,NEUTRAL,SHORT,2021-05-10 23:35:00+00:00,2021-05-10 23:40:00+00:00,2021-05-10 23:40:00+00:00,2021-05-11 00:00:00+00:00,1.2139,1.2143,1.2133,1.21431,STOP,0.0004,-1.0250000000000536,-1.1500000000000536,-0.41000000000002146
N1_ROLLING_SWEEP_FADE,NEUTRAL,SHORT,2021-05-11 00:00:00+00:00,2021-05-11 00:05:00+00:00,2021-05-11 00:05:00+00:00,2021-05-11 00:20:00+00:00,1.21396,1.2143599999999999,1.21336,1.21337,TARGET,0.0004,1.474999999999671,1.349999999999671,0.5899999999998684
N4_MICRO_BREAKOUT,NEUTRAL,SHORT,2021-05-11 00:20:00+00:00,2021-05-11 00:25:00+00:00,2021-05-11 00:25:00+00:00,2021-05-11 00:55:00+00:00,1.2133399999999999,1.2137399999999998,1.21274,1.21275,TARGET,0.0004,1.474999999999671,1.349999999999671,0.5899999999998684
N3_ANCHOR_REVERSION,NEUTRAL,LONG,2021-05-11 01:10:00+00:00,2021-05-11 01:15:00+00:00,2021-05-11 01:15:00+00:00,2021-05-11 01:40:00+00:00,1.21307,1.2126700000000001,1.21367,1.21366,TARGET,0.0004,1.474999999999671,1.349999999999671,0.5899999999998684
N3_ANCHOR_REVERSION,NEUTRAL,SHORT,2021-05-11 12:15:00+00:00,2021-05-11 12:20:00+00:00,2021-05-11 12:20:00+00:00,2021-05-11 12:25:00+00:00,1.2166599999999999,1.2170599999999998,1.21606,1.2170699999999999,STOP,0.0004,-1.0250000000000536,-1.1500000000000536,-0.41000000000002146
N3_ANCHOR_REVERSION,NEUTRAL,LONG,2021-05-12 01:15:00+00:00,2021-05-12 01:20:00+00:00,2021-05-12 01:20:00+00:00,2021-05-12 02:00:00+00:00,1.2137900000000001,1.2133900000000002,1.21439,1.2133800000000001,STOP,0.0004,-1.0250000000000536,-1.1500000000000536,-0.41000000000002146
N4_MICRO_BREAKOUT,NEUTRAL,SHORT,2021-05-12 02:55:00+00:00,2021-05-12 03:00:00+00:00,2021-05-12 03:00:00+00:00,2021-05-12 03:15:00+00:00,1.21244,1.21284,1.21184,1.21285,STOP,0.0004,-1.0250000000000536,-1.1500000000000536,-0.41000000000002146
N1_ROLLING_SWEEP_FADE,NEUTRAL,LONG,2021-05-12 03:25:00+00:00,2021-05-12 03:30:00+00:00,2021-05-12 03:30:00+00:00,2021-05-12 03:45:00+00:00,1.21253,1.2121300000000002,1.21313,1.21212,STOP,0.0004,-1.0250000000000536,-1.1500000000000536,-0.41000000000002146
N4_MICRO_BREAKOUT,NEUTRAL,SHORT,2021-05-12 03:45:00+00:00,2021-05-12 03:50:00+00:00,2021-05-12 03:50:00+00:00,2021-05-12 04:15:00+00:00,1.2117799999999999,1.2121799999999998,1.21118,1.2121899999999999,STOP,0.0004,-1.0250000000000536,-1.1500000000000536,-0.41000000000002146
N1_ROLLING_SWEEP_FADE,NEUTRAL,LONG,2021-05-13 00:10:00+00:00,2021-05-13 00:15:00+00:00,2021-05-13 00:15:00+00:00,2021-05-13 00:40:00+00:00,1.20734,1.2069400000000001,1.20794,1.20793,TARGET,0.0004,1.474999999999671,1.349999999999671,0.5899999999998684
N4_MICRO_BREAKOUT,NEUTRAL,LONG,2021-05-13 00:40:00+00:00,2021-05-13 00:45:00+00:00,2021-05-13 00:45:00+00:00,2021-05-13 01:40:00+00:00,1.20801,1.20761,1.20861,1.2086,TARGET,0.0004,1.474999999999671,1.349999999999671,0.5899999999998684
N4_MICRO_BREAKOUT,NEUTRAL,LONG,2021-05-13 01:40:00+00:00,2021-05-13 01:45:00+00:00,2021-05-13 01:45:00+00:00,2021-05-13 01:50:00+00:00,1.2088700000000001,1.2084700000000002,1.20947,1.20846,STOP,0.0004,-1.0250000000000536,-1.1500000000000536,-0.41000000000002146
N3_ANCHOR_REVERSION,NEUTRAL,SHORT,2021-05-13 02:05:00+00:00,2021-05-13 02:10:00+00:00,2021-05-13 02:10:00+00:00,2021-05-13 03:30:00+00:00,1.20837,1.20877,1.20777,1.20778,TARGET,0.0004,1.474999999999671,1.349999999999671,0.5899999999998684
N3_ANCHOR_REVERSION,NEUTRAL,SHORT,2021-05-14 13:00:00+00:00,2021-05-14 13:05:00+00:00,2021-05-14 13:05:00+00:00,2021-05-14 13:05:00+00:00,1.21262,1.21302,1.21202,1.21303,STOP,0.0004,-1.0250000000000536,-1.1500000000000536,-0.41000000000002146
N3_ANCHOR_REVERSION,NEUTRAL,SHORT,2021-05-14 13:30:00+00:00,2021-05-14 13:35:00+00:00,2021-05-14 13:35:00+00:00,2021-05-14 13:35:00+00:00,1.21325,1.21365,1.21265,1.21366,STOP,0.0004,-1.0250000000000536,-1.1500000000000536,-0.41000000000002146
N4_MICRO_BREAKOUT,NEUTRAL,LONG,2021-05-14 13:50:00+00:00,2021-05-14 13:55:00+00:00,2021-05-14 13:55:00+00:00,2021-05-14 13:55:00+00:00,1.21449,1.2140900000000001,1.21509,1.21408,STOP,0.0004,-1.0250000000000536,-1.1500000000000536,-0.41000000000002146
N3_ANCHOR_REVERSION,NEUTRAL,SHORT,2021-05-14 13:55:00+00:00,2021-05-14 14:00:00+00:00,2021-05-14 14:00:00+00:00,2021-05-14 14:00:00+00:00,1.21411,1.21451,1.21351,1.21452,STOP,0.0004,-1.0250000000000536,-1.1500000000000536,-0.41000000000002146
N1_ROLLING_SWEEP_FADE,NEUTRAL,SHORT,2021-05-14 20:55:00+00:00,2021-05-14 21:00:00+00:00,2021-05-16 21:00:00+00:00,2021-05-16 21:10:00+00:00,1.2144899999999998,1.2148899999999998,1.21389,1.2148999999999999,STOP,0.0004,-1.0250000000000536,-1.1500000000000536,-0.41000000000002146
N4_MICRO_BREAKOUT,NEUTRAL,LONG,2021-05-16 22:05:00+00:00,2021-05-16 22:10:00+00:00,2021-05-16 22:10:00+00:00,2021-05-17 00:10:00+00:00,1.2148100000000002,1.2144100000000002,1.21541,1.2144000000000001,STOP,0.0004,-1.0250000000000536,-1.1500000000000536,-0.41000000000002146
N4_MICRO_BREAKOUT,NEUTRAL,SHORT,2021-05-17 00:25:00+00:00,2021-05-17 00:30:00+00:00,2021-05-17 00:30:00+00:00,2021-05-17 05:00:00+00:00,1.21355,1.2139499999999999,1.21295,1.21296,TARGET,0.0004,1.474999999999671,1.349999999999671,0.5899999999998684
N3_ANCHOR_REVERSION,NEUTRAL,LONG,2021-05-17 13:00:00+00:00,2021-05-17 13:05:00+00:00,2021-05-17 13:05:00+00:00,2021-05-17 13:20:00+00:00,1.21432,1.21392,1.21492,1.21491,TARGET,0.0004,1.474999999999671,1.349999999999671,0.5899999999998684
N3_ANCHOR_REVERSION,NEUTRAL,LONG,2021-05-17 14:10:00+00:00,2021-05-17 14:15:00+00:00,2021-05-17 14:15:00+00:00,2021-05-17 14:25:00+00:00,1.21419,1.2137900000000001,1.21479,1.21478,TARGET,0.0004,1.474999999999671,1.349999999999671,0.5899999999998684
N1_ROLLING_SWEEP_FADE,NEUTRAL,SHORT,2021-05-17 18:20:00+00:00,2021-05-17 18:25:00+00:00,2021-05-17 18:25:00+00:00,2021-05-17 20:40:00+00:00,1.21589,1.2162899999999999,1.21529,1.2153,TARGET,0.0004,1.474999999999671,1.349999999999671,0.5899999999998684
N1_ROLLING_SWEEP_FADE,NEUTRAL,SHORT,2021-05-18 02:05:00+00:00,2021-05-18 02:10:00+00:00,2021-05-18 02:10:00+00:00,2021-05-18 06:05:00+00:00,1.2167,1.2170999999999998,1.2161,1.21711,STOP,0.0004,-1.0250000000000536,-1.1500000000000536,-0.41000000000002146
N3_ANCHOR_REVERSION,NEUTRAL,SHORT,2021-05-18 09:00:00+00:00,2021-05-18 09:05:00+00:00,2021-05-18 09:05:00+00:00,2021-05-18 09:20:00+00:00,1.22159,1.22199,1.22099,1.222,STOP,0.0004,-1.0250000000000536,-1.1500000000000536,-0.41000000000002146
N1_ROLLING_SWEEP_FADE,NEUTRAL,SHORT,2021-05-18 09:35:00+00:00,2021-05-18 09:40:00+00:00,2021-05-18 09:40:00+00:00,2021-05-18 10:05:00+00:00,1.22204,1.22244,1.22144,1.2214500000000001,TARGET,0.0004,1.474999999999671,1.349999999999671,0.5899999999998684
N1_ROLLING_SWEEP_FADE,NEUTRAL,LONG,2021-05-18 11:00:00+00:00,2021-05-18 11:05:00+00:00,2021-05-18 11:05:00+00:00,2021-05-18 11:05:00+00:00,1.22124,1.2208400000000001,1.22184,1.22083,STOP,0.0004,-1.0250000000000536,-1.1500000000000536,-0.41000000000002146
N3_ANCHOR_REVERSION,NEUTRAL,LONG,2021-05-19 11:10:00+00:00,2021-05-19 11:15:00+00:00,2021-05-19 11:15:00+00:00,2021-05-19 11:15:00+00:00,1.22048,1.22008,1.22108,1.22007,STOP,0.0004,-1.0250000000000536,-1.1500000000000536,-0.41000000000002146
N4_MICRO_BREAKOUT,NEUTRAL,SHORT,2021-05-19 11:15:00+00:00,2021-05-19 11:20:00+00:00,2021-05-19 11:20:00+00:00,2021-05-19 11:20:00+00:00,1.21928,1.2196799999999999,1.21868,1.21969,STOP,0.0004,-1.0250000000000536,-1.1500000000000536,-0.41000000000002146
N1_ROLLING_SWEEP_FADE,NEUTRAL,LONG,2021-05-19 11:20:00+00:00,2021-05-19 11:25:00+00:00,2021-05-19 11:25:00+00:00,2021-05-19 11:35:00+00:00,1.21963,1.21923,1.22023,1.2202199999999999,TARGET,0.0004,1.474999999999671,1.349999999999671,0.5899999999998684
N1_ROLLING_SWEEP_FADE,NEUTRAL,SHORT,2021-05-19 21:45:00+00:00,2021-05-19 21:50:00+00:00,2021-05-19 21:50:00+00:00,2021-05-19 21:55:00+00:00,1.21733,1.21773,1.21673,1.21774,STOP,0.0004,-1.0250000000000536,-1.1500000000000536,-0.41000000000002146
N1_ROLLING_SWEEP_FADE,NEUTRAL,LONG,2021-05-19 23:55:00+00:00,2021-05-20 00:00:00+00:00,2021-05-20 00:00:00+00:00,2021-05-20 00:15:00+00:00,1.21712,1.21672,1.21772,1.2177099999999998,TARGET,0.0004,1.474999999999671,1.349999999999671,0.5899999999998684
N1_ROLLING_SWEEP_FADE,NEUTRAL,SHORT,2021-05-20 00:20:00+00:00,2021-05-20 00:25:00+00:00,2021-05-20 00:25:00+00:00,2021-05-20 00:30:00+00:00,1.21766,1.21806,1.21706,1.21807,STOP,0.0004,-1.0250000000000536,-1.1500000000000536,-0.41000000000002146
N1_ROLLING_SWEEP_FADE,NEUTRAL,SHORT,2021-05-20 00:35:00+00:00,2021-05-20 00:40:00+00:00,2021-05-20 00:40:00+00:00,2021-05-20 00:45:00+00:00,1.21779,1.2181899999999999,1.21719,1.2182,STOP,0.0004,-1.0250000000000536,-1.1500000000000536,-0.41000000000002146
N4_MICRO_BREAKOUT,NEUTRAL,LONG,2021-05-20 00:55:00+00:00,2021-05-20 01:00:00+00:00,2021-05-20 01:00:00+00:00,2021-05-20 01:00:00+00:00,1.2185700000000002,1.2181700000000002,1.21917,1.2181600000000001,STOP,0.0004,-1.0250000000000536,-1.1500000000000536,-0.41000000000002146
N1_ROLLING_SWEEP_FADE,NEUTRAL,LONG,2021-05-21 00:00:00+00:00,2021-05-21 00:05:00+00:00,2021-05-21 00:05:00+00:00,2021-05-21 00:10:00+00:00,1.22295,1.22255,1.22355,1.2235399999999998,TARGET,0.0004,1.474999999999671,1.349999999999671,0.5899999999998684
N4_MICRO_BREAKOUT,NEUTRAL,LONG,2021-05-21 00:10:00+00:00,2021-05-21 00:15:00+00:00,2021-05-21 00:15:00+00:00,2021-05-21 00:15:00+00:00,1.22377,1.22337,1.22437,1.22336,STOP,0.0004,-1.0250000000000536,-1.1500000000000536,-0.41000000000002146
N3_ANCHOR_REVERSION,NEUTRAL,SHORT,2021-05-21 00:15:00+00:00,2021-05-21 00:20:00+00:00,2021-05-21 00:20:00+00:00,2021-05-21 00:25:00+00:00,1.2232999999999998,1.2236999999999998,1.2227,1.2237099999999999,STOP,0.0004,-1.0250000000000536,-1.1500000000000536,-0.41000000000002146
N3_ANCHOR_REVERSION,NEUTRAL,SHORT,2021-05-21 00:30:00+00:00,2021-05-21 00:35:00+00:00,2021-05-21 00:35:00+00:00,2021-05-21 01:30:00+00:00,1.22339,1.22379,1.22279,1.2238,STOP,0.0004,-1.0250000000000536,-1.1500000000000536,-0.41000000000002146
N4_MICRO_BREAKOUT,NEUTRAL,SHORT,2021-05-26 17:40:00+00:00,2021-05-26 17:45:00+00:00,2021-05-26 17:45:00+00:00,2021-05-26 17:45:00+00:00,1.21826,1.2186599999999999,1.21766,1.21867,STOP,0.0004,-1.0250000000000536,-1.1500000000000536,-0.41000000000002146
N3_ANCHOR_REVERSION,NEUTRAL,LONG,2021-05-26 17:45:00+00:00,2021-05-26 17:50:00+00:00,2021-05-26 17:50:00+00:00,2021-05-26 19:00:00+00:00,1.2188100000000002,1.2184100000000002,1.21941,1.2194,TARGET,0.0004,1.474999999999671,1.349999999999671,0.5899999999998684
N1_ROLLING_SWEEP_FADE,NEUTRAL,SHORT,2021-05-26 19:05:00+00:00,2021-05-26 19:10:00+00:00,2021-05-26 19:10:00+00:00,2021-05-27 00:15:00+00:00,1.21943,1.21983,1.21883,1.2188400000000001,TARGET,0.0004,1.474999999999671,1.349999999999671,0.5899999999998684
N4_MICRO_BREAKOUT,NEUTRAL,SHORT,2021-05-27 00:15:00+00:00,2021-05-27 00:20:00+00:00,2021-05-27 00:20:00+00:00,2021-05-27 00:55:00+00:00,1.2186899999999998,1.2190899999999998,1.21809,1.2181,TARGET,0.0004,1.474999999999671,1.349999999999671,0.5899999999998684
N1_ROLLING_SWEEP_FADE,NEUTRAL,LONG,2021-05-27 00:55:00+00:00,2021-05-27 01:00:00+00:00,2021-05-27 01:00:00+00:00,2021-05-27 01:00:00+00:00,1.2189,1.2185000000000001,1.2195,1.21849,STOP,0.0004,-1.0250000000000536,-1.1500000000000536,-0.41000000000002146
N4_MICRO_BREAKOUT,NEUTRAL,SHORT,2021-05-27 01:05:00+00:00,2021-05-27 01:10:00+00:00,2021-05-27 01:10:00+00:00,2021-05-27 01:35:00+00:00,1.2177,1.2181,1.2171,1.21811,STOP,0.0004,-1.0250000000000536,-1.1500000000000536,-0.41000000000002146
N3_ANCHOR_REVERSION,NEUTRAL,SHORT,2021-05-27 04:05:00+00:00,2021-05-27 04:10:00+00:00,2021-05-27 04:10:00+00:00,2021-05-27 05:50:00+00:00,1.21928,1.2196799999999999,1.21868,1.21969,STOP,0.0004,-1.0250000000000536,-1.1500000000000536,-0.41000000000002146
N3_ANCHOR_REVERSION,NEUTRAL,SHORT,2021-05-31 18:45:00+00:00,2021-05-31 18:50:00+00:00,2021-05-31 18:50:00+00:00,2021-05-31 22:30:00+00:00,1.2227299999999999,1.2231299999999998,1.22213,1.22314,STOP,0.0004,-1.0250000000000536,-1.1500000000000536,-0.41000000000002146
N3_ANCHOR_REVERSION,NEUTRAL,SHORT,2021-05-31 23:45:00+00:00,2021-05-31 23:50:00+00:00,2021-05-31 23:50:00+00:00,2021-06-01 00:10:00+00:00,1.22331,1.2237099999999999,1.22271,1.22272,TARGET,0.0004,1.474999999999671,1.349999999999671,0.5899999999998684
N1_ROLLING_SWEEP_FADE,NEUTRAL,LONG,2021-06-01 00:25:00+00:00,2021-06-01 00:30:00+00:00,2021-06-01 00:30:00+00:00,2021-06-01 01:15:00+00:00,1.22273,1.2223300000000001,1.22333,1.22332,TARGET,0.0004,1.474999999999671,1.349999999999671,0.5899999999998684
N1_ROLLING_SWEEP_FADE,NEUTRAL,SHORT,2021-06-01 01:20:00+00:00,2021-06-01 01:25:00+00:00,2021-06-01 01:25:00+00:00,2021-06-01 02:55:00+00:00,1.22336,1.22376,1.22276,1.2227700000000001,TARGET,0.0004,1.474999999999671,1.349999999999671,0.5899999999998684
N1_ROLLING_SWEEP_FADE,NEUTRAL,LONG,2021-06-01 04:30:00+00:00,2021-06-01 04:35:00+00:00,2021-06-01 04:35:00+00:00,2021-06-01 04:45:00+00:00,1.2227000000000001,1.2223000000000002,1.2233,1.22229,STOP,0.0004,-1.0250000000000536,-1.1500000000000536,-0.41000000000002146
N1_ROLLING_SWEEP_FADE,NEUTRAL,LONG,2021-06-01 04:45:00+00:00,2021-06-01 04:50:00+00:00,2021-06-01 04:50:00+00:00,2021-06-01 05:00:00+00:00,1.2226000000000001,1.2222000000000002,1.2232,1.22219,STOP,0.0004,-1.0250000000000536,-1.1500000000000536,-0.41000000000002146
N4_MICRO_BREAKOUT,NEUTRAL,LONG,2021-06-02 00:10:00+00:00,2021-06-02 00:15:00+00:00,2021-06-02 00:15:00+00:00,2021-06-02 04:50:00+00:00,1.22217,1.22177,1.22277,1.22176,STOP,0.0004,-1.0250000000000536,-1.1500000000000536,-0.41000000000002146
N4_MICRO_BREAKOUT,NEUTRAL,SHORT,2021-06-02 04:50:00+00:00,2021-06-02 04:55:00+00:00,2021-06-02 04:55:00+00:00,2021-06-02 06:00:00+00:00,1.2217399999999998,1.2221399999999998,1.22114,1.22115,TARGET,0.0004,1.474999999999671,1.349999999999671,0.5899999999998684
N2_ASIA_RANGE_FADE,NEUTRAL,LONG,2021-06-02 06:25:00+00:00,2021-06-02 06:30:00+00:00,2021-06-02 06:30:00+00:00,2021-06-02 06:35:00+00:00,1.2216500000000001,1.2212500000000002,1.22225,1.22124,STOP,0.0004,-1.0250000000000536,-1.1500000000000536,-0.41000000000002146
N3_ANCHOR_REVERSION,NEUTRAL,LONG,2021-06-02 09:35:00+00:00,2021-06-02 09:40:00+00:00,2021-06-02 09:40:00+00:00,2021-06-02 10:20:00+00:00,1.2175500000000001,1.2171500000000002,1.21815,1.21714,STOP,0.0004,-1.0250000000000536,-1.1500000000000536,-0.41000000000002146
N4_MICRO_BREAKOUT,NEUTRAL,SHORT,2021-06-03 00:00:00+00:00,2021-06-03 00:05:00+00:00,2021-06-03 00:05:00+00:00,2021-06-03 00:40:00+00:00,1.22082,1.22122,1.22022,1.22123,STOP,0.0004,-1.0250000000000536,-1.1500000000000536,-0.41000000000002146
N4_MICRO_BREAKOUT,NEUTRAL,LONG,2021-06-03 00:50:00+00:00,2021-06-03 00:55:00+00:00,2021-06-03 00:55:00+00:00,2021-06-03 01:00:00+00:00,1.22139,1.22099,1.22199,1.22098,STOP,0.0004,-1.0250000000000536,-1.1500000000000536,-0.41000000000002146
N4_MICRO_BREAKOUT,NEUTRAL,SHORT,2021-06-03 01:45:00+00:00,2021-06-03 01:50:00+00:00,2021-06-03 01:50:00+00:00,2021-06-03 05:25:00+00:00,1.2206899999999998,1.2210899999999998,1.22009,1.2201,TARGET,0.0004,1.474999999999671,1.349999999999671,0.5899999999998684
N1_ROLLING_SWEEP_FADE,NEUTRAL,SHORT,2021-06-04 18:55:00+00:00,2021-06-04 19:00:00+00:00,2021-06-04 19:00:00+00:00,2021-06-04 19:50:00+00:00,1.2165,1.2168999999999999,1.2159,1.21691,STOP,0.0004,-1.0250000000000536,-1.1500000000000536,-0.41000000000002146
N1_ROLLING_SWEEP_FADE,NEUTRAL,SHORT,2021-06-04 20:00:00+00:00,2021-06-04 20:05:00+00:00,2021-06-04 20:05:00+00:00,2021-06-04 20:55:00+00:00,1.21679,1.21719,1.21619,1.21693,TIME_12H,0.0004,-0.3500000000000725,-0.4750000000000725,-0.140000000000029
N1_ROLLING_SWEEP_FADE,NEUTRAL,SHORT,2021-06-06 22:00:00+00:00,2021-06-06 22:05:00+00:00,2021-06-06 22:05:00+00:00,2021-06-06 22:05:00+00:00,1.21637,1.21677,1.21577,1.21678,STOP,0.0004,-1.0250000000000536,-1.1500000000000536,-0.41000000000002146
N1_ROLLING_SWEEP_FADE,NEUTRAL,SHORT,2021-06-06 23:55:00+00:00,2021-06-07 00:00:00+00:00,2021-06-07 00:00:00+00:00,2021-06-07 00:05:00+00:00,1.21664,1.21704,1.21604,1.21705,STOP,0.0004,-1.0250000000000536,-1.1500000000000536,-0.41000000000002146
N4_MICRO_BREAKOUT,NEUTRAL,LONG,2021-06-07 00:05:00+00:00,2021-06-07 00:10:00+00:00,2021-06-07 00:10:00+00:00,2021-06-07 00:20:00+00:00,1.21726,1.21686,1.21786,1.21685,STOP,0.0004,-1.0250000000000536,-1.1500000000000536,-0.41000000000002146
N3_ANCHOR_REVERSION,NEUTRAL,SHORT,2021-06-07 00:40:00+00:00,2021-06-07 00:45:00+00:00,2021-06-07 00:45:00+00:00,2021-06-07 01:30:00+00:00,1.21687,1.2172699999999999,1.21627,1.21628,TARGET,0.0004,1.474999999999671,1.349999999999671,0.5899999999998684
N4_MICRO_BREAKOUT,NEUTRAL,SHORT,2021-06-07 01:30:00+00:00,2021-06-07 01:35:00+00:00,2021-06-07 01:35:00+00:00,2021-06-07 02:30:00+00:00,1.21607,1.21647,1.21547,1.21648,STOP,0.0004,-1.0250000000000536,-1.1500000000000536,-0.41000000000002146
N1_ROLLING_SWEEP_FADE,NEUTRAL,SHORT,2021-06-09 20:55:00+00:00,2021-06-09 21:00:00+00:00,2021-06-09 21:00:00+00:00,2021-06-09 21:00:00+00:00,1.21773,1.21813,1.21713,1.21828,STOP,0.0004,-1.3750000000001261,-1.5000000000001261,-0.5500000000000504
N1_ROLLING_SWEEP_FADE,NEUTRAL,SHORT,2021-06-09 23:25:00+00:00,2021-06-09 23:30:00+00:00,2021-06-09 23:30:00+00:00,2021-06-10 00:05:00+00:00,1.21769,1.21809,1.21709,1.2181,STOP,0.0004,-1.0250000000000536,-1.1500000000000536,-0.41000000000002146
N1_ROLLING_SWEEP_FADE,NEUTRAL,SHORT,2021-06-10 00:05:00+00:00,2021-06-10 00:10:00+00:00,2021-06-10 00:10:00+00:00,2021-06-10 00:50:00+00:00,1.2179,1.2183,1.2173,1.2173100000000001,TARGET,0.0004,1.474999999999671,1.349999999999671,0.5899999999998684
N4_MICRO_BREAKOUT,NEUTRAL,SHORT,2021-06-10 01:00:00+00:00,2021-06-10 01:05:00+00:00,2021-06-10 01:05:00+00:00,2021-06-10 01:05:00+00:00,1.21708,1.21748,1.21648,1.21749,STOP,0.0004,-1.0250000000000536,-1.1500000000000536,-0.41000000000002146
N3_ANCHOR_REVERSION,NEUTRAL,LONG,2021-06-10 01:25:00+00:00,2021-06-10 01:30:00+00:00,2021-06-10 01:30:00+00:00,2021-06-10 02:00:00+00:00,1.21727,1.2168700000000001,1.21787,1.21686,STOP,0.0004,-1.0250000000000536,-1.1500000000000536,-0.41000000000002146
N3_ANCHOR_REVERSION,NEUTRAL,LONG,2021-06-10 02:25:00+00:00,2021-06-10 02:30:00+00:00,2021-06-10 02:30:00+00:00,2021-06-10 02:55:00+00:00,1.21707,1.2166700000000001,1.21767,1.21666,STOP,0.0004,-1.0250000000000536,-1.1500000000000536,-0.41000000000002146
N4_MICRO_BREAKOUT,NEUTRAL,LONG,2021-06-11 00:00:00+00:00,2021-06-11 00:05:00+00:00,2021-06-11 00:05:00+00:00,2021-06-11 01:20:00+00:00,1.21761,1.2172100000000001,1.21821,1.2182,TARGET,0.0004,1.474999999999671,1.349999999999671,0.5899999999998684
N4_MICRO_BREAKOUT,NEUTRAL,LONG,2021-06-11 01:25:00+00:00,2021-06-11 01:30:00+00:00,2021-06-11 01:30:00+00:00,2021-06-11 03:00:00+00:00,1.21845,1.21805,1.21905,1.21904,TARGET,0.0004,1.474999999999671,1.349999999999671,0.5899999999998684
N1_ROLLING_SWEEP_FADE,NEUTRAL,LONG,2021-06-11 11:55:00+00:00,2021-06-11 12:00:00+00:00,2021-06-11 12:00:00+00:00,2021-06-11 12:05:00+00:00,1.21331,1.2129100000000002,1.21391,1.2129,STOP,0.0004,-1.0250000000000536,-1.1500000000000536,-0.41000000000002146
N4_MICRO_BREAKOUT,NEUTRAL,SHORT,2021-06-11 12:05:00+00:00,2021-06-11 12:10:00+00:00,2021-06-11 12:10:00+00:00,2021-06-11 12:30:00+00:00,1.21244,1.21284,1.21184,1.21285,STOP,0.0004,-1.0250000000000536,-1.1500000000000536,-0.41000000000002146
N4_MICRO_BREAKOUT,NEUTRAL,LONG,2021-06-13 22:35:00+00:00,2021-06-13 22:40:00+00:00,2021-06-13 22:40:00+00:00,2021-06-13 23:20:00+00:00,1.2112500000000002,1.2108500000000002,1.21185,1.2108400000000001,STOP,0.0004,-1.0250000000000536,-1.1500000000000536,-0.41000000000002146
N1_ROLLING_SWEEP_FADE,NEUTRAL,LONG,2021-06-13 23:50:00+00:00,2021-06-13 23:55:00+00:00,2021-06-13 23:55:00+00:00,2021-06-14 00:00:00+00:00,1.21107,1.2106700000000001,1.21167,1.21066,STOP,0.0004,-1.0250000000000536,-1.1500000000000536,-0.41000000000002146
N3_ANCHOR_REVERSION,NEUTRAL,LONG,2021-06-14 00:15:00+00:00,2021-06-14 00:20:00+00:00,2021-06-14 00:20:00+00:00,2021-06-14 00:50:00+00:00,1.21055,1.21015,1.21115,1.21014,STOP,0.0004,-1.0250000000000536,-1.1500000000000536,-0.41000000000002146
N4_MICRO_BREAKOUT,NEUTRAL,SHORT,2021-06-14 00:50:00+00:00,2021-06-14 00:55:00+00:00,2021-06-14 00:55:00+00:00,2021-06-14 02:20:00+00:00,1.20996,1.2103599999999999,1.20936,1.21037,STOP,0.0004,-1.0250000000000536,-1.1500000000000536,-0.41000000000002146
N3_ANCHOR_REVERSION,NEUTRAL,LONG,2021-06-14 03:15:00+00:00,2021-06-14 03:20:00+00:00,2021-06-14 03:20:00+00:00,2021-06-14 03:30:00+00:00,1.21005,1.2096500000000001,1.21065,1.20964,STOP,0.0004,-1.0250000000000536,-1.1500000000000536,-0.41000000000002146
N4_MICRO_BREAKOUT,NEUTRAL,SHORT,2021-06-14 03:30:00+00:00,2021-06-14 03:35:00+00:00,2021-06-14 03:35:00+00:00,2021-06-14 03:40:00+00:00,1.2095099999999999,1.2099099999999998,1.20891,1.2099199999999999,STOP,0.0004,-1.0250000000000536,-1.1500000000000536,-0.41000000000002146
N3_ANCHOR_REVERSION,NEUTRAL,SHORT,2021-06-15 08:15:00+00:00,2021-06-15 08:20:00+00:00,2021-06-15 08:20:00+00:00,2021-06-15 08:20:00+00:00,1.2139799999999998,1.2143799999999998,1.21338,1.2143899999999999,STOP,0.0004,-1.0250000000000536,-1.1500000000000536,-0.41000000000002146
N1_ROLLING_SWEEP_FADE,NEUTRAL,LONG,2021-06-15 08:45:00+00:00,2021-06-15 08:50:00+00:00,2021-06-15 08:50:00+00:00,2021-06-15 09:00:00+00:00,1.2133500000000002,1.2129500000000002,1.21395,1.2129400000000001,STOP,0.0004,-1.0250000000000536,-1.1500000000000536,-0.41000000000002146
N2_ASIA_RANGE_FADE,NEUTRAL,SHORT,2021-06-15 09:00:00+00:00,2021-06-15 09:05:00+00:00,2021-06-15 09:05:00+00:00,2021-06-15 09:25:00+00:00,1.21227,1.21267,1.21167,1.21268,STOP,0.0004,-1.0250000000000536,-1.1500000000000536,-0.41000000000002146
N3_ANCHOR_REVERSION,NEUTRAL,LONG,2021-06-15 10:05:00+00:00,2021-06-15 10:10:00+00:00,2021-06-15 10:10:00+00:00,2021-06-15 10:30:00+00:00,1.2125400000000002,1.2121400000000002,1.21314,1.2121300000000002,STOP,0.0004,-1.0250000000000536,-1.1500000000000536,-0.41000000000002146
N1_ROLLING_SWEEP_FADE,NEUTRAL,LONG,2021-06-18 18:20:00+00:00,2021-06-18 18:25:00+00:00,2021-06-18 18:25:00+00:00,2021-06-18 18:25:00+00:00,1.1875900000000001,1.1871900000000002,1.18819,1.1871800000000001,STOP,0.0004,-1.0250000000000536,-1.1500000000000536,-0.41000000000002146
N4_MICRO_BREAKOUT,NEUTRAL,SHORT,2021-06-18 19:55:00+00:00,2021-06-18 20:00:00+00:00,2021-06-18 20:00:00+00:00,2021-06-18 20:25:00+00:00,1.1867699999999999,1.1871699999999998,1.18617,1.18618,TARGET,0.0004,1.474999999999671,1.349999999999671,0.5899999999998684
N1_ROLLING_SWEEP_FADE,NEUTRAL,SHORT,2021-06-20 21:30:00+00:00,2021-06-20 21:35:00+00:00,2021-06-20 21:35:00+00:00,2021-06-20 21:35:00+00:00,1.1860199999999999,1.1864199999999998,1.18542,1.1864299999999999,STOP,0.0004,-1.0250000000000536,-1.1500000000000536,-0.41000000000002146
N1_ROLLING_SWEEP_FADE,NEUTRAL,LONG,2021-06-21 00:00:00+00:00,2021-06-21 00:05:00+00:00,2021-06-21 00:05:00+00:00,2021-06-21 01:00:00+00:00,1.1872200000000002,1.1868200000000002,1.18782,1.1868100000000001,STOP,0.0004,-1.0250000000000536,-1.1500000000000536,-0.41000000000002146
N4_MICRO_BREAKOUT,NEUTRAL,SHORT,2021-06-21 01:55:00+00:00,2021-06-21 02:00:00+00:00,2021-06-21 02:00:00+00:00,2021-06-21 02:05:00+00:00,1.18607,1.18647,1.18547,1.18648,STOP,0.0004,-1.0250000000000536,-1.1500000000000536,-0.41000000000002146
N1_ROLLING_SWEEP_FADE,NEUTRAL,LONG,2021-06-21 02:55:00+00:00,2021-06-21 03:00:00+00:00,2021-06-21 03:00:00+00:00,2021-06-21 03:05:00+00:00,1.18662,1.18622,1.18722,1.18621,STOP,0.0004,-1.0250000000000536,-1.1500000000000536,-0.41000000000002146
N3_ANCHOR_REVERSION,NEUTRAL,LONG,2021-06-21 03:25:00+00:00,2021-06-21 03:30:00+00:00,2021-06-21 03:30:00+00:00,2021-06-21 03:30:00+00:00,1.1859600000000001,1.1855600000000002,1.18656,1.18555,STOP,0.0004,-1.0250000000000536,-1.1500000000000536,-0.41000000000002146
N4_MICRO_BREAKOUT,NEUTRAL,LONG,2021-06-22 18:00:00+00:00,2021-06-22 18:05:00+00:00,2021-06-22 18:05:00+00:00,2021-06-22 18:15:00+00:00,1.19399,1.1935900000000002,1.19459,1.19358,STOP,0.0004,-1.0250000000000536,-1.1500000000000536,-0.41000000000002146
N4_MICRO_BREAKOUT,NEUTRAL,LONG,2021-06-22 18:30:00+00:00,2021-06-22 18:35:00+00:00,2021-06-22 18:35:00+00:00,2021-06-22 18:40:00+00:00,1.19449,1.19409,1.19509,1.19408,STOP,0.0004,-1.0250000000000536,-1.1500000000000536,-0.41000000000002146
N3_ANCHOR_REVERSION,NEUTRAL,SHORT,2021-06-22 18:45:00+00:00,2021-06-22 18:50:00+00:00,2021-06-22 18:50:00+00:00,2021-06-22 19:00:00+00:00,1.1939,1.1943,1.1933,1.19431,STOP,0.0004,-1.0250000000000536,-1.1500000000000536,-0.41000000000002146
N4_MICRO_BREAKOUT,NEUTRAL,LONG,2021-06-22 19:05:00+00:00,2021-06-22 19:10:00+00:00,2021-06-22 19:10:00+00:00,2021-06-22 19:10:00+00:00,1.1953,1.1949,1.1959,1.19489,STOP,0.0004,-1.0250000000000536,-1.1500000000000536,-0.41000000000002146
N4_MICRO_BREAKOUT,NEUTRAL,SHORT,2021-06-23 00:20:00+00:00,2021-06-23 00:25:00+00:00,2021-06-23 00:25:00+00:00,2021-06-23 01:35:00+00:00,1.1933799999999999,1.1937799999999998,1.19278,1.19279,TARGET,0.0004,1.474999999999671,1.349999999999671,0.5899999999998684
N4_MICRO_BREAKOUT,NEUTRAL,SHORT,2021-06-23 01:35:00+00:00,2021-06-23 01:40:00+00:00,2021-06-23 01:40:00+00:00,2021-06-23 02:20:00+00:00,1.19272,1.19312,1.19212,1.1921300000000001,TARGET,0.0004,1.474999999999671,1.349999999999671,0.5899999999998684
N3_ANCHOR_REVERSION,NEUTRAL,LONG,2021-06-23 05:00:00+00:00,2021-06-23 05:05:00+00:00,2021-06-23 05:05:00+00:00,2021-06-23 05:25:00+00:00,1.19208,1.19168,1.19268,1.19167,STOP,0.0004,-1.0250000000000536,-1.1500000000000536,-0.41000000000002146
N4_MICRO_BREAKOUT,NEUTRAL,SHORT,2021-06-23 05:25:00+00:00,2021-06-23 05:30:00+00:00,2021-06-23 05:30:00+00:00,2021-06-23 05:45:00+00:00,1.19167,1.19207,1.19107,1.19208,STOP,0.0004,-1.0250000000000536,-1.1500000000000536,-0.41000000000002146
N1_ROLLING_SWEEP_FADE,NEUTRAL,SHORT,2021-06-24 00:05:00+00:00,2021-06-24 00:10:00+00:00,2021-06-24 00:10:00+00:00,2021-06-24 01:30:00+00:00,1.1929999999999998,1.1933999999999998,1.1924,1.19241,TARGET,0.0004,1.474999999999671,1.349999999999671,0.5899999999998684
N4_MICRO_BREAKOUT,NEUTRAL,SHORT,2021-06-24 01:30:00+00:00,2021-06-24 01:35:00+00:00,2021-06-24 01:35:00+00:00,2021-06-24 01:40:00+00:00,1.1919499999999998,1.1923499999999998,1.19135,1.1923599999999999,STOP,0.0004,-1.0250000000000536,-1.1500000000000536,-0.41000000000002146
N1_ROLLING_SWEEP_FADE,NEUTRAL,SHORT,2021-06-24 04:40:00+00:00,2021-06-24 04:45:00+00:00,2021-06-24 04:45:00+00:00,2021-06-24 06:00:00+00:00,1.1924299999999999,1.1928299999999998,1.19183,1.19184,TARGET,0.0004,1.474999999999671,1.349999999999671,0.5899999999998684
N1_ROLLING_SWEEP_FADE,NEUTRAL,SHORT,2021-06-29 13:55:00+00:00,2021-06-29 14:00:00+00:00,2021-06-29 14:00:00+00:00,2021-06-29 14:00:00+00:00,1.18913,1.18953,1.18853,1.1885400000000002,TARGET,0.0004,1.474999999999671,1.349999999999671,0.5899999999998684
N3_ANCHOR_REVERSION,NEUTRAL,LONG,2021-06-30 13:55:00+00:00,2021-06-30 14:00:00+00:00,2021-06-30 14:00:00+00:00,2021-06-30 14:00:00+00:00,1.1874600000000002,1.1870600000000002,1.1880600000000001,1.1870500000000002,STOP,0.0004,-1.0250000000000536,-1.1500000000000536,-0.41000000000002146
N4_MICRO_BREAKOUT,NEUTRAL,SHORT,2021-06-30 14:20:00+00:00,2021-06-30 14:25:00+00:00,2021-06-30 14:25:00+00:00,2021-06-30 14:25:00+00:00,1.18557,1.18597,1.18497,1.18598,STOP,0.0004,-1.0250000000000536,-1.1500000000000536,-0.41000000000002146
N3_ANCHOR_REVERSION,NEUTRAL,LONG,2021-06-30 14:30:00+00:00,2021-06-30 14:35:00+00:00,2021-06-30 14:35:00+00:00,2021-06-30 14:40:00+00:00,1.1867100000000002,1.1863100000000002,1.18731,1.1863000000000001,STOP,0.0004,-1.0250000000000536,-1.1500000000000536,-0.41000000000002146
N3_ANCHOR_REVERSION,NEUTRAL,LONG,2021-06-30 14:45:00+00:00,2021-06-30 14:50:00+00:00,2021-06-30 14:50:00+00:00,2021-06-30 14:50:00+00:00,1.18683,1.18643,1.18743,1.18642,STOP,0.0004,-1.0250000000000536,-1.1500000000000536,-0.41000000000002146
N4_MICRO_BREAKOUT,NEUTRAL,SHORT,2021-07-01 00:05:00+00:00,2021-07-01 00:10:00+00:00,2021-07-01 00:10:00+00:00,2021-07-01 04:35:00+00:00,1.18529,1.18569,1.18469,1.1847,TARGET,0.0004,1.474999999999671,1.349999999999671,0.5899999999998684
N3_ANCHOR_REVERSION,NEUTRAL,SHORT,2021-07-01 13:05:00+00:00,2021-07-01 13:10:00+00:00,2021-07-01 13:10:00+00:00,2021-07-01 13:30:00+00:00,1.1874,1.1878,1.1868,1.1868100000000001,TARGET,0.0004,1.474999999999671,1.349999999999671,0.5899999999998684
N1_ROLLING_SWEEP_FADE,NEUTRAL,LONG,2021-07-01 13:30:00+00:00,2021-07-01 13:35:00+00:00,2021-07-01 13:35:00+00:00,2021-07-01 13:40:00+00:00,1.18714,1.1867400000000001,1.18774,1.18673,STOP,0.0004,-1.0250000000000536,-1.1500000000000536,-0.41000000000002146
N1_ROLLING_SWEEP_FADE,NEUTRAL,LONG,2021-07-01 14:15:00+00:00,2021-07-01 14:20:00+00:00,2021-07-01 14:20:00+00:00,2021-07-01 14:35:00+00:00,1.18629,1.18589,1.18689,1.18588,STOP,0.0004,-1.0250000000000536,-1.1500000000000536,-0.41000000000002146
N1_ROLLING_SWEEP_FADE,NEUTRAL,SHORT,2021-07-02 00:00:00+00:00,2021-07-02 00:05:00+00:00,2021-07-02 00:05:00+00:00,2021-07-02 00:35:00+00:00,1.18431,1.18471,1.18371,1.18472,STOP,0.0004,-1.0250000000000536,-1.1500000000000536,-0.41000000000002146
N1_ROLLING_SWEEP_FADE,NEUTRAL,LONG,2021-07-02 02:00:00+00:00,2021-07-02 02:05:00+00:00,2021-07-02 02:05:00+00:00,2021-07-02 06:00:00+00:00,1.1844100000000002,1.1840100000000002,1.1850100000000001,1.1840000000000002,STOP,0.0004,-1.0250000000000536,-1.1500000000000536,-0.41000000000002146
N4_MICRO_BREAKOUT,NEUTRAL,LONG,2021-07-02 17:05:00+00:00,2021-07-02 17:10:00+00:00,2021-07-02 17:10:00+00:00,2021-07-02 17:30:00+00:00,1.18513,1.18473,1.18573,1.1857199999999999,TARGET,0.0004,1.474999999999671,1.349999999999671,0.5899999999998684
N3_ANCHOR_REVERSION,NEUTRAL,SHORT,2021-07-02 20:00:00+00:00,2021-07-02 20:05:00+00:00,2021-07-02 20:05:00+00:00,2021-07-02 20:55:00+00:00,1.18642,1.18682,1.18582,1.1867400000000001,TIME_12H,0.0004,-0.800000000000245,-0.925000000000245,-0.320000000000098
N4_MICRO_BREAKOUT,NEUTRAL,LONG,2021-07-04 21:55:00+00:00,2021-07-04 22:00:00+00:00,2021-07-04 22:00:00+00:00,2021-07-04 22:00:00+00:00,1.1870500000000002,1.1866500000000002,1.18765,1.1866400000000001,STOP,0.0004,-1.0250000000000536,-1.1500000000000536,-0.41000000000002146
N3_ANCHOR_REVERSION,NEUTRAL,SHORT,2021-07-04 22:15:00+00:00,2021-07-04 22:20:00+00:00,2021-07-04 22:20:00+00:00,2021-07-04 22:55:00+00:00,1.18648,1.18688,1.18588,1.18589,TARGET,0.0004,1.474999999999671,1.349999999999671,0.5899999999998684
N3_ANCHOR_REVERSION,NEUTRAL,LONG,2021-07-04 23:00:00+00:00,2021-07-04 23:05:00+00:00,2021-07-04 23:05:00+00:00,2021-07-04 23:35:00+00:00,1.1861000000000002,1.1857000000000002,1.1867,1.1856900000000001,STOP,0.0004,-1.0250000000000536,-1.1500000000000536,-0.41000000000002146
N4_MICRO_BREAKOUT,NEUTRAL,SHORT,2021-07-05 00:00:00+00:00,2021-07-05 00:05:00+00:00,2021-07-05 00:05:00+00:00,2021-07-05 00:10:00+00:00,1.1853799999999999,1.1857799999999998,1.18478,1.18579,STOP,0.0004,-1.0250000000000536,-1.1500000000000536,-0.41000000000002146
N1_ROLLING_SWEEP_FADE,NEUTRAL,SHORT,2021-07-05 00:20:00+00:00,2021-07-05 00:25:00+00:00,2021-07-05 00:25:00+00:00,2021-07-05 01:25:00+00:00,1.18586,1.1862599999999999,1.18526,1.18627,STOP,0.0004,-1.0250000000000536,-1.1500000000000536,-0.41000000000002146
N1_ROLLING_SWEEP_FADE,NEUTRAL,SHORT,2021-07-05 04:50:00+00:00,2021-07-05 04:55:00+00:00,2021-07-05 04:55:00+00:00,2021-07-05 06:30:00+00:00,1.1856499999999999,1.1860499999999998,1.18505,1.18606,STOP,0.0004,-1.0250000000000536,-1.1500000000000536,-0.41000000000002146
N4_MICRO_BREAKOUT,NEUTRAL,LONG,2021-07-06 05:55:00+00:00,2021-07-06 06:00:00+00:00,2021-07-06 06:00:00+00:00,2021-07-06 06:00:00+00:00,1.18833,1.1879300000000002,1.18893,1.18892,TARGET,0.0004,1.474999999999671,1.349999999999671,0.5899999999998684
N3_ANCHOR_REVERSION,NEUTRAL,SHORT,2021-07-06 06:20:00+00:00,2021-07-06 06:25:00+00:00,2021-07-06 06:25:00+00:00,2021-07-06 07:15:00+00:00,1.18912,1.18952,1.18852,1.18853,TARGET,0.0004,1.474999999999671,1.349999999999671,0.5899999999998684
N2_ASIA_RANGE_FADE,NEUTRAL,SHORT,2021-07-06 07:15:00+00:00,2021-07-06 07:20:00+00:00,2021-07-06 07:20:00+00:00,2021-07-06 07:25:00+00:00,1.18823,1.1886299999999999,1.18763,1.18864,STOP,0.0004,-1.0250000000000536,-1.1500000000000536,-0.41000000000002146
N4_MICRO_BREAKOUT,NEUTRAL,SHORT,2021-07-06 08:10:00+00:00,2021-07-06 08:15:00+00:00,2021-07-06 08:15:00+00:00,2021-07-06 08:15:00+00:00,1.18606,1.1864599999999998,1.18546,1.18547,TARGET,0.0004,1.474999999999671,1.349999999999671,0.5899999999998684
N4_MICRO_BREAKOUT,NEUTRAL,SHORT,2021-07-07 00:15:00+00:00,2021-07-07 00:20:00+00:00,2021-07-07 00:20:00+00:00,2021-07-07 00:25:00+00:00,1.18162,1.1820199999999998,1.18102,1.18203,STOP,0.0004,-1.0250000000000536,-1.1500000000000536,-0.41000000000002146
N1_ROLLING_SWEEP_FADE,NEUTRAL,LONG,2021-07-07 18:00:00+00:00,2021-07-07 18:05:00+00:00,2021-07-07 18:05:00+00:00,2021-07-07 18:05:00+00:00,1.18158,1.1811800000000001,1.18218,1.18117,STOP,0.0004,-1.0250000000000536,-1.1500000000000536,-0.41000000000002146
N3_ANCHOR_REVERSION,NEUTRAL,SHORT,2021-07-07 18:10:00+00:00,2021-07-07 18:15:00+00:00,2021-07-07 18:15:00+00:00,2021-07-07 18:15:00+00:00,1.18096,1.18136,1.18036,1.18137,STOP,0.0004,-1.0250000000000536,-1.1500000000000536,-0.41000000000002146
N3_ANCHOR_REVERSION,NEUTRAL,SHORT,2021-07-07 18:20:00+00:00,2021-07-07 18:25:00+00:00,2021-07-07 18:25:00+00:00,2021-07-07 18:50:00+00:00,1.18113,1.18153,1.18053,1.1805400000000001,TARGET,0.0004,1.474999999999671,1.349999999999671,0.5899999999998684
N4_MICRO_BREAKOUT,NEUTRAL,SHORT,2021-07-08 00:00:00+00:00,2021-07-08 00:05:00+00:00,2021-07-08 00:05:00+00:00,2021-07-08 01:55:00+00:00,1.17918,1.1795799999999999,1.17858,1.17859,TARGET,0.0004,1.474999999999671,1.349999999999671,0.5899999999998684
N3_ANCHOR_REVERSION,NEUTRAL,LONG,2021-07-08 02:00:00+00:00,2021-07-08 02:05:00+00:00,2021-07-08 02:05:00+00:00,2021-07-08 04:05:00+00:00,1.17876,1.17836,1.17936,1.17935,TARGET,0.0004,1.474999999999671,1.349999999999671,0.5899999999998684
N4_MICRO_BREAKOUT,NEUTRAL,LONG,2021-07-08 04:55:00+00:00,2021-07-08 05:00:00+00:00,2021-07-08 05:00:00+00:00,2021-07-08 05:45:00+00:00,1.17967,1.17927,1.18027,1.1802599999999999,TARGET,0.0004,1.474999999999671,1.349999999999671,0.5899999999998684
N3_ANCHOR_REVERSION,NEUTRAL,SHORT,2021-07-08 10:05:00+00:00,2021-07-08 10:10:00+00:00,2021-07-08 10:10:00+00:00,2021-07-08 10:10:00+00:00,1.18315,1.1835499999999999,1.18255,1.18356,STOP,0.0004,-1.0250000000000536,-1.1500000000000536,-0.41000000000002146
N1_ROLLING_SWEEP_FADE,NEUTRAL,SHORT,2021-07-09 00:00:00+00:00,2021-07-09 00:05:00+00:00,2021-07-09 00:05:00+00:00,2021-07-09 00:15:00+00:00,1.1845999999999999,1.1849999999999998,1.184,1.18501,STOP,0.0004,-1.0250000000000536,-1.1500000000000536,-0.41000000000002146
N4_MICRO_BREAKOUT,NEUTRAL,SHORT,2021-07-09 00:35:00+00:00,2021-07-09 00:40:00+00:00,2021-07-09 00:40:00+00:00,2021-07-09 04:55:00+00:00,1.1840499999999998,1.1844499999999998,1.18345,1.18346,TARGET,0.0004,1.474999999999671,1.349999999999671,0.5899999999998684
N4_MICRO_BREAKOUT,NEUTRAL,LONG,2021-07-09 13:00:00+00:00,2021-07-09 13:05:00+00:00,2021-07-09 13:05:00+00:00,2021-07-09 13:10:00+00:00,1.18703,1.18663,1.18763,1.18662,STOP,0.0004,-1.0250000000000536,-1.1500000000000536,-0.41000000000002146
N3_ANCHOR_REVERSION,NEUTRAL,SHORT,2021-07-09 13:40:00+00:00,2021-07-09 13:45:00+00:00,2021-07-09 13:45:00+00:00,2021-07-09 14:35:00+00:00,1.1866299999999999,1.1870299999999998,1.18603,1.1870399999999999,STOP,0.0004,-1.0250000000000536,-1.1500000000000536,-0.41000000000002146
N4_MICRO_BREAKOUT,NEUTRAL,SHORT,2021-07-13 11:35:00+00:00,2021-07-13 11:40:00+00:00,2021-07-13 11:40:00+00:00,2021-07-13 11:55:00+00:00,1.18356,1.18396,1.18296,1.18397,STOP,0.0004,-1.0250000000000536,-1.1500000000000536,-0.41000000000002146
N3_ANCHOR_REVERSION,NEUTRAL,LONG,2021-07-13 11:55:00+00:00,2021-07-13 12:00:00+00:00,2021-07-13 12:00:00+00:00,2021-07-13 12:00:00+00:00,1.1840000000000002,1.1836000000000002,1.1846,1.1835900000000001,STOP,0.0004,-1.0250000000000536,-1.1500000000000536,-0.41000000000002146
N1_ROLLING_SWEEP_FADE,NEUTRAL,LONG,2021-07-13 12:00:00+00:00,2021-07-13 12:05:00+00:00,2021-07-13 12:05:00+00:00,2021-07-13 12:25:00+00:00,1.18432,1.18392,1.18492,1.18491,TARGET,0.0004,1.474999999999671,1.349999999999671,0.5899999999998684
N1_ROLLING_SWEEP_FADE,NEUTRAL,SHORT,2021-07-13 12:25:00+00:00,2021-07-13 12:30:00+00:00,2021-07-13 12:30:00+00:00,2021-07-13 12:30:00+00:00,1.18467,1.1850699999999998,1.18407,1.18408,TARGET,0.0004,1.474999999999671,1.349999999999671,0.5899999999998684
N1_ROLLING_SWEEP_FADE,NEUTRAL,SHORT,2021-07-14 17:00:00+00:00,2021-07-14 17:05:00+00:00,2021-07-14 17:05:00+00:00,2021-07-14 19:15:00+00:00,1.18318,1.1835799999999999,1.18258,1.18359,STOP,0.0004,-1.0250000000000536,-1.1500000000000536,-0.41000000000002146
N3_ANCHOR_REVERSION,NEUTRAL,SHORT,2021-07-14 19:55:00+00:00,2021-07-14 20:00:00+00:00,2021-07-14 20:00:00+00:00,2021-07-14 20:25:00+00:00,1.18347,1.18387,1.18287,1.18388,STOP,0.0004,-1.0250000000000536,-1.1500000000000536,-0.41000000000002146
N3_ANCHOR_REVERSION,NEUTRAL,SHORT,2021-07-14 20:55:00+00:00,2021-07-14 21:00:00+00:00,2021-07-14 21:00:00+00:00,2021-07-14 21:00:00+00:00,1.18349,1.1838899999999999,1.18289,1.1839,STOP,0.0004,-1.0250000000000536,-1.1500000000000536,-0.41000000000002146
N3_ANCHOR_REVERSION,NEUTRAL,SHORT,2021-07-14 21:35:00+00:00,2021-07-14 21:40:00+00:00,2021-07-14 21:40:00+00:00,2021-07-15 00:30:00+00:00,1.1836,1.184,1.183,1.1830100000000001,TARGET,0.0004,1.474999999999671,1.349999999999671,0.5899999999998684
N3_ANCHOR_REVERSION,NEUTRAL,LONG,2021-07-15 00:40:00+00:00,2021-07-15 00:45:00+00:00,2021-07-15 00:45:00+00:00,2021-07-15 01:45:00+00:00,1.1832,1.1828,1.1838,1.18279,STOP,0.0004,-1.0250000000000536,-1.1500000000000536,-0.41000000000002146
N4_MICRO_BREAKOUT,NEUTRAL,SHORT,2021-07-15 01:45:00+00:00,2021-07-15 01:50:00+00:00,2021-07-15 01:50:00+00:00,2021-07-15 03:30:00+00:00,1.1825599999999998,1.1829599999999998,1.18196,1.1829699999999999,STOP,0.0004,-1.0250000000000536,-1.1500000000000536,-0.41000000000002146
N1_ROLLING_SWEEP_FADE,NEUTRAL,LONG,2021-07-15 12:00:00+00:00,2021-07-15 12:05:00+00:00,2021-07-15 12:05:00+00:00,2021-07-15 12:10:00+00:00,1.18103,1.18063,1.18163,1.18062,STOP,0.0004,-1.0250000000000536,-1.1500000000000536,-0.41000000000002146
N3_ANCHOR_REVERSION,NEUTRAL,LONG,2021-07-15 13:00:00+00:00,2021-07-15 13:05:00+00:00,2021-07-15 13:05:00+00:00,2021-07-15 13:05:00+00:00,1.1808800000000002,1.1804800000000002,1.18148,1.18147,TARGET,0.0004,1.474999999999671,1.349999999999671,0.5899999999998684
N1_ROLLING_SWEEP_FADE,NEUTRAL,SHORT,2021-07-16 00:10:00+00:00,2021-07-16 00:15:00+00:00,2021-07-16 00:15:00+00:00,2021-07-16 01:20:00+00:00,1.1815099999999998,1.1819099999999998,1.18091,1.18092,TARGET,0.0004,1.474999999999671,1.349999999999671,0.5899999999998684
N3_ANCHOR_REVERSION,NEUTRAL,LONG,2021-07-16 01:50:00+00:00,2021-07-16 01:55:00+00:00,2021-07-16 01:55:00+00:00,2021-07-16 01:55:00+00:00,1.1807500000000002,1.1803500000000002,1.1813500000000001,1.1803400000000002,STOP,0.0004,-1.0250000000000536,-1.1500000000000536,-0.41000000000002146
N1_ROLLING_SWEEP_FADE,NEUTRAL,SHORT,2021-07-19 18:20:00+00:00,2021-07-19 18:25:00+00:00,2021-07-19 18:25:00+00:00,2021-07-19 18:55:00+00:00,1.1799499999999998,1.1803499999999998,1.17935,1.17936,TARGET,0.0004,1.474999999999671,1.349999999999671,0.5899999999998684
N4_MICRO_BREAKOUT,NEUTRAL,SHORT,2021-07-19 18:55:00+00:00,2021-07-19 19:00:00+00:00,2021-07-19 19:00:00+00:00,2021-07-19 19:00:00+00:00,1.17915,1.1795499999999999,1.17855,1.17956,STOP,0.0004,-1.0250000000000536,-1.1500000000000536,-0.41000000000002146
N3_ANCHOR_REVERSION,NEUTRAL,LONG,2021-07-19 19:00:00+00:00,2021-07-19 19:05:00+00:00,2021-07-19 19:05:00+00:00,2021-07-19 21:05:00+00:00,1.1794900000000001,1.1790900000000002,1.18009,1.18008,TARGET,0.0004,1.474999999999671,1.349999999999671,0.5899999999998684
N4_MICRO_BREAKOUT,NEUTRAL,SHORT,2021-07-19 22:45:00+00:00,2021-07-19 22:50:00+00:00,2021-07-19 22:50:00+00:00,2021-07-20 00:05:00+00:00,1.17944,1.17984,1.17884,1.17985,STOP,0.0004,-1.0250000000000536,-1.1500000000000536,-0.41000000000002146
N1_ROLLING_SWEEP_FADE,NEUTRAL,SHORT,2021-07-20 00:05:00+00:00,2021-07-20 00:10:00+00:00,2021-07-20 00:10:00+00:00,2021-07-20 00:25:00+00:00,1.1795499999999999,1.1799499999999998,1.17895,1.17996,STOP,0.0004,-1.0250000000000536,-1.1500000000000536,-0.41000000000002146
N1_ROLLING_SWEEP_FADE,NEUTRAL,SHORT,2021-07-20 00:25:00+00:00,2021-07-20 00:30:00+00:00,2021-07-20 00:30:00+00:00,2021-07-20 02:25:00+00:00,1.17973,1.18013,1.17913,1.18014,STOP,0.0004,-1.0250000000000536,-1.1500000000000536,-0.41000000000002146
N1_ROLLING_SWEEP_FADE,NEUTRAL,SHORT,2021-07-20 02:30:00+00:00,2021-07-20 02:35:00+00:00,2021-07-20 02:35:00+00:00,2021-07-20 03:05:00+00:00,1.1800199999999998,1.1804199999999998,1.17942,1.17943,TARGET,0.0004,1.474999999999671,1.349999999999671,0.5899999999998684
N4_MICRO_BREAKOUT,NEUTRAL,SHORT,2021-07-20 03:05:00+00:00,2021-07-20 03:10:00+00:00,2021-07-20 03:10:00+00:00,2021-07-20 05:15:00+00:00,1.1791399999999999,1.1795399999999998,1.17854,1.17855,TARGET,0.0004,1.474999999999671,1.349999999999671,0.5899999999998684
N1_ROLLING_SWEEP_FADE,NEUTRAL,SHORT,2021-07-21 00:30:00+00:00,2021-07-21 00:35:00+00:00,2021-07-21 00:35:00+00:00,2021-07-21 01:55:00+00:00,1.17808,1.17848,1.17748,1.1774900000000001,TARGET,0.0004,1.474999999999671,1.349999999999671,0.5899999999998684
N3_ANCHOR_REVERSION,NEUTRAL,SHORT,2021-07-21 15:30:00+00:00,2021-07-21 15:35:00+00:00,2021-07-21 15:35:00+00:00,2021-07-21 15:40:00+00:00,1.17956,1.17996,1.17896,1.17997,STOP,0.0004,-1.0250000000000536,-1.1500000000000536,-0.41000000000002146
N4_MICRO_BREAKOUT,NEUTRAL,LONG,2021-07-21 19:10:00+00:00,2021-07-21 19:15:00+00:00,2021-07-21 19:15:00+00:00,2021-07-21 20:10:00+00:00,1.1802400000000002,1.1798400000000002,1.1808400000000001,1.1798300000000002,STOP,0.0004,-1.0250000000000536,-1.1500000000000536,-0.41000000000002146
N4_MICRO_BREAKOUT,NEUTRAL,SHORT,2021-07-21 22:55:00+00:00,2021-07-21 23:00:00+00:00,2021-07-21 23:00:00+00:00,2021-07-22 01:50:00+00:00,1.17926,1.17966,1.17866,1.17967,STOP,0.0004,-1.0250000000000536,-1.1500000000000536,-0.41000000000002146
N1_ROLLING_SWEEP_FADE,NEUTRAL,SHORT,2021-07-22 04:40:00+00:00,2021-07-22 04:45:00+00:00,2021-07-22 04:45:00+00:00,2021-07-22 06:00:00+00:00,1.17986,1.1802599999999999,1.17926,1.17927,TARGET,0.0004,1.474999999999671,1.349999999999671,0.5899999999998684
N1_ROLLING_SWEEP_FADE,NEUTRAL,SHORT,2021-07-22 21:55:00+00:00,2021-07-22 22:00:00+00:00,2021-07-22 22:00:00+00:00,2021-07-22 22:10:00+00:00,1.1769999999999998,1.1773999999999998,1.1764,1.1774099999999998,STOP,0.0004,-1.0250000000000536,-1.1500000000000536,-0.41000000000002146
N1_ROLLING_SWEEP_FADE,NEUTRAL,SHORT,2021-07-22 22:20:00+00:00,2021-07-22 22:25:00+00:00,2021-07-22 22:25:00+00:00,2021-07-23 00:25:00+00:00,1.17743,1.17783,1.17683,1.17784,STOP,0.0004,-1.0250000000000536,-1.1500000000000536,-0.41000000000002146
N4_MICRO_BREAKOUT,NEUTRAL,LONG,2021-07-23 00:25:00+00:00,2021-07-23 00:30:00+00:00,2021-07-23 00:30:00+00:00,2021-07-23 01:55:00+00:00,1.1779600000000001,1.1775600000000002,1.17856,1.17755,STOP,0.0004,-1.0250000000000536,-1.1500000000000536,-0.41000000000002146
N1_ROLLING_SWEEP_FADE,NEUTRAL,LONG,2021-07-23 02:20:00+00:00,2021-07-23 02:25:00+00:00,2021-07-23 02:25:00+00:00,2021-07-23 04:00:00+00:00,1.1773200000000001,1.1769200000000002,1.17792,1.1769100000000001,STOP,0.0004,-1.0250000000000536,-1.1500000000000536,-0.41000000000002146
N3_ANCHOR_REVERSION,NEUTRAL,LONG,2021-07-23 04:15:00+00:00,2021-07-23 04:20:00+00:00,2021-07-23 04:20:00+00:00,2021-07-23 05:55:00+00:00,1.1770500000000002,1.1766500000000002,1.17765,1.1766400000000001,STOP,0.0004,-1.0250000000000536,-1.1500000000000536,-0.41000000000002146
N3_ANCHOR_REVERSION,NEUTRAL,SHORT,2021-07-26 14:55:00+00:00,2021-07-26 15:00:00+00:00,2021-07-26 15:00:00+00:00,2021-07-26 15:00:00+00:00,1.18076,1.18116,1.18016,1.18117,STOP,0.0004,-1.0250000000000536,-1.1500000000000536,-0.41000000000002146
N4_MICRO_BREAKOUT,NEUTRAL,SHORT,2021-07-26 18:55:00+00:00,2021-07-26 19:00:00+00:00,2021-07-26 19:00:00+00:00,2021-07-26 19:15:00+00:00,1.1799899999999999,1.1803899999999998,1.17939,1.1804,STOP,0.0004,-1.0250000000000536,-1.1500000000000536,-0.41000000000002146
N4_MICRO_BREAKOUT,NEUTRAL,SHORT,2021-07-26 19:25:00+00:00,2021-07-26 19:30:00+00:00,2021-07-26 19:30:00+00:00,2021-07-26 19:50:00+00:00,1.1799499999999998,1.1803499999999998,1.17935,1.1803599999999999,STOP,0.0004,-1.0250000000000536,-1.1500000000000536,-0.41000000000002146
N1_ROLLING_SWEEP_FADE,NEUTRAL,SHORT,2021-07-26 20:00:00+00:00,2021-07-26 20:05:00+00:00,2021-07-26 20:05:00+00:00,2021-07-27 00:10:00+00:00,1.18045,1.18085,1.17985,1.18086,STOP,0.0004,-1.0250000000000536,-1.1500000000000536,-0.41000000000002146
N4_MICRO_BREAKOUT,NEUTRAL,LONG,2021-07-27 00:10:00+00:00,2021-07-27 00:15:00+00:00,2021-07-27 00:15:00+00:00,2021-07-27 01:45:00+00:00,1.1808500000000002,1.1804500000000002,1.1814500000000001,1.1804400000000002,STOP,0.0004,-1.0250000000000536,-1.1500000000000536,-0.41000000000002146
N4_MICRO_BREAKOUT,NEUTRAL,LONG,2021-07-27 11:20:00+00:00,2021-07-27 11:25:00+00:00,2021-07-27 11:25:00+00:00,2021-07-27 11:30:00+00:00,1.17928,1.1788800000000001,1.17988,1.17887,STOP,0.0004,-1.0250000000000536,-1.1500000000000536,-0.41000000000002146
N1_ROLLING_SWEEP_FADE,NEUTRAL,SHORT,2021-07-27 11:40:00+00:00,2021-07-27 11:45:00+00:00,2021-07-27 11:45:00+00:00,2021-07-27 11:45:00+00:00,1.17952,1.1799199999999999,1.17892,1.17993,STOP,0.0004,-1.0250000000000536,-1.1500000000000536,-0.41000000000002146
N4_MICRO_BREAKOUT,NEUTRAL,LONG,2021-07-27 12:00:00+00:00,2021-07-27 12:05:00+00:00,2021-07-27 12:05:00+00:00,2021-07-27 12:15:00+00:00,1.1805400000000001,1.1801400000000002,1.18114,1.18113,TARGET,0.0004,1.474999999999671,1.349999999999671,0.5899999999998684
N4_MICRO_BREAKOUT,NEUTRAL,LONG,2021-07-29 18:55:00+00:00,2021-07-29 19:00:00+00:00,2021-07-29 19:00:00+00:00,2021-07-29 19:40:00+00:00,1.18919,1.18879,1.18979,1.18878,STOP,0.0004,-1.0250000000000536,-1.1500000000000536,-0.41000000000002146
N4_MICRO_BREAKOUT,NEUTRAL,LONG,2021-07-30 08:55:00+00:00,2021-07-30 09:00:00+00:00,2021-07-30 09:00:00+00:00,2021-07-30 09:00:00+00:00,1.19073,1.19033,1.19133,1.19032,STOP,0.0004,-1.0250000000000536,-1.1500000000000536,-0.41000000000002146
N3_ANCHOR_REVERSION,NEUTRAL,SHORT,2021-07-30 09:00:00+00:00,2021-07-30 09:05:00+00:00,2021-07-30 09:05:00+00:00,2021-07-30 09:10:00+00:00,1.1902,1.1905999999999999,1.1896,1.19061,STOP,0.0004,-1.0250000000000536,-1.1500000000000536,-0.41000000000002146
N1_ROLLING_SWEEP_FADE,NEUTRAL,SHORT,2021-07-30 09:35:00+00:00,2021-07-30 09:40:00+00:00,2021-07-30 09:40:00+00:00,2021-07-30 09:50:00+00:00,1.1905299999999999,1.1909299999999998,1.18993,1.18994,TARGET,0.0004,1.474999999999671,1.349999999999671,0.5899999999998684
N1_ROLLING_SWEEP_FADE,NEUTRAL,LONG,2021-07-30 10:15:00+00:00,2021-07-30 10:20:00+00:00,2021-07-30 10:20:00+00:00,2021-07-30 10:35:00+00:00,1.1888100000000001,1.1884100000000002,1.18941,1.1894,TARGET,0.0004,1.474999999999671,1.349999999999671,0.5899999999998684
N3_ANCHOR_REVERSION,NEUTRAL,LONG,2021-08-05 01:00:00+00:00,2021-08-05 01:05:00+00:00,2021-08-05 01:05:00+00:00,2021-08-05 07:00:00+00:00,1.18338,1.1829800000000001,1.18398,1.18397,TARGET,0.0004,1.474999999999671,1.349999999999671,0.5899999999998684
N3_ANCHOR_REVERSION,NEUTRAL,SHORT,2021-08-13 18:20:00+00:00,2021-08-13 18:25:00+00:00,2021-08-13 18:25:00+00:00,2021-08-13 20:55:00+00:00,1.1797,1.1801,1.1791,1.17967,TIME_12H,0.0004,0.07499999999993623,-0.05000000000006377,0.02999999999997449
N4_MICRO_BREAKOUT,NEUTRAL,SHORT,2021-08-17 16:55:00+00:00,2021-08-17 17:00:00+00:00,2021-08-17 17:00:00+00:00,2021-08-17 17:00:00+00:00,1.1708399999999999,1.1712399999999998,1.17024,1.17125,STOP,0.0004,-1.0250000000000536,-1.1500000000000536,-0.41000000000002146
N1_ROLLING_SWEEP_FADE,NEUTRAL,LONG,2021-08-17 17:00:00+00:00,2021-08-17 17:05:00+00:00,2021-08-17 17:05:00+00:00,2021-08-17 19:00:00+00:00,1.17138,1.1709800000000001,1.17198,1.17097,STOP,0.0004,-1.0250000000000536,-1.1500000000000536,-0.41000000000002146
N1_ROLLING_SWEEP_FADE,NEUTRAL,LONG,2021-08-17 19:00:00+00:00,2021-08-17 19:05:00+00:00,2021-08-17 19:05:00+00:00,2021-08-17 20:55:00+00:00,1.1711900000000002,1.1707900000000002,1.17179,1.1707800000000002,STOP,0.0004,-1.0250000000000536,-1.1500000000000536,-0.41000000000002146
N3_ANCHOR_REVERSION,NEUTRAL,LONG,2021-08-17 21:45:00+00:00,2021-08-17 21:50:00+00:00,2021-08-17 21:50:00+00:00,2021-08-17 22:10:00+00:00,1.1711500000000001,1.1707500000000002,1.17175,1.1707400000000001,STOP,0.0004,-1.0250000000000536,-1.1500000000000536,-0.41000000000002146
N4_MICRO_BREAKOUT,NEUTRAL,LONG,2021-08-18 00:15:00+00:00,2021-08-18 00:20:00+00:00,2021-08-18 00:20:00+00:00,2021-08-18 00:40:00+00:00,1.17138,1.1709800000000001,1.17198,1.17097,STOP,0.0004,-1.0250000000000536,-1.1500000000000536,-0.41000000000002146
N1_ROLLING_SWEEP_FADE,NEUTRAL,SHORT,2021-08-18 01:05:00+00:00,2021-08-18 01:10:00+00:00,2021-08-18 01:10:00+00:00,2021-08-18 01:50:00+00:00,1.1712399999999998,1.1716399999999998,1.17064,1.1716499999999999,STOP,0.0004,-1.0250000000000536,-1.1500000000000536,-0.41000000000002146
N3_ANCHOR_REVERSION,NEUTRAL,SHORT,2021-08-18 02:45:00+00:00,2021-08-18 02:50:00+00:00,2021-08-18 02:50:00+00:00,2021-08-18 03:10:00+00:00,1.17177,1.17217,1.17117,1.17218,STOP,0.0004,-1.0250000000000536,-1.1500000000000536,-0.41000000000002146
N1_ROLLING_SWEEP_FADE,NEUTRAL,SHORT,2021-08-18 03:10:00+00:00,2021-08-18 03:15:00+00:00,2021-08-18 03:15:00+00:00,2021-08-18 05:30:00+00:00,1.1719899999999999,1.1723899999999998,1.17139,1.1714,TARGET,0.0004,1.474999999999671,1.349999999999671,0.5899999999998684
N4_MICRO_BREAKOUT,NEUTRAL,SHORT,2021-08-19 00:10:00+00:00,2021-08-19 00:15:00+00:00,2021-08-19 00:15:00+00:00,2021-08-19 00:25:00+00:00,1.1696799999999998,1.1700799999999998,1.16908,1.16909,TARGET,0.0004,1.474999999999671,1.349999999999671,0.5899999999998684
N3_ANCHOR_REVERSION,NEUTRAL,LONG,2021-08-19 00:30:00+00:00,2021-08-19 00:35:00+00:00,2021-08-19 00:35:00+00:00,2021-08-19 01:00:00+00:00,1.1689800000000001,1.1685800000000002,1.16958,1.16857,STOP,0.0004,-1.0250000000000536,-1.1500000000000536,-0.41000000000002146
N3_ANCHOR_REVERSION,NEUTRAL,LONG,2021-08-19 02:00:00+00:00,2021-08-19 02:05:00+00:00,2021-08-19 02:05:00+00:00,2021-08-19 02:15:00+00:00,1.16866,1.16826,1.16926,1.16825,STOP,0.0004,-1.0250000000000536,-1.1500000000000536,-0.41000000000002146
N4_MICRO_BREAKOUT,NEUTRAL,SHORT,2021-08-19 02:25:00+00:00,2021-08-19 02:30:00+00:00,2021-08-19 02:30:00+00:00,2021-08-19 02:30:00+00:00,1.16754,1.16794,1.16694,1.16795,STOP,0.0004,-1.0250000000000536,-1.1500000000000536,-0.41000000000002146
N3_ANCHOR_REVERSION,NEUTRAL,SHORT,2021-08-20 19:20:00+00:00,2021-08-20 19:25:00+00:00,2021-08-20 19:25:00+00:00,2021-08-20 19:55:00+00:00,1.16973,1.17013,1.16913,1.17014,STOP,0.0004,-1.0250000000000536,-1.1500000000000536,-0.41000000000002146
N4_MICRO_BREAKOUT,NEUTRAL,LONG,2021-08-20 19:55:00+00:00,2021-08-20 20:00:00+00:00,2021-08-20 20:00:00+00:00,2021-08-20 20:55:00+00:00,1.17028,1.16988,1.17088,1.16987,STOP,0.0004,-1.0250000000000536,-1.1500000000000536,-0.41000000000002146
N1_ROLLING_SWEEP_FADE,NEUTRAL,LONG,2021-08-22 22:00:00+00:00,2021-08-22 22:05:00+00:00,2021-08-22 22:05:00+00:00,2021-08-22 22:20:00+00:00,1.1700700000000002,1.1696700000000002,1.17067,1.1696600000000001,STOP,0.0004,-1.0250000000000536,-1.1500000000000536,-0.41000000000002146
N3_ANCHOR_REVERSION,NEUTRAL,LONG,2021-08-22 23:00:00+00:00,2021-08-22 23:05:00+00:00,2021-08-22 23:05:00+00:00,2021-08-23 00:45:00+00:00,1.16947,1.16907,1.17007,1.1700599999999999,TARGET,0.0004,1.474999999999671,1.349999999999671,0.5899999999998684
N3_ANCHOR_REVERSION,NEUTRAL,SHORT,2021-08-23 00:55:00+00:00,2021-08-23 01:00:00+00:00,2021-08-23 01:00:00+00:00,2021-08-23 01:05:00+00:00,1.16991,1.17031,1.16931,1.17032,STOP,0.0004,-1.0250000000000536,-1.1500000000000536,-0.41000000000002146
N4_MICRO_BREAKOUT,NEUTRAL,LONG,2021-08-23 01:20:00+00:00,2021-08-23 01:25:00+00:00,2021-08-23 01:25:00+00:00,2021-08-23 01:30:00+00:00,1.17087,1.1704700000000001,1.17147,1.17046,STOP,0.0004,-1.0250000000000536,-1.1500000000000536,-0.41000000000002146
N4_MICRO_BREAKOUT,NEUTRAL,LONG,2021-08-23 01:45:00+00:00,2021-08-23 01:50:00+00:00,2021-08-23 01:50:00+00:00,2021-08-23 03:20:00+00:00,1.17127,1.17087,1.17187,1.17186,TARGET,0.0004,1.474999999999671,1.349999999999671,0.5899999999998684
N3_ANCHOR_REVERSION,NEUTRAL,SHORT,2021-08-23 03:50:00+00:00,2021-08-23 03:55:00+00:00,2021-08-23 03:55:00+00:00,2021-08-23 06:05:00+00:00,1.17218,1.17258,1.17158,1.1715900000000001,TARGET,0.0004,1.474999999999671,1.349999999999671,0.5899999999998684
N1_ROLLING_SWEEP_FADE,NEUTRAL,LONG,2021-08-24 00:00:00+00:00,2021-08-24 00:05:00+00:00,2021-08-24 00:05:00+00:00,2021-08-24 00:20:00+00:00,1.17479,1.17439,1.17539,1.17438,STOP,0.0004,-1.0250000000000536,-1.1500000000000536,-0.41000000000002146
N4_MICRO_BREAKOUT,NEUTRAL,SHORT,2021-08-24 00:25:00+00:00,2021-08-24 00:30:00+00:00,2021-08-24 00:30:00+00:00,2021-08-24 02:00:00+00:00,1.1740899999999999,1.1744899999999998,1.17349,1.1735,TARGET,0.0004,1.474999999999671,1.349999999999671,0.5899999999998684
N1_ROLLING_SWEEP_FADE,NEUTRAL,LONG,2021-08-24 17:55:00+00:00,2021-08-24 18:00:00+00:00,2021-08-24 18:00:00+00:00,2021-08-24 18:30:00+00:00,1.1745700000000001,1.1741700000000002,1.17517,1.17516,TARGET,0.0004,1.474999999999671,1.349999999999671,0.5899999999998684
N3_ANCHOR_REVERSION,NEUTRAL,SHORT,2021-08-24 19:30:00+00:00,2021-08-24 19:35:00+00:00,2021-08-24 19:35:00+00:00,2021-08-24 19:45:00+00:00,1.17529,1.17569,1.17469,1.1757,STOP,0.0004,-1.0250000000000536,-1.1500000000000536,-0.41000000000002146
N1_ROLLING_SWEEP_FADE,NEUTRAL,SHORT,2021-08-25 00:05:00+00:00,2021-08-25 00:10:00+00:00,2021-08-25 00:10:00+00:00,2021-08-25 00:30:00+00:00,1.17544,1.17584,1.17484,1.1748500000000002,TARGET,0.0004,1.474999999999671,1.349999999999671,0.5899999999998684
N4_MICRO_BREAKOUT,NEUTRAL,SHORT,2021-08-25 00:30:00+00:00,2021-08-25 00:35:00+00:00,2021-08-25 00:35:00+00:00,2021-08-25 00:50:00+00:00,1.17478,1.17518,1.17418,1.17419,TARGET,0.0004,1.474999999999671,1.349999999999671,0.5899999999998684
N1_ROLLING_SWEEP_FADE,NEUTRAL,LONG,2021-08-25 00:50:00+00:00,2021-08-25 00:55:00+00:00,2021-08-25 00:55:00+00:00,2021-08-25 01:35:00+00:00,1.17426,1.1738600000000001,1.17486,1.17385,STOP,0.0004,-1.0250000000000536,-1.1500000000000536,-0.41000000000002146
N4_MICRO_BREAKOUT,NEUTRAL,LONG,2021-08-25 18:10:00+00:00,2021-08-25 18:15:00+00:00,2021-08-25 18:15:00+00:00,2021-08-25 18:15:00+00:00,1.17738,1.1769800000000001,1.17798,1.17697,STOP,0.0004,-1.0250000000000536,-1.1500000000000536,-0.41000000000002146
N4_MICRO_BREAKOUT,NEUTRAL,LONG,2021-08-26 00:00:00+00:00,2021-08-26 00:05:00+00:00,2021-08-26 00:05:00+00:00,2021-08-26 00:15:00+00:00,1.17738,1.1769800000000001,1.17798,1.17697,STOP,0.0004,-1.0250000000000536,-1.1500000000000536,-0.41000000000002146
N3_ANCHOR_REVERSION,NEUTRAL,LONG,2021-08-26 00:45:00+00:00,2021-08-26 00:50:00+00:00,2021-08-26 00:50:00+00:00,2021-08-26 01:05:00+00:00,1.17683,1.17643,1.17743,1.17642,STOP,0.0004,-1.0250000000000536,-1.1500000000000536,-0.41000000000002146
N4_MICRO_BREAKOUT,NEUTRAL,SHORT,2021-08-26 01:05:00+00:00,2021-08-26 01:10:00+00:00,2021-08-26 01:10:00+00:00,2021-08-26 01:45:00+00:00,1.17627,1.1766699999999999,1.17567,1.17668,STOP,0.0004,-1.0250000000000536,-1.1500000000000536,-0.41000000000002146
N1_ROLLING_SWEEP_FADE,NEUTRAL,LONG,2021-08-26 03:25:00+00:00,2021-08-26 03:30:00+00:00,2021-08-26 03:30:00+00:00,2021-08-26 06:25:00+00:00,1.17639,1.17599,1.17699,1.17598,STOP,0.0004,-1.0250000000000536,-1.1500000000000536,-0.41000000000002146
N1_ROLLING_SWEEP_FADE,NEUTRAL,LONG,2021-08-27 00:00:00+00:00,2021-08-27 00:05:00+00:00,2021-08-27 00:05:00+00:00,2021-08-27 00:15:00+00:00,1.17543,1.17503,1.17603,1.17502,STOP,0.0004,-1.0250000000000536,-1.1500000000000536,-0.41000000000002146
N4_MICRO_BREAKOUT,NEUTRAL,SHORT,2021-08-27 00:15:00+00:00,2021-08-27 00:20:00+00:00,2021-08-27 00:20:00+00:00,2021-08-27 00:40:00+00:00,1.1748999999999998,1.1752999999999998,1.1743,1.17431,TARGET,0.0004,1.474999999999671,1.349999999999671,0.5899999999998684
N3_ANCHOR_REVERSION,NEUTRAL,LONG,2021-08-27 00:45:00+00:00,2021-08-27 00:50:00+00:00,2021-08-27 00:50:00+00:00,2021-08-27 01:40:00+00:00,1.1744100000000002,1.1740100000000002,1.17501,1.175,TARGET,0.0004,1.474999999999671,1.349999999999671,0.5899999999998684
N1_ROLLING_SWEEP_FADE,NEUTRAL,SHORT,2021-08-27 02:05:00+00:00,2021-08-27 02:10:00+00:00,2021-08-27 02:10:00+00:00,2021-08-27 02:25:00+00:00,1.17526,1.17566,1.17466,1.17567,STOP,0.0004,-1.0250000000000536,-1.1500000000000536,-0.41000000000002146
N4_MICRO_BREAKOUT,NEUTRAL,LONG,2021-08-29 22:05:00+00:00,2021-08-29 22:10:00+00:00,2021-08-29 22:10:00+00:00,2021-08-29 22:30:00+00:00,1.1800300000000001,1.1796300000000002,1.18063,1.1796200000000001,STOP,0.0004,-1.0250000000000536,-1.1500000000000536,-0.41000000000002146
N1_ROLLING_SWEEP_FADE,NEUTRAL,SHORT,2021-08-30 00:00:00+00:00,2021-08-30 00:05:00+00:00,2021-08-30 00:05:00+00:00,2021-08-30 00:20:00+00:00,1.17966,1.1800599999999999,1.17906,1.18007,STOP,0.0004,-1.0250000000000536,-1.1500000000000536,-0.41000000000002146
N4_MICRO_BREAKOUT,NEUTRAL,LONG,2021-08-30 00:20:00+00:00,2021-08-30 00:25:00+00:00,2021-08-30 00:25:00+00:00,2021-08-30 01:15:00+00:00,1.1801400000000002,1.1797400000000002,1.1807400000000001,1.18073,TARGET,0.0004,1.474999999999671,1.349999999999671,0.5899999999998684
N1_ROLLING_SWEEP_FADE,NEUTRAL,SHORT,2021-08-30 01:30:00+00:00,2021-08-30 01:35:00+00:00,2021-08-30 01:35:00+00:00,2021-08-30 05:50:00+00:00,1.1806699999999999,1.1810699999999998,1.18007,1.18008,TARGET,0.0004,1.474999999999671,1.349999999999671,0.5899999999998684
N4_MICRO_BREAKOUT,NEUTRAL,SHORT,2021-08-30 05:50:00+00:00,2021-08-30 05:55:00+00:00,2021-08-30 05:55:00+00:00,2021-08-30 07:00:00+00:00,1.18,1.1804,1.1794,1.18041,STOP,0.0004,-1.0250000000000536,-1.1500000000000536,-0.41000000000002146
N1_ROLLING_SWEEP_FADE,NEUTRAL,SHORT,2021-08-31 04:10:00+00:00,2021-08-31 04:15:00+00:00,2021-08-31 04:15:00+00:00,2021-08-31 04:15:00+00:00,1.18196,1.1823599999999999,1.18136,1.18237,STOP,0.0004,-1.0250000000000536,-1.1500000000000536,-0.41000000000002146
N4_MICRO_BREAKOUT,NEUTRAL,LONG,2021-08-31 04:15:00+00:00,2021-08-31 04:20:00+00:00,2021-08-31 04:20:00+00:00,2021-08-31 04:30:00+00:00,1.18253,1.1821300000000001,1.18313,1.18212,STOP,0.0004,-1.0250000000000536,-1.1500000000000536,-0.41000000000002146
N4_MICRO_BREAKOUT,NEUTRAL,LONG,2021-08-31 05:30:00+00:00,2021-08-31 05:35:00+00:00,2021-08-31 05:35:00+00:00,2021-08-31 06:35:00+00:00,1.1824400000000002,1.1820400000000002,1.18304,1.18303,TARGET,0.0004,1.474999999999671,1.349999999999671,0.5899999999998684
N2_ASIA_RANGE_FADE,NEUTRAL,SHORT,2021-08-31 06:40:00+00:00,2021-08-31 06:45:00+00:00,2021-08-31 06:45:00+00:00,2021-08-31 08:55:00+00:00,1.18271,1.1831099999999999,1.18211,1.18212,TARGET,0.0004,1.474999999999671,1.349999999999671,0.5899999999998684
N4_MICRO_BREAKOUT,NEUTRAL,SHORT,2021-09-01 00:20:00+00:00,2021-09-01 00:25:00+00:00,2021-09-01 00:25:00+00:00,2021-09-01 04:50:00+00:00,1.1805999999999999,1.1809999999999998,1.18,1.18001,TARGET,0.0004,1.474999999999671,1.349999999999671,0.5899999999998684
N4_MICRO_BREAKOUT,NEUTRAL,SHORT,2021-09-01 05:00:00+00:00,2021-09-01 05:05:00+00:00,2021-09-01 05:05:00+00:00,2021-09-01 06:05:00+00:00,1.17979,1.1801899999999999,1.17919,1.1802,STOP,0.0004,-1.0250000000000536,-1.1500000000000536,-0.41000000000002146
N1_ROLLING_SWEEP_FADE,NEUTRAL,SHORT,2021-09-01 14:45:00+00:00,2021-09-01 14:50:00+00:00,2021-09-01 14:50:00+00:00,2021-09-01 14:50:00+00:00,1.1847699999999999,1.1851699999999998,1.18417,1.18518,STOP,0.0004,-1.0250000000000536,-1.1500000000000536,-0.41000000000002146
N3_ANCHOR_REVERSION,NEUTRAL,SHORT,2021-09-01 16:45:00+00:00,2021-09-01 16:50:00+00:00,2021-09-01 16:50:00+00:00,2021-09-01 17:55:00+00:00,1.18492,1.18532,1.18432,1.18433,TARGET,0.0004,1.474999999999671,1.349999999999671,0.5899999999998684
N4_MICRO_BREAKOUT,NEUTRAL,LONG,2021-09-02 00:00:00+00:00,2021-09-02 00:05:00+00:00,2021-09-02 00:05:00+00:00,2021-09-02 00:25:00+00:00,1.18445,1.18405,1.18505,1.18404,STOP,0.0004,-1.0250000000000536,-1.1500000000000536,-0.41000000000002146
N1_ROLLING_SWEEP_FADE,NEUTRAL,LONG,2021-09-02 03:40:00+00:00,2021-09-02 03:45:00+00:00,2021-09-02 03:45:00+00:00,2021-09-02 04:40:00+00:00,1.1839600000000001,1.1835600000000002,1.18456,1.18355,STOP,0.0004,-1.0250000000000536,-1.1500000000000536,-0.41000000000002146
N4_MICRO_BREAKOUT,NEUTRAL,LONG,2021-09-02 17:35:00+00:00,2021-09-02 17:40:00+00:00,2021-09-02 17:40:00+00:00,2021-09-03 00:05:00+00:00,1.18703,1.18663,1.18763,1.18762,TARGET,0.0004,1.474999999999671,1.349999999999671,0.5899999999998684
N3_ANCHOR_REVERSION,NEUTRAL,SHORT,2021-09-03 00:15:00+00:00,2021-09-03 00:20:00+00:00,2021-09-03 00:20:00+00:00,2021-09-03 00:30:00+00:00,1.18762,1.1880199999999999,1.18702,1.18803,STOP,0.0004,-1.0250000000000536,-1.1500000000000536,-0.41000000000002146
N1_ROLLING_SWEEP_FADE,NEUTRAL,SHORT,2021-09-03 00:30:00+00:00,2021-09-03 00:35:00+00:00,2021-09-03 00:35:00+00:00,2021-09-03 00:40:00+00:00,1.18787,1.18827,1.18727,1.18828,STOP,0.0004,-1.0250000000000536,-1.1500000000000536,-0.41000000000002146
N4_MICRO_BREAKOUT,NEUTRAL,LONG,2021-09-03 00:40:00+00:00,2021-09-03 00:45:00+00:00,2021-09-03 00:45:00+00:00,2021-09-03 01:15:00+00:00,1.1883400000000002,1.1879400000000002,1.18894,1.1879300000000002,STOP,0.0004,-1.0250000000000536,-1.1500000000000536,-0.41000000000002146
N3_ANCHOR_REVERSION,NEUTRAL,SHORT,2021-09-03 01:40:00+00:00,2021-09-03 01:45:00+00:00,2021-09-03 01:45:00+00:00,2021-09-03 02:05:00+00:00,1.18807,1.18847,1.18747,1.18848,STOP,0.0004,-1.0250000000000536,-1.1500000000000536,-0.41000000000002146
N3_ANCHOR_REVERSION,NEUTRAL,SHORT,2021-09-05 23:45:00+00:00,2021-09-05 23:50:00+00:00,2021-09-05 23:50:00+00:00,2021-09-06 00:30:00+00:00,1.18847,1.1888699999999999,1.18787,1.18788,TARGET,0.0004,1.474999999999671,1.349999999999671,0.5899999999998684
N1_ROLLING_SWEEP_FADE,NEUTRAL,LONG,2021-09-06 00:35:00+00:00,2021-09-06 00:40:00+00:00,2021-09-06 00:40:00+00:00,2021-09-06 01:30:00+00:00,1.18797,1.18757,1.18857,1.18756,STOP,0.0004,-1.0250000000000536,-1.1500000000000536,-0.41000000000002146
N1_ROLLING_SWEEP_FADE,NEUTRAL,LONG,2021-09-06 01:30:00+00:00,2021-09-06 01:35:00+00:00,2021-09-06 01:35:00+00:00,2021-09-06 02:35:00+00:00,1.18777,1.18737,1.18837,1.18736,STOP,0.0004,-1.0250000000000536,-1.1500000000000536,-0.41000000000002146
N3_ANCHOR_REVERSION,NEUTRAL,LONG,2021-09-06 02:55:00+00:00,2021-09-06 03:00:00+00:00,2021-09-06 03:00:00+00:00,2021-09-06 03:20:00+00:00,1.18747,1.18707,1.18807,1.18706,STOP,0.0004,-1.0250000000000536,-1.1500000000000536,-0.41000000000002146
N3_ANCHOR_REVERSION,NEUTRAL,LONG,2021-09-06 03:40:00+00:00,2021-09-06 03:45:00+00:00,2021-09-06 03:45:00+00:00,2021-09-06 07:25:00+00:00,1.1869500000000002,1.1865500000000002,1.18755,1.1865400000000002,STOP,0.0004,-1.0250000000000536,-1.1500000000000536,-0.41000000000002146
N3_ANCHOR_REVERSION,NEUTRAL,SHORT,2021-09-07 01:05:00+00:00,2021-09-07 01:10:00+00:00,2021-09-07 01:10:00+00:00,2021-09-07 01:20:00+00:00,1.18801,1.18841,1.18741,1.18842,STOP,0.0004,-1.0250000000000536,-1.1500000000000536,-0.41000000000002146
N1_ROLLING_SWEEP_FADE,NEUTRAL,SHORT,2021-09-07 01:25:00+00:00,2021-09-07 01:30:00+00:00,2021-09-07 01:30:00+00:00,2021-09-07 04:55:00+00:00,1.1882899999999998,1.1886899999999998,1.18769,1.1877,TARGET,0.0004,1.474999999999671,1.349999999999671,0.5899999999998684
N4_MICRO_BREAKOUT,NEUTRAL,SHORT,2021-09-07 04:55:00+00:00,2021-09-07 05:00:00+00:00,2021-09-07 05:00:00+00:00,2021-09-07 06:25:00+00:00,1.18753,1.18793,1.18693,1.18694,TARGET,0.0004,1.474999999999671,1.349999999999671,0.5899999999998684
N3_ANCHOR_REVERSION,NEUTRAL,SHORT,2021-09-07 07:40:00+00:00,2021-09-07 07:45:00+00:00,2021-09-07 07:45:00+00:00,2021-09-07 08:00:00+00:00,1.18791,1.18831,1.18731,1.1873200000000002,TARGET,0.0004,1.474999999999671,1.349999999999671,0.5899999999998684
N1_ROLLING_SWEEP_FADE,NEUTRAL,LONG,2021-09-08 00:05:00+00:00,2021-09-08 00:10:00+00:00,2021-09-08 00:10:00+00:00,2021-09-08 01:40:00+00:00,1.18433,1.1839300000000001,1.18493,1.18492,TARGET,0.0004,1.474999999999671,1.349999999999671,0.5899999999998684
N4_MICRO_BREAKOUT,NEUTRAL,LONG,2021-09-08 01:40:00+00:00,2021-09-08 01:45:00+00:00,2021-09-08 01:45:00+00:00,2021-09-08 01:50:00+00:00,1.1851800000000001,1.1847800000000002,1.18578,1.18477,STOP,0.0004,-1.0250000000000536,-1.1500000000000536,-0.41000000000002146
N3_ANCHOR_REVERSION,NEUTRAL,SHORT,2021-09-08 01:50:00+00:00,2021-09-08 01:55:00+00:00,2021-09-08 01:55:00+00:00,2021-09-08 03:20:00+00:00,1.1847699999999999,1.1851699999999998,1.18417,1.18418,TARGET,0.0004,1.474999999999671,1.349999999999671,0.5899999999998684
N3_ANCHOR_REVERSION,NEUTRAL,SHORT,2021-09-09 17:25:00+00:00,2021-09-09 17:30:00+00:00,2021-09-09 17:30:00+00:00,2021-09-09 19:00:00+00:00,1.1833799999999999,1.1837799999999998,1.18278,1.18279,TARGET,0.0004,1.474999999999671,1.349999999999671,0.5899999999998684
N1_ROLLING_SWEEP_FADE,NEUTRAL,SHORT,2021-09-09 21:35:00+00:00,2021-09-09 21:40:00+00:00,2021-09-09 21:40:00+00:00,2021-09-10 01:25:00+00:00,1.18258,1.18298,1.18198,1.18199,TARGET,0.0004,1.474999999999671,1.349999999999671,0.5899999999998684
N1_ROLLING_SWEEP_FADE,NEUTRAL,LONG,2021-09-10 13:00:00+00:00,2021-09-10 13:05:00+00:00,2021-09-10 13:05:00+00:00,2021-09-10 13:20:00+00:00,1.1827400000000001,1.1823400000000002,1.18334,1.18233,STOP,0.0004,-1.0250000000000536,-1.1500000000000536,-0.41000000000002146
N3_ANCHOR_REVERSION,NEUTRAL,LONG,2021-09-10 13:35:00+00:00,2021-09-10 13:40:00+00:00,2021-09-10 13:40:00+00:00,2021-09-10 13:50:00+00:00,1.18283,1.18243,1.18343,1.18242,STOP,0.0004,-1.0250000000000536,-1.1500000000000536,-0.41000000000002146
N1_ROLLING_SWEEP_FADE,NEUTRAL,SHORT,2021-09-10 14:00:00+00:00,2021-09-10 14:05:00+00:00,2021-09-10 14:05:00+00:00,2021-09-10 14:25:00+00:00,1.1833799999999999,1.1837799999999998,1.18278,1.18379,STOP,0.0004,-1.0250000000000536,-1.1500000000000536,-0.41000000000002146
N3_ANCHOR_REVERSION,NEUTRAL,LONG,2021-09-10 18:40:00+00:00,2021-09-10 18:45:00+00:00,2021-09-10 18:45:00+00:00,2021-09-10 19:25:00+00:00,1.18171,1.18131,1.18231,1.1813,STOP,0.0004,-1.0250000000000536,-1.1500000000000536,-0.41000000000002146
N4_MICRO_BREAKOUT,NEUTRAL,SHORT,2021-09-12 22:20:00+00:00,2021-09-12 22:25:00+00:00,2021-09-12 22:25:00+00:00,2021-09-13 01:05:00+00:00,1.18099,1.18139,1.18039,1.1804000000000001,TARGET,0.0004,1.474999999999671,1.349999999999671,0.5899999999998684
N3_ANCHOR_REVERSION,NEUTRAL,LONG,2021-09-13 01:10:00+00:00,2021-09-13 01:15:00+00:00,2021-09-13 01:15:00+00:00,2021-09-13 01:25:00+00:00,1.1806400000000001,1.1802400000000002,1.18124,1.1802300000000001,STOP,0.0004,-1.0250000000000536,-1.1500000000000536,-0.41000000000002146
N3_ANCHOR_REVERSION,NEUTRAL,LONG,2021-09-13 01:30:00+00:00,2021-09-13 01:35:00+00:00,2021-09-13 01:35:00+00:00,2021-09-13 04:40:00+00:00,1.1805800000000002,1.1801800000000002,1.1811800000000001,1.1801700000000002,STOP,0.0004,-1.0250000000000536,-1.1500000000000536,-0.41000000000002146
N4_MICRO_BREAKOUT,NEUTRAL,SHORT,2021-09-13 04:45:00+00:00,2021-09-13 04:50:00+00:00,2021-09-13 04:50:00+00:00,2021-09-13 05:25:00+00:00,1.1795499999999999,1.1799499999999998,1.17895,1.17896,TARGET,0.0004,1.474999999999671,1.349999999999671,0.5899999999998684
N3_ANCHOR_REVERSION,NEUTRAL,LONG,2021-09-13 05:30:00+00:00,2021-09-13 05:35:00+00:00,2021-09-13 05:35:00+00:00,2021-09-13 06:20:00+00:00,1.17907,1.17867,1.17967,1.17866,STOP,0.0004,-1.0250000000000536,-1.1500000000000536,-0.41000000000002146
N1_ROLLING_SWEEP_FADE,NEUTRAL,LONG,2021-09-14 00:25:00+00:00,2021-09-14 00:30:00+00:00,2021-09-14 00:30:00+00:00,2021-09-14 01:50:00+00:00,1.1810100000000001,1.1806100000000002,1.18161,1.1806,STOP,0.0004,-1.0250000000000536,-1.1500000000000536,-0.41000000000002146
N1_ROLLING_SWEEP_FADE,NEUTRAL,LONG,2021-09-14 01:50:00+00:00,2021-09-14 01:55:00+00:00,2021-09-14 01:55:00+00:00,2021-09-14 02:20:00+00:00,1.18097,1.1805700000000001,1.18157,1.18156,TARGET,0.0004,1.474999999999671,1.349999999999671,0.5899999999998684
N1_ROLLING_SWEEP_FADE,NEUTRAL,SHORT,2021-09-14 02:50:00+00:00,2021-09-14 02:55:00+00:00,2021-09-14 02:55:00+00:00,2021-09-14 06:00:00+00:00,1.18174,1.18214,1.18114,1.1811500000000001,TARGET,0.0004,1.474999999999671,1.349999999999671,0.5899999999998684
N4_MICRO_BREAKOUT,NEUTRAL,SHORT,2021-09-14 18:20:00+00:00,2021-09-14 18:25:00+00:00,2021-09-14 18:25:00+00:00,2021-09-14 18:35:00+00:00,1.1818899999999999,1.1822899999999998,1.18129,1.1813,TARGET,0.0004,1.474999999999671,1.349999999999671,0.5899999999998684
N1_ROLLING_SWEEP_FADE,NEUTRAL,SHORT,2021-09-15 00:00:00+00:00,2021-09-15 00:05:00+00:00,2021-09-15 00:05:00+00:00,2021-09-15 00:50:00+00:00,1.18018,1.18058,1.17958,1.18059,STOP,0.0004,-1.0250000000000536,-1.1500000000000536,-0.41000000000002146
N1_ROLLING_SWEEP_FADE,NEUTRAL,SHORT,2021-09-15 00:55:00+00:00,2021-09-15 01:00:00+00:00,2021-09-15 01:00:00+00:00,2021-09-15 01:15:00+00:00,1.18051,1.18091,1.17991,1.18092,STOP,0.0004,-1.0250000000000536,-1.1500000000000536,-0.41000000000002146
N1_ROLLING_SWEEP_FADE,NEUTRAL,SHORT,2021-09-15 01:20:00+00:00,2021-09-15 01:25:00+00:00,2021-09-15 01:25:00+00:00,2021-09-15 01:30:00+00:00,1.1806699999999999,1.1810699999999998,1.18007,1.18108,STOP,0.0004,-1.0250000000000536,-1.1500000000000536,-0.41000000000002146
N4_MICRO_BREAKOUT,NEUTRAL,LONG,2021-09-15 01:30:00+00:00,2021-09-15 01:35:00+00:00,2021-09-15 01:35:00+00:00,2021-09-15 02:00:00+00:00,1.1811,1.1807,1.1817,1.18069,STOP,0.0004,-1.0250000000000536,-1.1500000000000536,-0.41000000000002146
N3_ANCHOR_REVERSION,NEUTRAL,LONG,2021-09-16 08:00:00+00:00,2021-09-16 08:05:00+00:00,2021-09-16 08:05:00+00:00,2021-09-16 08:05:00+00:00,1.1785100000000002,1.1781100000000002,1.17911,1.1781000000000001,STOP,0.0004,-1.0250000000000536,-1.1500000000000536,-0.41000000000002146
N4_MICRO_BREAKOUT,NEUTRAL,SHORT,2021-09-16 08:10:00+00:00,2021-09-16 08:15:00+00:00,2021-09-16 08:15:00+00:00,2021-09-16 09:10:00+00:00,1.1776099999999998,1.1780099999999998,1.17701,1.17702,TARGET,0.0004,1.474999999999671,1.349999999999671,0.5899999999998684
N4_MICRO_BREAKOUT,NEUTRAL,SHORT,2021-09-16 09:10:00+00:00,2021-09-16 09:15:00+00:00,2021-09-16 09:15:00+00:00,2021-09-16 09:20:00+00:00,1.17668,1.17708,1.17608,1.17709,STOP,0.0004,-1.0250000000000536,-1.1500000000000536,-0.41000000000002146
N3_ANCHOR_REVERSION,NEUTRAL,LONG,2021-09-16 09:20:00+00:00,2021-09-16 09:25:00+00:00,2021-09-16 09:25:00+00:00,2021-09-16 09:25:00+00:00,1.1774600000000002,1.1770600000000002,1.17806,1.1770500000000002,STOP,0.0004,-1.0250000000000536,-1.1500000000000536,-0.41000000000002146
N1_ROLLING_SWEEP_FADE,NEUTRAL,LONG,2021-09-20 19:20:00+00:00,2021-09-20 19:25:00+00:00,2021-09-20 19:25:00+00:00,2021-09-20 19:55:00+00:00,1.1724400000000001,1.1720400000000002,1.17304,1.17303,TARGET,0.0004,1.474999999999671,1.349999999999671,0.5899999999998684
N1_ROLLING_SWEEP_FADE,NEUTRAL,SHORT,2021-09-20 21:50:00+00:00,2021-09-20 21:55:00+00:00,2021-09-20 21:55:00+00:00,2021-09-21 01:45:00+00:00,1.1727699999999999,1.1731699999999998,1.17217,1.17318,STOP,0.0004,-1.0250000000000536,-1.1500000000000536,-0.41000000000002146
N1_ROLLING_SWEEP_FADE,NEUTRAL,SHORT,2021-09-21 17:00:00+00:00,2021-09-21 17:05:00+00:00,2021-09-21 17:05:00+00:00,2021-09-21 17:50:00+00:00,1.1726299999999998,1.1730299999999998,1.17203,1.17204,TARGET,0.0004,1.474999999999671,1.349999999999671,0.5899999999998684
N4_MICRO_BREAKOUT,NEUTRAL,LONG,2021-09-21 19:40:00+00:00,2021-09-21 19:45:00+00:00,2021-09-21 19:45:00+00:00,2021-09-21 19:55:00+00:00,1.17328,1.1728800000000001,1.17388,1.17287,STOP,0.0004,-1.0250000000000536,-1.1500000000000536,-0.41000000000002146
N1_ROLLING_SWEEP_FADE,NEUTRAL,LONG,2021-09-21 23:55:00+00:00,2021-09-22 00:00:00+00:00,2021-09-22 00:00:00+00:00,2021-09-22 00:40:00+00:00,1.17236,1.1719600000000001,1.17296,1.17195,STOP,0.0004,-1.0250000000000536,-1.1500000000000536,-0.41000000000002146
N4_MICRO_BREAKOUT,NEUTRAL,SHORT,2021-09-22 00:40:00+00:00,2021-09-22 00:45:00+00:00,2021-09-22 00:45:00+00:00,2021-09-22 01:05:00+00:00,1.17187,1.17227,1.17127,1.17228,STOP,0.0004,-1.0250000000000536,-1.1500000000000536,-0.41000000000002146
N3_ANCHOR_REVERSION,NEUTRAL,LONG,2021-09-22 22:00:00+00:00,2021-09-22 22:05:00+00:00,2021-09-22 22:05:00+00:00,2021-09-22 23:35:00+00:00,1.16947,1.16907,1.17007,1.16906,STOP,0.0004,-1.0250000000000536,-1.1500000000000536,-0.41000000000002146
N4_MICRO_BREAKOUT,NEUTRAL,SHORT,2021-09-22 23:40:00+00:00,2021-09-22 23:45:00+00:00,2021-09-22 23:45:00+00:00,2021-09-23 01:40:00+00:00,1.16885,1.16925,1.16825,1.16926,STOP,0.0004,-1.0250000000000536,-1.1500000000000536,-0.41000000000002146
N4_MICRO_BREAKOUT,NEUTRAL,LONG,2021-09-23 02:25:00+00:00,2021-09-23 02:30:00+00:00,2021-09-23 02:30:00+00:00,2021-09-23 03:05:00+00:00,1.16961,1.16921,1.17021,1.1702,TARGET,0.0004,1.474999999999671,1.349999999999671,0.5899999999998684
N4_MICRO_BREAKOUT,NEUTRAL,LONG,2021-09-23 04:55:00+00:00,2021-09-23 05:00:00+00:00,2021-09-23 05:00:00+00:00,2021-09-23 06:30:00+00:00,1.1710200000000002,1.1706200000000002,1.17162,1.17161,TARGET,0.0004,1.474999999999671,1.349999999999671,0.5899999999998684
N4_MICRO_BREAKOUT,NEUTRAL,LONG,2021-09-23 07:00:00+00:00,2021-09-23 07:05:00+00:00,2021-09-23 07:05:00+00:00,2021-09-23 07:15:00+00:00,1.1720300000000001,1.1716300000000002,1.17263,1.17162,STOP,0.0004,-1.0250000000000536,-1.1500000000000536,-0.41000000000002146
N2_ASIA_RANGE_FADE,NEUTRAL,SHORT,2021-09-23 07:35:00+00:00,2021-09-23 07:40:00+00:00,2021-09-23 07:40:00+00:00,2021-09-23 07:40:00+00:00,1.1710399999999999,1.1714399999999998,1.17044,1.1714499999999999,STOP,0.0004,-1.0250000000000536,-1.1500000000000536,-0.41000000000002146
N4_MICRO_BREAKOUT,NEUTRAL,LONG,2021-10-04 14:05:00+00:00,2021-10-04 14:10:00+00:00,2021-10-04 14:10:00+00:00,2021-10-04 14:15:00+00:00,1.1638000000000002,1.1634000000000002,1.1644,1.1633900000000001,STOP,0.0004,-1.0250000000000536,-1.1500000000000536,-0.41000000000002146
N4_MICRO_BREAKOUT,NEUTRAL,LONG,2021-10-04 18:40:00+00:00,2021-10-04 18:45:00+00:00,2021-10-04 18:45:00+00:00,2021-10-04 18:55:00+00:00,1.16274,1.1623400000000002,1.16334,1.16233,STOP,0.0004,-1.0250000000000536,-1.1500000000000536,-0.41000000000002146
N1_ROLLING_SWEEP_FADE,NEUTRAL,LONG,2021-10-04 19:10:00+00:00,2021-10-04 19:15:00+00:00,2021-10-04 19:15:00+00:00,2021-10-04 21:35:00+00:00,1.16199,1.1615900000000001,1.16259,1.16158,STOP,0.0004,-1.0250000000000536,-1.1500000000000536,-0.41000000000002146
N1_ROLLING_SWEEP_FADE,NEUTRAL,LONG,2021-10-04 21:35:00+00:00,2021-10-04 21:40:00+00:00,2021-10-04 21:40:00+00:00,2021-10-05 00:20:00+00:00,1.1619000000000002,1.1615000000000002,1.1625,1.1614900000000001,STOP,0.0004,-1.0250000000000536,-1.1500000000000536,-0.41000000000002146
N4_MICRO_BREAKOUT,NEUTRAL,SHORT,2021-10-05 00:20:00+00:00,2021-10-05 00:25:00+00:00,2021-10-05 00:25:00+00:00,2021-10-05 01:20:00+00:00,1.16147,1.16187,1.16087,1.1608800000000001,TARGET,0.0004,1.474999999999671,1.349999999999671,0.5899999999998684
N4_MICRO_BREAKOUT,NEUTRAL,SHORT,2021-10-05 04:30:00+00:00,2021-10-05 04:35:00+00:00,2021-10-05 04:35:00+00:00,2021-10-05 06:45:00+00:00,1.1595799999999998,1.1599799999999998,1.15898,1.1599899999999999,STOP,0.0004,-1.0250000000000536,-1.1500000000000536,-0.41000000000002146
N1_ROLLING_SWEEP_FADE,NEUTRAL,SHORT,2021-10-05 06:55:00+00:00,2021-10-05 07:00:00+00:00,2021-10-05 07:00:00+00:00,2021-10-05 07:15:00+00:00,1.15986,1.1602599999999998,1.15926,1.16027,STOP,0.0004,-1.0250000000000536,-1.1500000000000536,-0.41000000000002146
N1_ROLLING_SWEEP_FADE,NEUTRAL,SHORT,2021-10-05 07:25:00+00:00,2021-10-05 07:30:00+00:00,2021-10-05 07:30:00+00:00,2021-10-05 07:50:00+00:00,1.16007,1.16047,1.15947,1.15948,TARGET,0.0004,1.474999999999671,1.349999999999671,0.5899999999998684
N4_MICRO_BREAKOUT,NEUTRAL,SHORT,2021-10-13 12:30:00+00:00,2021-10-13 12:35:00+00:00,2021-10-13 12:35:00+00:00,2021-10-13 12:35:00+00:00,1.15444,1.1548399999999999,1.15384,1.15485,STOP,0.0004,-1.0250000000000536,-1.1500000000000536,-0.41000000000002146
N1_ROLLING_SWEEP_FADE,NEUTRAL,LONG,2021-10-13 12:40:00+00:00,2021-10-13 12:45:00+00:00,2021-10-13 12:45:00+00:00,2021-10-13 12:45:00+00:00,1.1544,1.1540000000000001,1.155,1.15399,STOP,0.0004,-1.0250000000000536,-1.1500000000000536,-0.41000000000002146
N4_MICRO_BREAKOUT,NEUTRAL,LONG,2021-10-13 17:05:00+00:00,2021-10-13 17:10:00+00:00,2021-10-13 17:10:00+00:00,2021-10-13 17:25:00+00:00,1.15823,1.1578300000000001,1.15883,1.15882,TARGET,0.0004,1.474999999999671,1.349999999999671,0.5899999999998684
N1_ROLLING_SWEEP_FADE,NEUTRAL,SHORT,2021-10-13 20:55:00+00:00,2021-10-13 21:00:00+00:00,2021-10-13 21:00:00+00:00,2021-10-13 21:00:00+00:00,1.15906,1.15946,1.15846,1.15962,STOP,0.0004,-1.40000000000029,-1.52500000000029,-0.560000000000116
N4_MICRO_BREAKOUT,NEUTRAL,LONG,2021-10-14 00:10:00+00:00,2021-10-14 00:15:00+00:00,2021-10-14 00:15:00+00:00,2021-10-14 00:35:00+00:00,1.1600300000000001,1.1596300000000002,1.16063,1.15962,STOP,0.0004,-1.0250000000000536,-1.1500000000000536,-0.41000000000002146
N1_ROLLING_SWEEP_FADE,NEUTRAL,LONG,2021-10-14 01:25:00+00:00,2021-10-14 01:30:00+00:00,2021-10-14 01:30:00+00:00,2021-10-14 01:40:00+00:00,1.15974,1.15934,1.16034,1.15933,STOP,0.0004,-1.0250000000000536,-1.1500000000000536,-0.41000000000002146
N1_ROLLING_SWEEP_FADE,NEUTRAL,LONG,2021-10-18 13:55:00+00:00,2021-10-18 14:00:00+00:00,2021-10-18 14:00:00+00:00,2021-10-18 14:00:00+00:00,1.16019,1.15979,1.16079,1.15978,STOP,0.0004,-1.0250000000000536,-1.1500000000000536,-0.41000000000002146
N4_MICRO_BREAKOUT,NEUTRAL,SHORT,2021-10-19 14:35:00+00:00,2021-10-19 14:40:00+00:00,2021-10-19 14:40:00+00:00,2021-10-19 14:50:00+00:00,1.16369,1.1640899999999998,1.16309,1.1641,STOP,0.0004,-1.0250000000000536,-1.1500000000000536,-0.41000000000002146
N3_ANCHOR_REVERSION,NEUTRAL,LONG,2021-10-19 20:50:00+00:00,2021-10-19 20:55:00+00:00,2021-10-19 20:55:00+00:00,2021-10-20 00:25:00+00:00,1.1633,1.1629,1.1639,1.16289,STOP,0.0004,-1.0250000000000536,-1.1500000000000536,-0.41000000000002146
N1_ROLLING_SWEEP_FADE,NEUTRAL,LONG,2021-10-20 00:25:00+00:00,2021-10-20 00:30:00+00:00,2021-10-20 00:30:00+00:00,2021-10-20 00:30:00+00:00,1.1632200000000001,1.1628200000000002,1.16382,1.1628100000000001,STOP,0.0004,-1.0250000000000536,-1.1500000000000536,-0.41000000000002146
N1_ROLLING_SWEEP_FADE,NEUTRAL,LONG,2021-10-20 00:35:00+00:00,2021-10-20 00:40:00+00:00,2021-10-20 00:40:00+00:00,2021-10-20 01:05:00+00:00,1.1630800000000001,1.1626800000000002,1.16368,1.16367,TARGET,0.0004,1.474999999999671,1.349999999999671,0.5899999999998684
N4_MICRO_BREAKOUT,NEUTRAL,LONG,2021-10-20 01:20:00+00:00,2021-10-20 01:25:00+00:00,2021-10-20 01:25:00+00:00,2021-10-20 01:45:00+00:00,1.16455,1.16415,1.16515,1.16414,STOP,0.0004,-1.0250000000000536,-1.1500000000000536,-0.41000000000002146
N3_ANCHOR_REVERSION,NEUTRAL,SHORT,2021-10-20 01:45:00+00:00,2021-10-20 01:50:00+00:00,2021-10-20 01:50:00+00:00,2021-10-20 03:45:00+00:00,1.16414,1.16454,1.16354,1.16455,STOP,0.0004,-1.0250000000000536,-1.1500000000000536,-0.41000000000002146
N4_MICRO_BREAKOUT,NEUTRAL,LONG,2021-10-21 00:45:00+00:00,2021-10-21 00:50:00+00:00,2021-10-21 00:50:00+00:00,2021-10-21 02:10:00+00:00,1.16579,1.1653900000000001,1.16639,1.16638,TARGET,0.0004,1.474999999999671,1.349999999999671,0.5899999999998684
N3_ANCHOR_REVERSION,NEUTRAL,SHORT,2021-10-21 02:45:00+00:00,2021-10-21 02:50:00+00:00,2021-10-21 02:50:00+00:00,2021-10-21 04:05:00+00:00,1.1664599999999998,1.1668599999999998,1.16586,1.16587,TARGET,0.0004,1.474999999999671,1.349999999999671,0.5899999999998684
N1_ROLLING_SWEEP_FADE,NEUTRAL,LONG,2021-10-21 10:25:00+00:00,2021-10-21 10:30:00+00:00,2021-10-21 10:30:00+00:00,2021-10-21 11:55:00+00:00,1.1639000000000002,1.1635000000000002,1.1645,1.16449,TARGET,0.0004,1.474999999999671,1.349999999999671,0.5899999999998684
N3_ANCHOR_REVERSION,NEUTRAL,LONG,2021-10-21 20:40:00+00:00,2021-10-21 20:45:00+00:00,2021-10-21 20:45:00+00:00,2021-10-22 01:10:00+00:00,1.16236,1.16196,1.16296,1.16295,TARGET,0.0004,1.474999999999671,1.349999999999671,0.5899999999998684
N1_ROLLING_SWEEP_FADE,NEUTRAL,LONG,2021-10-22 02:30:00+00:00,2021-10-22 02:35:00+00:00,2021-10-22 02:35:00+00:00,2021-10-22 06:00:00+00:00,1.16279,1.16239,1.16339,1.16238,STOP,0.0004,-1.0250000000000536,-1.1500000000000536,-0.41000000000002146
N4_MICRO_BREAKOUT,NEUTRAL,LONG,2021-10-22 19:55:00+00:00,2021-10-22 20:00:00+00:00,2021-10-22 20:00:00+00:00,2021-10-22 20:40:00+00:00,1.16443,1.1640300000000001,1.16503,1.16402,STOP,0.0004,-1.0250000000000536,-1.1500000000000536,-0.41000000000002146
N1_ROLLING_SWEEP_FADE,NEUTRAL,SHORT,2021-10-22 20:55:00+00:00,2021-10-22 21:00:00+00:00,2021-10-24 21:00:00+00:00,2021-10-24 21:00:00+00:00,1.16381,1.16421,1.16321,1.1645,STOP,0.0004,-1.7250000000001986,-1.8500000000001986,-0.6900000000000794
N4_MICRO_BREAKOUT,NEUTRAL,LONG,2021-10-24 22:00:00+00:00,2021-10-24 22:05:00+00:00,2021-10-24 22:05:00+00:00,2021-10-24 23:20:00+00:00,1.1644100000000002,1.1640100000000002,1.16501,1.1640000000000001,STOP,0.0004,-1.0250000000000536,-1.1500000000000536,-0.41000000000002146
N3_ANCHOR_REVERSION,NEUTRAL,LONG,2021-10-24 23:50:00+00:00,2021-10-24 23:55:00+00:00,2021-10-24 23:55:00+00:00,2021-10-25 00:05:00+00:00,1.16388,1.16348,1.16448,1.16447,TARGET,0.0004,1.474999999999671,1.349999999999671,0.5899999999998684
N1_ROLLING_SWEEP_FADE,NEUTRAL,SHORT,2021-10-25 00:05:00+00:00,2021-10-25 00:10:00+00:00,2021-10-25 00:10:00+00:00,2021-10-25 00:10:00+00:00,1.16444,1.1648399999999999,1.16384,1.16485,STOP,0.0004,-1.0250000000000536,-1.1500000000000536,-0.41000000000002146
N3_ANCHOR_REVERSION,NEUTRAL,SHORT,2021-10-25 00:25:00+00:00,2021-10-25 00:30:00+00:00,2021-10-25 00:30:00+00:00,2021-10-25 00:50:00+00:00,1.16437,1.1647699999999999,1.16377,1.16478,STOP,0.0004,-1.0250000000000536,-1.1500000000000536,-0.41000000000002146
N1_ROLLING_SWEEP_FADE,NEUTRAL,SHORT,2021-10-25 03:55:00+00:00,2021-10-25 04:00:00+00:00,2021-10-25 04:00:00+00:00,2021-10-25 05:25:00+00:00,1.1663599999999998,1.1667599999999998,1.16576,1.16577,TARGET,0.0004,1.474999999999671,1.349999999999671,0.5899999999998684
N4_MICRO_BREAKOUT,NEUTRAL,SHORT,2021-10-25 11:35:00+00:00,2021-10-25 11:40:00+00:00,2021-10-25 11:40:00+00:00,2021-10-25 11:40:00+00:00,1.1613,1.1617,1.1607,1.1607100000000001,TARGET,0.0004,1.474999999999671,1.349999999999671,0.5899999999998684
N1_ROLLING_SWEEP_FADE,NEUTRAL,SHORT,2021-10-26 00:00:00+00:00,2021-10-26 00:05:00+00:00,2021-10-26 00:05:00+00:00,2021-10-26 00:20:00+00:00,1.16075,1.16115,1.16015,1.16016,TARGET,0.0004,1.474999999999671,1.349999999999671,0.5899999999998684
N3_ANCHOR_REVERSION,NEUTRAL,LONG,2021-10-26 00:35:00+00:00,2021-10-26 00:40:00+00:00,2021-10-26 00:40:00+00:00,2021-10-26 01:15:00+00:00,1.16018,1.15978,1.16078,1.1607699999999999,TARGET,0.0004,1.474999999999671,1.349999999999671,0.5899999999998684
N1_ROLLING_SWEEP_FADE,NEUTRAL,LONG,2021-10-26 12:00:00+00:00,2021-10-26 12:05:00+00:00,2021-10-26 12:05:00+00:00,2021-10-26 12:25:00+00:00,1.1618000000000002,1.1614000000000002,1.1624,1.1613900000000001,STOP,0.0004,-1.0250000000000536,-1.1500000000000536,-0.41000000000002146
N4_MICRO_BREAKOUT,NEUTRAL,SHORT,2021-10-26 13:30:00+00:00,2021-10-26 13:35:00+00:00,2021-10-26 13:35:00+00:00,2021-10-26 13:35:00+00:00,1.16038,1.16078,1.15978,1.16079,STOP,0.0004,-1.0250000000000536,-1.1500000000000536,-0.41000000000002146
N4_MICRO_BREAKOUT,NEUTRAL,LONG,2021-10-27 00:00:00+00:00,2021-10-27 00:05:00+00:00,2021-10-27 00:05:00+00:00,2021-10-27 04:40:00+00:00,1.15991,1.15951,1.16051,1.1604999999999999,TARGET,0.0004,1.474999999999671,1.349999999999671,0.5899999999998684
N4_MICRO_BREAKOUT,NEUTRAL,LONG,2021-10-27 17:00:00+00:00,2021-10-27 17:05:00+00:00,2021-10-27 17:05:00+00:00,2021-10-27 17:20:00+00:00,1.1615,1.1611,1.1621,1.16109,STOP,0.0004,-1.0250000000000536,-1.1500000000000536,-0.41000000000002146
N4_MICRO_BREAKOUT,NEUTRAL,SHORT,2021-10-27 19:10:00+00:00,2021-10-27 19:15:00+00:00,2021-10-27 19:15:00+00:00,2021-10-27 19:45:00+00:00,1.16022,1.16062,1.15962,1.16063,STOP,0.0004,-1.0250000000000536,-1.1500000000000536,-0.41000000000002146
N4_MICRO_BREAKOUT,NEUTRAL,SHORT,2021-10-27 23:00:00+00:00,2021-10-27 23:05:00+00:00,2021-10-27 23:05:00+00:00,2021-10-28 00:10:00+00:00,1.1600899999999998,1.1604899999999998,1.15949,1.1595,TARGET,0.0004,1.474999999999671,1.349999999999671,0.5899999999998684
N4_MICRO_BREAKOUT,NEUTRAL,SHORT,2021-10-28 00:25:00+00:00,2021-10-28 00:30:00+00:00,2021-10-28 00:30:00+00:00,2021-10-28 01:45:00+00:00,1.1592799999999999,1.1596799999999998,1.15868,1.1596899999999999,STOP,0.0004,-1.0250000000000536,-1.1500000000000536,-0.41000000000002146
N1_ROLLING_SWEEP_FADE,NEUTRAL,SHORT,2021-10-29 18:50:00+00:00,2021-10-29 18:55:00+00:00,2021-10-29 18:55:00+00:00,2021-10-29 19:15:00+00:00,1.15608,1.15648,1.15548,1.1554900000000001,TARGET,0.0004,1.474999999999671,1.349999999999671,0.5899999999998684
N4_MICRO_BREAKOUT,NEUTRAL,SHORT,2021-10-29 19:20:00+00:00,2021-10-29 19:25:00+00:00,2021-10-29 19:25:00+00:00,2021-10-29 19:35:00+00:00,1.15522,1.1556199999999999,1.15462,1.15563,STOP,0.0004,-1.0250000000000536,-1.1500000000000536,-0.41000000000002146
N1_ROLLING_SWEEP_FADE,NEUTRAL,SHORT,2021-10-29 20:55:00+00:00,2021-10-29 21:00:00+00:00,2021-10-31 21:00:00+00:00,2021-10-31 21:00:00+00:00,1.1557499999999998,1.1561499999999998,1.15515,1.1561700000000001,STOP,0.0004,-1.0500000000007725,-1.1750000000007725,-0.420000000000309
N1_ROLLING_SWEEP_FADE,NEUTRAL,SHORT,2021-10-31 22:00:00+00:00,2021-10-31 22:05:00+00:00,2021-10-31 22:05:00+00:00,2021-10-31 23:20:00+00:00,1.1558899999999999,1.1562899999999998,1.15529,1.1562999999999999,STOP,0.0004,-1.0250000000000536,-1.1500000000000536,-0.41000000000002146
N4_MICRO_BREAKOUT,NEUTRAL,SHORT,2021-11-01 00:15:00+00:00,2021-11-01 00:20:00+00:00,2021-11-01 00:20:00+00:00,2021-11-01 00:20:00+00:00,1.15532,1.1557199999999999,1.15472,1.15573,STOP,0.0004,-1.0250000000000536,-1.1500000000000536,-0.41000000000002146
N1_ROLLING_SWEEP_FADE,NEUTRAL,LONG,2021-11-01 00:20:00+00:00,2021-11-01 00:25:00+00:00,2021-11-01 00:25:00+00:00,2021-11-01 00:40:00+00:00,1.15581,1.15541,1.15641,1.1554,STOP,0.0004,-1.0250000000000536,-1.1500000000000536,-0.41000000000002146
N1_ROLLING_SWEEP_FADE,NEUTRAL,LONG,2021-11-01 00:50:00+00:00,2021-11-01 00:55:00+00:00,2021-11-01 00:55:00+00:00,2021-11-01 01:10:00+00:00,1.15537,1.15497,1.15597,1.1559599999999999,TARGET,0.0004,1.474999999999671,1.349999999999671,0.5899999999998684
N1_ROLLING_SWEEP_FADE,NEUTRAL,LONG,2021-11-01 02:55:00+00:00,2021-11-01 03:00:00+00:00,2021-11-01 03:00:00+00:00,2021-11-01 03:50:00+00:00,1.15551,1.15511,1.15611,1.1551,STOP,0.0004,-1.0250000000000536,-1.1500000000000536,-0.41000000000002146
N1_ROLLING_SWEEP_FADE,NEUTRAL,LONG,2021-11-01 23:55:00+00:00,2021-11-02 00:00:00+00:00,2021-11-02 00:00:00+00:00,2021-11-02 00:30:00+00:00,1.1600400000000002,1.1596400000000002,1.1606400000000001,1.1596300000000002,STOP,0.0004,-1.0250000000000536,-1.1500000000000536,-0.41000000000002146
N1_ROLLING_SWEEP_FADE,NEUTRAL,LONG,2021-11-02 00:30:00+00:00,2021-11-02 00:35:00+00:00,2021-11-02 00:35:00+00:00,2021-11-02 04:30:00+00:00,1.1598600000000001,1.1594600000000002,1.16046,1.16045,TARGET,0.0004,1.474999999999671,1.349999999999671,0.5899999999998684
N4_MICRO_BREAKOUT,NEUTRAL,LONG,2021-11-02 04:30:00+00:00,2021-11-02 04:35:00+00:00,2021-11-02 04:35:00+00:00,2021-11-02 06:20:00+00:00,1.16052,1.16012,1.16112,1.16011,STOP,0.0004,-1.0250000000000536,-1.1500000000000536,-0.41000000000002146
N1_ROLLING_SWEEP_FADE,NEUTRAL,LONG,2021-11-02 20:40:00+00:00,2021-11-02 20:45:00+00:00,2021-11-02 20:45:00+00:00,2021-11-02 21:00:00+00:00,1.15802,1.15762,1.15862,1.15761,STOP,0.0004,-1.0250000000000536,-1.1500000000000536,-0.41000000000002146
N1_ROLLING_SWEEP_FADE,NEUTRAL,LONG,2021-11-03 03:55:00+00:00,2021-11-03 04:00:00+00:00,2021-11-03 04:00:00+00:00,2021-11-03 07:00:00+00:00,1.15836,1.15796,1.15896,1.15795,STOP,0.0004,-1.0250000000000536,-1.1500000000000536,-0.41000000000002146
N1_ROLLING_SWEEP_FADE,NEUTRAL,SHORT,2021-11-03 17:55:00+00:00,2021-11-03 18:00:00+00:00,2021-11-03 18:00:00+00:00,2021-11-03 18:00:00+00:00,1.1582299999999999,1.1586299999999998,1.15763,1.15864,STOP,0.0004,-1.0250000000000536,-1.1500000000000536,-0.41000000000002146
N1_ROLLING_SWEEP_FADE,NEUTRAL,LONG,2021-11-04 01:15:00+00:00,2021-11-04 01:20:00+00:00,2021-11-04 01:20:00+00:00,2021-11-04 01:30:00+00:00,1.1612,1.1608,1.1618,1.16079,STOP,0.0004,-1.0250000000000536,-1.1500000000000536,-0.41000000000002146
N4_MICRO_BREAKOUT,NEUTRAL,SHORT,2021-11-04 01:45:00+00:00,2021-11-04 01:50:00+00:00,2021-11-04 01:50:00+00:00,2021-11-04 03:25:00+00:00,1.16045,1.16085,1.15985,1.1598600000000001,TARGET,0.0004,1.474999999999671,1.349999999999671,0.5899999999998684
N1_ROLLING_SWEEP_FADE,NEUTRAL,LONG,2021-11-04 03:35:00+00:00,2021-11-04 03:40:00+00:00,2021-11-04 03:40:00+00:00,2021-11-04 04:55:00+00:00,1.15954,1.15914,1.16014,1.15913,STOP,0.0004,-1.0250000000000536,-1.1500000000000536,-0.41000000000002146
N4_MICRO_BREAKOUT,NEUTRAL,SHORT,2021-11-04 04:55:00+00:00,2021-11-04 05:00:00+00:00,2021-11-04 05:00:00+00:00,2021-11-04 06:05:00+00:00,1.15907,1.15947,1.15847,1.1584800000000002,TARGET,0.0004,1.474999999999671,1.349999999999671,0.5899999999998684
N1_ROLLING_SWEEP_FADE,NEUTRAL,SHORT,2021-11-05 00:00:00+00:00,2021-11-05 00:05:00+00:00,2021-11-05 00:05:00+00:00,2021-11-05 01:20:00+00:00,1.15517,1.15557,1.15457,1.1545800000000002,TARGET,0.0004,1.474999999999671,1.349999999999671,0.5899999999998684
N3_ANCHOR_REVERSION,NEUTRAL,LONG,2021-11-05 03:20:00+00:00,2021-11-05 03:25:00+00:00,2021-11-05 03:25:00+00:00,2021-11-05 04:00:00+00:00,1.1544400000000001,1.1540400000000002,1.15504,1.15503,TARGET,0.0004,1.474999999999671,1.349999999999671,0.5899999999998684
N4_MICRO_BREAKOUT,NEUTRAL,LONG,2021-11-05 19:05:00+00:00,2021-11-05 19:10:00+00:00,2021-11-05 19:10:00+00:00,2021-11-05 19:55:00+00:00,1.1561700000000001,1.1557700000000002,1.15677,1.15676,TARGET,0.0004,1.474999999999671,1.349999999999671,0.5899999999998684
N4_MICRO_BREAKOUT,NEUTRAL,LONG,2021-11-05 19:55:00+00:00,2021-11-05 20:00:00+00:00,2021-11-05 20:00:00+00:00,2021-11-05 20:55:00+00:00,1.1568800000000001,1.1564800000000002,1.15748,1.15647,STOP,0.0004,-1.0250000000000536,-1.1500000000000536,-0.41000000000002146
N4_MICRO_BREAKOUT,NEUTRAL,LONG,2021-11-07 23:05:00+00:00,2021-11-07 23:10:00+00:00,2021-11-07 23:10:00+00:00,2021-11-08 00:40:00+00:00,1.1567,1.1563,1.1573,1.15629,STOP,0.0004,-1.0250000000000536,-1.1500000000000536,-0.41000000000002146
N1_ROLLING_SWEEP_FADE,NEUTRAL,LONG,2021-11-08 01:25:00+00:00,2021-11-08 01:30:00+00:00,2021-11-08 01:30:00+00:00,2021-11-08 01:35:00+00:00,1.15598,1.15558,1.15658,1.15557,STOP,0.0004,-1.0250000000000536,-1.1500000000000536,-0.41000000000002146
N1_ROLLING_SWEEP_FADE,NEUTRAL,LONG,2021-11-08 01:35:00+00:00,2021-11-08 01:40:00+00:00,2021-11-08 01:40:00+00:00,2021-11-08 02:00:00+00:00,1.15575,1.15535,1.15635,1.15534,STOP,0.0004,-1.0250000000000536,-1.1500000000000536,-0.41000000000002146
N1_ROLLING_SWEEP_FADE,NEUTRAL,LONG,2021-11-08 02:15:00+00:00,2021-11-08 02:20:00+00:00,2021-11-08 02:20:00+00:00,2021-11-08 06:00:00+00:00,1.15574,1.15534,1.15634,1.1563299999999999,TARGET,0.0004,1.474999999999671,1.349999999999671,0.5899999999998684
N4_MICRO_BREAKOUT,NEUTRAL,LONG,2021-11-08 06:00:00+00:00,2021-11-08 06:05:00+00:00,2021-11-08 06:05:00+00:00,2021-11-08 07:30:00+00:00,1.1564400000000001,1.1560400000000002,1.15704,1.1560300000000001,STOP,0.0004,-1.0250000000000536,-1.1500000000000536,-0.41000000000002146
N4_MICRO_BREAKOUT,NEUTRAL,LONG,2021-11-09 00:00:00+00:00,2021-11-09 00:05:00+00:00,2021-11-09 00:05:00+00:00,2021-11-09 00:15:00+00:00,1.15903,1.15863,1.15963,1.15862,STOP,0.0004,-1.0250000000000536,-1.1500000000000536,-0.41000000000002146
N4_MICRO_BREAKOUT,NEUTRAL,SHORT,2021-11-09 00:30:00+00:00,2021-11-09 00:35:00+00:00,2021-11-09 00:35:00+00:00,2021-11-09 01:55:00+00:00,1.15839,1.15879,1.15779,1.1578000000000002,TARGET,0.0004,1.474999999999671,1.349999999999671,0.5899999999998684
N1_ROLLING_SWEEP_FADE,NEUTRAL,LONG,2021-11-09 01:55:00+00:00,2021-11-09 02:00:00+00:00,2021-11-09 02:00:00+00:00,2021-11-09 02:00:00+00:00,1.1581000000000001,1.1577000000000002,1.1587,1.15869,TARGET,0.0004,1.474999999999671,1.349999999999671,0.5899999999998684
N1_ROLLING_SWEEP_FADE,NEUTRAL,SHORT,2021-11-09 04:55:00+00:00,2021-11-09 05:00:00+00:00,2021-11-09 05:00:00+00:00,2021-11-09 05:05:00+00:00,1.15967,1.16007,1.15907,1.16008,STOP,0.0004,-1.0250000000000536,-1.1500000000000536,-0.41000000000002146
N1_ROLLING_SWEEP_FADE,NEUTRAL,SHORT,2021-11-10 13:25:00+00:00,2021-11-10 13:30:00+00:00,2021-11-10 13:30:00+00:00,2021-11-10 13:30:00+00:00,1.1556899999999999,1.1560899999999998,1.15509,1.1551,TARGET,0.0004,1.474999999999671,1.349999999999671,0.5899999999998684
N3_ANCHOR_REVERSION,NEUTRAL,LONG,2021-11-10 13:40:00+00:00,2021-11-10 13:45:00+00:00,2021-11-10 13:45:00+00:00,2021-11-10 13:45:00+00:00,1.15501,1.1546100000000001,1.15561,1.1546,STOP,0.0004,-1.0250000000000536,-1.1500000000000536,-0.41000000000002146
N1_ROLLING_SWEEP_FADE,NEUTRAL,SHORT,2021-11-10 13:50:00+00:00,2021-11-10 13:55:00+00:00,2021-11-10 13:55:00+00:00,2021-11-10 13:55:00+00:00,1.15537,1.15577,1.15477,1.15578,STOP,0.0004,-1.0250000000000536,-1.1500000000000536,-0.41000000000002146
N4_MICRO_BREAKOUT,NEUTRAL,SHORT,2021-11-10 18:00:00+00:00,2021-11-10 18:05:00+00:00,2021-11-10 18:05:00+00:00,2021-11-10 18:05:00+00:00,1.15046,1.15086,1.14986,1.1498700000000002,TARGET,0.0004,1.474999999999671,1.349999999999671,0.5899999999998684
N1_ROLLING_SWEEP_FADE,NEUTRAL,SHORT,2021-11-10 23:55:00+00:00,2021-11-11 00:00:00+00:00,2021-11-11 00:00:00+00:00,2021-11-11 01:00:00+00:00,1.14855,1.14895,1.14795,1.14796,TARGET,0.0004,1.474999999999671,1.349999999999671,0.5899999999998684
N3_ANCHOR_REVERSION,NEUTRAL,LONG,2021-11-11 01:10:00+00:00,2021-11-11 01:15:00+00:00,2021-11-11 01:15:00+00:00,2021-11-11 01:30:00+00:00,1.14775,1.14735,1.14835,1.14834,TARGET,0.0004,1.474999999999671,1.349999999999671,0.5899999999998684
N1_ROLLING_SWEEP_FADE,NEUTRAL,LONG,2021-11-11 02:50:00+00:00,2021-11-11 02:55:00+00:00,2021-11-11 02:55:00+00:00,2021-11-11 02:55:00+00:00,1.1472600000000002,1.1468600000000002,1.14786,1.1468500000000001,STOP,0.0004,-1.0250000000000536,-1.1500000000000536,-0.41000000000002146
N4_MICRO_BREAKOUT,NEUTRAL,SHORT,2021-11-11 03:00:00+00:00,2021-11-11 03:05:00+00:00,2021-11-11 03:05:00+00:00,2021-11-11 03:10:00+00:00,1.1465699999999999,1.1469699999999998,1.14597,1.1469799999999999,STOP,0.0004,-1.0250000000000536,-1.1500000000000536,-0.41000000000002146
N3_ANCHOR_REVERSION,NEUTRAL,LONG,2021-11-19 12:00:00+00:00,2021-11-19 12:05:00+00:00,2021-11-19 12:05:00+00:00,2021-11-19 12:25:00+00:00,1.12941,1.12901,1.13001,1.129,STOP,0.0004,-1.0250000000000536,-1.1500000000000536,-0.41000000000002146
N3_ANCHOR_REVERSION,NEUTRAL,LONG,2021-11-19 17:45:00+00:00,2021-11-19 17:50:00+00:00,2021-11-19 17:50:00+00:00,2021-11-19 18:00:00+00:00,1.12985,1.12945,1.13045,1.12944,STOP,0.0004,-1.0250000000000536,-1.1500000000000536,-0.41000000000002146
N3_ANCHOR_REVERSION,NEUTRAL,LONG,2021-11-19 20:45:00+00:00,2021-11-19 20:50:00+00:00,2021-11-19 20:50:00+00:00,2021-11-19 20:55:00+00:00,1.1292,1.1288,1.1298,1.12879,STOP,0.0004,-1.0250000000000536,-1.1500000000000536,-0.41000000000002146
N4_MICRO_BREAKOUT,NEUTRAL,SHORT,2021-11-19 21:55:00+00:00,2021-11-19 22:00:00+00:00,2021-11-21 22:00:00+00:00,2021-11-21 22:00:00+00:00,1.12872,1.12912,1.12812,1.12927,STOP,0.0004,-1.3750000000001261,-1.5000000000001261,-0.5500000000000504
N4_MICRO_BREAKOUT,NEUTRAL,SHORT,2021-11-21 23:00:00+00:00,2021-11-21 23:05:00+00:00,2021-11-21 23:05:00+00:00,2021-11-21 23:05:00+00:00,1.12807,1.1284699999999999,1.12747,1.12848,STOP,0.0004,-1.0250000000000536,-1.1500000000000536,-0.41000000000002146
N4_MICRO_BREAKOUT,NEUTRAL,SHORT,2021-11-21 23:15:00+00:00,2021-11-21 23:20:00+00:00,2021-11-21 23:20:00+00:00,2021-11-22 00:00:00+00:00,1.1276,1.128,1.127,1.12801,STOP,0.0004,-1.0250000000000536,-1.1500000000000536,-0.41000000000002146
N1_ROLLING_SWEEP_FADE,NEUTRAL,SHORT,2021-11-22 00:30:00+00:00,2021-11-22 00:35:00+00:00,2021-11-22 00:35:00+00:00,2021-11-22 00:50:00+00:00,1.12856,1.12896,1.12796,1.1279700000000001,TARGET,0.0004,1.474999999999671,1.349999999999671,0.5899999999998684
N1_ROLLING_SWEEP_FADE,NEUTRAL,SHORT,2021-11-22 01:30:00+00:00,2021-11-22 01:35:00+00:00,2021-11-22 01:35:00+00:00,2021-11-22 01:40:00+00:00,1.12851,1.1289099999999999,1.12791,1.12792,TARGET,0.0004,1.474999999999671,1.349999999999671,0.5899999999998684
N3_ANCHOR_REVERSION,NEUTRAL,LONG,2021-11-22 02:00:00+00:00,2021-11-22 02:05:00+00:00,2021-11-22 02:05:00+00:00,2021-11-22 02:10:00+00:00,1.12769,1.1272900000000001,1.12829,1.12728,STOP,0.0004,-1.0250000000000536,-1.1500000000000536,-0.41000000000002146
N3_ANCHOR_REVERSION,NEUTRAL,LONG,2021-11-22 02:55:00+00:00,2021-11-22 03:00:00+00:00,2021-11-22 03:00:00+00:00,2021-11-22 03:00:00+00:00,1.1272300000000002,1.1268300000000002,1.12783,1.1268200000000002,STOP,0.0004,-1.0250000000000536,-1.1500000000000536,-0.41000000000002146
N1_ROLLING_SWEEP_FADE,NEUTRAL,SHORT,2021-11-23 00:00:00+00:00,2021-11-23 00:05:00+00:00,2021-11-23 00:05:00+00:00,2021-11-23 02:10:00+00:00,1.12412,1.12452,1.12352,1.1235300000000001,TARGET,0.0004,1.474999999999671,1.349999999999671,0.5899999999998684
N1_ROLLING_SWEEP_FADE,NEUTRAL,LONG,2021-11-26 12:20:00+00:00,2021-11-26 12:25:00+00:00,2021-11-26 12:25:00+00:00,2021-11-26 12:40:00+00:00,1.12783,1.1274300000000002,1.12843,1.12842,TARGET,0.0004,1.474999999999671,1.349999999999671,0.5899999999998684
N3_ANCHOR_REVERSION,NEUTRAL,SHORT,2021-11-26 13:00:00+00:00,2021-11-26 13:05:00+00:00,2021-11-26 13:05:00+00:00,2021-11-26 13:05:00+00:00,1.1285699999999999,1.1289699999999998,1.12797,1.1289799999999999,STOP,0.0004,-1.0250000000000536,-1.1500000000000536,-0.41000000000002146
N3_ANCHOR_REVERSION,NEUTRAL,SHORT,2021-11-26 13:20:00+00:00,2021-11-26 13:25:00+00:00,2021-11-26 13:25:00+00:00,2021-11-26 13:25:00+00:00,1.1287,1.1291,1.1281,1.1281100000000002,TARGET,0.0004,1.474999999999671,1.349999999999671,0.5899999999998684
N3_ANCHOR_REVERSION,NEUTRAL,SHORT,2021-11-26 19:25:00+00:00,2021-11-26 19:30:00+00:00,2021-11-26 19:30:00+00:00,2021-11-26 19:30:00+00:00,1.1312099999999998,1.1316099999999998,1.13061,1.1316199999999998,STOP,0.0004,-1.0250000000000536,-1.1500000000000536,-0.41000000000002146
N4_MICRO_BREAKOUT,NEUTRAL,SHORT,2021-11-28 23:05:00+00:00,2021-11-28 23:10:00+00:00,2021-11-28 23:10:00+00:00,2021-11-28 23:10:00+00:00,1.12917,1.12957,1.12857,1.1285800000000001,TARGET,0.0004,1.474999999999671,1.349999999999671,0.5899999999998684
N3_ANCHOR_REVERSION,NEUTRAL,LONG,2021-11-28 23:25:00+00:00,2021-11-28 23:30:00+00:00,2021-11-28 23:30:00+00:00,2021-11-29 00:20:00+00:00,1.1289900000000002,1.1285900000000002,1.12959,1.12958,TARGET,0.0004,1.474999999999671,1.349999999999671,0.5899999999998684
N1_ROLLING_SWEEP_FADE,NEUTRAL,SHORT,2021-11-29 00:20:00+00:00,2021-11-29 00:25:00+00:00,2021-11-29 00:25:00+00:00,2021-11-29 01:05:00+00:00,1.1293499999999999,1.1297499999999998,1.12875,1.12876,TARGET,0.0004,1.474999999999671,1.349999999999671,0.5899999999998684
N3_ANCHOR_REVERSION,NEUTRAL,LONG,2021-11-29 01:25:00+00:00,2021-11-29 01:30:00+00:00,2021-11-29 01:30:00+00:00,2021-11-29 01:55:00+00:00,1.12883,1.12843,1.12943,1.12842,STOP,0.0004,-1.0250000000000536,-1.1500000000000536,-0.41000000000002146
N3_ANCHOR_REVERSION,NEUTRAL,LONG,2021-11-29 02:15:00+00:00,2021-11-29 02:20:00+00:00,2021-11-29 02:20:00+00:00,2021-11-29 02:25:00+00:00,1.12839,1.12799,1.12899,1.12798,STOP,0.0004,-1.0250000000000536,-1.1500000000000536,-0.41000000000002146
N3_ANCHOR_REVERSION,NEUTRAL,LONG,2021-11-29 04:35:00+00:00,2021-11-29 04:40:00+00:00,2021-11-29 04:40:00+00:00,2021-11-29 04:55:00+00:00,1.12779,1.1273900000000001,1.12839,1.12738,STOP,0.0004,-1.0250000000000536,-1.1500000000000536,-0.41000000000002146
N3_ANCHOR_REVERSION,NEUTRAL,SHORT,2021-12-03 19:35:00+00:00,2021-12-03 19:40:00+00:00,2021-12-03 19:40:00+00:00,2021-12-03 20:05:00+00:00,1.1317599999999999,1.1321599999999998,1.13116,1.13117,TARGET,0.0004,1.474999999999671,1.349999999999671,0.5899999999998684
N3_ANCHOR_REVERSION,NEUTRAL,LONG,2021-12-05 23:15:00+00:00,2021-12-05 23:20:00+00:00,2021-12-05 23:20:00+00:00,2021-12-06 00:10:00+00:00,1.13043,1.13003,1.13103,1.13002,STOP,0.0004,-1.0250000000000536,-1.1500000000000536,-0.41000000000002146
N4_MICRO_BREAKOUT,NEUTRAL,SHORT,2021-12-06 00:35:00+00:00,2021-12-06 00:40:00+00:00,2021-12-06 00:40:00+00:00,2021-12-06 01:10:00+00:00,1.12965,1.13005,1.12905,1.1290600000000002,TARGET,0.0004,1.474999999999671,1.349999999999671,0.5899999999998684
N3_ANCHOR_REVERSION,NEUTRAL,LONG,2021-12-06 01:15:00+00:00,2021-12-06 01:20:00+00:00,2021-12-06 01:20:00+00:00,2021-12-06 05:05:00+00:00,1.12911,1.12871,1.12971,1.1287,STOP,0.0004,-1.0250000000000536,-1.1500000000000536,-0.41000000000002146
N3_ANCHOR_REVERSION,NEUTRAL,LONG,2021-12-06 05:15:00+00:00,2021-12-06 05:20:00+00:00,2021-12-06 05:20:00+00:00,2021-12-06 05:55:00+00:00,1.12887,1.12847,1.12947,1.12846,STOP,0.0004,-1.0250000000000536,-1.1500000000000536,-0.41000000000002146
N4_MICRO_BREAKOUT,NEUTRAL,SHORT,2021-12-06 05:55:00+00:00,2021-12-06 06:00:00+00:00,2021-12-06 06:00:00+00:00,2021-12-06 06:05:00+00:00,1.12818,1.12858,1.12758,1.12859,STOP,0.0004,-1.0250000000000536,-1.1500000000000536,-0.41000000000002146
N3_ANCHOR_REVERSION,NEUTRAL,LONG,2021-12-07 01:20:00+00:00,2021-12-07 01:25:00+00:00,2021-12-07 01:25:00+00:00,2021-12-07 02:30:00+00:00,1.12799,1.12759,1.12859,1.12858,TARGET,0.0004,1.474999999999671,1.349999999999671,0.5899999999998684
N4_MICRO_BREAKOUT,NEUTRAL,LONG,2021-12-07 02:30:00+00:00,2021-12-07 02:35:00+00:00,2021-12-07 02:35:00+00:00,2021-12-07 06:25:00+00:00,1.1289600000000002,1.1285600000000002,1.1295600000000001,1.12955,TARGET,0.0004,1.474999999999671,1.349999999999671,0.5899999999998684
N1_ROLLING_SWEEP_FADE,NEUTRAL,SHORT,2021-12-07 09:55:00+00:00,2021-12-07 10:00:00+00:00,2021-12-07 10:00:00+00:00,2021-12-07 10:00:00+00:00,1.12743,1.1278299999999999,1.12683,1.12784,STOP,0.0004,-1.0250000000000536,-1.1500000000000536,-0.41000000000002146
N3_ANCHOR_REVERSION,NEUTRAL,LONG,2021-12-07 11:00:00+00:00,2021-12-07 11:05:00+00:00,2021-12-07 11:05:00+00:00,2021-12-07 11:10:00+00:00,1.1265200000000002,1.1261200000000002,1.1271200000000001,1.1261100000000002,STOP,0.0004,-1.0250000000000536,-1.1500000000000536,-0.41000000000002146
N4_MICRO_BREAKOUT,NEUTRAL,LONG,2021-12-08 15:05:00+00:00,2021-12-08 15:10:00+00:00,2021-12-08 15:10:00+00:00,2021-12-08 15:20:00+00:00,1.1318400000000002,1.1314400000000002,1.1324400000000001,1.13243,TARGET,0.0004,1.474999999999671,1.349999999999671,0.5899999999998684
N1_ROLLING_SWEEP_FADE,NEUTRAL,SHORT,2021-12-08 18:00:00+00:00,2021-12-08 18:05:00+00:00,2021-12-08 18:05:00+00:00,2021-12-08 19:10:00+00:00,1.13455,1.13495,1.13395,1.13496,STOP,0.0004,-1.0250000000000536,-1.1500000000000536,-0.41000000000002146
N3_ANCHOR_REVERSION,NEUTRAL,SHORT,2021-12-08 19:20:00+00:00,2021-12-08 19:25:00+00:00,2021-12-08 19:25:00+00:00,2021-12-08 19:35:00+00:00,1.1347099999999999,1.1351099999999998,1.13411,1.13512,STOP,0.0004,-1.0250000000000536,-1.1500000000000536,-0.41000000000002146
N4_MICRO_BREAKOUT,NEUTRAL,LONG,2021-12-08 20:25:00+00:00,2021-12-08 20:30:00+00:00,2021-12-08 20:30:00+00:00,2021-12-08 20:40:00+00:00,1.13552,1.1351200000000001,1.13612,1.13511,STOP,0.0004,-1.0250000000000536,-1.1500000000000536,-0.41000000000002146
N4_MICRO_BREAKOUT,NEUTRAL,SHORT,2021-12-09 03:00:00+00:00,2021-12-09 03:05:00+00:00,2021-12-09 03:05:00+00:00,2021-12-09 04:00:00+00:00,1.13316,1.13356,1.13256,1.13357,STOP,0.0004,-1.0250000000000536,-1.1500000000000536,-0.41000000000002146
N1_ROLLING_SWEEP_FADE,NEUTRAL,SHORT,2021-12-09 04:25:00+00:00,2021-12-09 04:30:00+00:00,2021-12-09 04:30:00+00:00,2021-12-09 05:55:00+00:00,1.13347,1.13387,1.13287,1.13288,TARGET,0.0004,1.474999999999671,1.349999999999671,0.5899999999998684
N4_MICRO_BREAKOUT,NEUTRAL,SHORT,2021-12-09 05:55:00+00:00,2021-12-09 06:00:00+00:00,2021-12-09 06:00:00+00:00,2021-12-09 06:00:00+00:00,1.1326699999999998,1.1330699999999998,1.13207,1.1330799999999999,STOP,0.0004,-1.0250000000000536,-1.1500000000000536,-0.41000000000002146
N3_ANCHOR_REVERSION,NEUTRAL,LONG,2021-12-09 06:00:00+00:00,2021-12-09 06:05:00+00:00,2021-12-09 06:05:00+00:00,2021-12-09 06:55:00+00:00,1.13315,1.1327500000000001,1.13375,1.13274,STOP,0.0004,-1.0250000000000536,-1.1500000000000536,-0.41000000000002146
N1_ROLLING_SWEEP_FADE,NEUTRAL,SHORT,2021-12-10 00:30:00+00:00,2021-12-10 00:35:00+00:00,2021-12-10 00:35:00+00:00,2021-12-10 01:00:00+00:00,1.12943,1.12983,1.12883,1.12884,TARGET,0.0004,1.474999999999671,1.349999999999671,0.5899999999998684
N1_ROLLING_SWEEP_FADE,NEUTRAL,SHORT,2021-12-10 01:40:00+00:00,2021-12-10 01:45:00+00:00,2021-12-10 01:45:00+00:00,2021-12-10 02:00:00+00:00,1.12941,1.12981,1.12881,1.12982,STOP,0.0004,-1.0250000000000536,-1.1500000000000536,-0.41000000000002146
N4_MICRO_BREAKOUT,NEUTRAL,LONG,2021-12-10 02:55:00+00:00,2021-12-10 03:00:00+00:00,2021-12-10 03:00:00+00:00,2021-12-10 03:10:00+00:00,1.13022,1.12982,1.13082,1.12981,STOP,0.0004,-1.0250000000000536,-1.1500000000000536,-0.41000000000002146
N3_ANCHOR_REVERSION,NEUTRAL,SHORT,2021-12-10 03:35:00+00:00,2021-12-10 03:40:00+00:00,2021-12-10 03:40:00+00:00,2021-12-10 05:50:00+00:00,1.12988,1.13028,1.12928,1.13029,STOP,0.0004,-1.0250000000000536,-1.1500000000000536,-0.41000000000002146
N3_ANCHOR_REVERSION,NEUTRAL,SHORT,2021-12-12 23:40:00+00:00,2021-12-12 23:45:00+00:00,2021-12-12 23:45:00+00:00,2021-12-12 23:50:00+00:00,1.13167,1.13207,1.13107,1.13108,TARGET,0.0004,1.474999999999671,1.349999999999671,0.5899999999998684
N1_ROLLING_SWEEP_FADE,NEUTRAL,LONG,2021-12-13 00:00:00+00:00,2021-12-13 00:05:00+00:00,2021-12-13 00:05:00+00:00,2021-12-13 00:50:00+00:00,1.1312200000000001,1.1308200000000002,1.13182,1.13081,STOP,0.0004,-1.0250000000000536,-1.1500000000000536,-0.41000000000002146
N1_ROLLING_SWEEP_FADE,NEUTRAL,LONG,2021-12-13 01:15:00+00:00,2021-12-13 01:20:00+00:00,2021-12-13 01:20:00+00:00,2021-12-13 01:50:00+00:00,1.1311,1.1307,1.1317,1.13069,STOP,0.0004,-1.0250000000000536,-1.1500000000000536,-0.41000000000002146
N4_MICRO_BREAKOUT,NEUTRAL,SHORT,2021-12-13 01:50:00+00:00,2021-12-13 01:55:00+00:00,2021-12-13 01:55:00+00:00,2021-12-13 02:35:00+00:00,1.13059,1.13099,1.12999,1.1300000000000001,TARGET,0.0004,1.474999999999671,1.349999999999671,0.5899999999998684
N4_MICRO_BREAKOUT,NEUTRAL,SHORT,2021-12-13 02:55:00+00:00,2021-12-13 03:00:00+00:00,2021-12-13 03:00:00+00:00,2021-12-13 03:50:00+00:00,1.1295,1.1299,1.1289,1.12991,STOP,0.0004,-1.0250000000000536,-1.1500000000000536,-0.41000000000002146
N1_ROLLING_SWEEP_FADE,NEUTRAL,SHORT,2021-12-14 11:00:00+00:00,2021-12-14 11:05:00+00:00,2021-12-14 11:05:00+00:00,2021-12-14 11:15:00+00:00,1.1313799999999998,1.1317799999999998,1.13078,1.1317899999999999,STOP,0.0004,-1.0250000000000536,-1.1500000000000536,-0.41000000000002146
N3_ANCHOR_REVERSION,NEUTRAL,SHORT,2021-12-14 11:30:00+00:00,2021-12-14 11:35:00+00:00,2021-12-14 11:35:00+00:00,2021-12-14 11:40:00+00:00,1.1317599999999999,1.1321599999999998,1.13116,1.13217,STOP,0.0004,-1.0250000000000536,-1.1500000000000536,-0.41000000000002146
N1_ROLLING_SWEEP_FADE,NEUTRAL,SHORT,2021-12-14 11:45:00+00:00,2021-12-14 11:50:00+00:00,2021-12-14 11:50:00+00:00,2021-12-14 12:15:00+00:00,1.1321299999999999,1.1325299999999998,1.13153,1.13154,TARGET,0.0004,1.474999999999671,1.349999999999671,0.5899999999998684
N3_ANCHOR_REVERSION,NEUTRAL,SHORT,2021-12-14 12:45:00+00:00,2021-12-14 12:50:00+00:00,2021-12-14 12:50:00+00:00,2021-12-14 13:20:00+00:00,1.13146,1.1318599999999999,1.13086,1.13087,TARGET,0.0004,1.474999999999671,1.349999999999671,0.5899999999998684
N4_MICRO_BREAKOUT,NEUTRAL,LONG,2021-12-15 00:40:00+00:00,2021-12-15 00:45:00+00:00,2021-12-15 00:45:00+00:00,2021-12-15 03:10:00+00:00,1.1264800000000001,1.1260800000000002,1.12708,1.1260700000000001,STOP,0.0004,-1.0250000000000536,-1.1500000000000536,-0.41000000000002146
N3_ANCHOR_REVERSION,NEUTRAL,LONG,2021-12-15 03:50:00+00:00,2021-12-15 03:55:00+00:00,2021-12-15 03:55:00+00:00,2021-12-15 05:05:00+00:00,1.12605,1.12565,1.12665,1.1266399999999999,TARGET,0.0004,1.474999999999671,1.349999999999671,0.5899999999998684
N1_ROLLING_SWEEP_FADE,NEUTRAL,SHORT,2021-12-15 05:15:00+00:00,2021-12-15 05:20:00+00:00,2021-12-15 05:20:00+00:00,2021-12-15 05:40:00+00:00,1.12668,1.1270799999999999,1.12608,1.12709,STOP,0.0004,-1.0250000000000536,-1.1500000000000536,-0.41000000000002146
N1_ROLLING_SWEEP_FADE,NEUTRAL,SHORT,2021-12-15 05:45:00+00:00,2021-12-15 05:50:00+00:00,2021-12-15 05:50:00+00:00,2021-12-15 06:50:00+00:00,1.1270099999999998,1.1274099999999998,1.12641,1.1274199999999999,STOP,0.0004,-1.0250000000000536,-1.1500000000000536,-0.41000000000002146
N1_ROLLING_SWEEP_FADE,NEUTRAL,LONG,2021-12-16 00:25:00+00:00,2021-12-16 00:30:00+00:00,2021-12-16 00:30:00+00:00,2021-12-16 06:45:00+00:00,1.1285100000000001,1.1281100000000002,1.12911,1.1291,TARGET,0.0004,1.474999999999671,1.349999999999671,0.5899999999998684
N4_MICRO_BREAKOUT,NEUTRAL,LONG,2021-12-16 06:50:00+00:00,2021-12-16 06:55:00+00:00,2021-12-16 06:55:00+00:00,2021-12-16 07:15:00+00:00,1.1293300000000002,1.1289300000000002,1.12993,1.12992,TARGET,0.0004,1.474999999999671,1.349999999999671,0.5899999999998684
N4_MICRO_BREAKOUT,NEUTRAL,LONG,2021-12-16 07:15:00+00:00,2021-12-16 07:20:00+00:00,2021-12-16 07:20:00+00:00,2021-12-16 07:40:00+00:00,1.13002,1.12962,1.13062,1.13061,TARGET,0.0004,1.474999999999671,1.349999999999671,0.5899999999998684
N4_MICRO_BREAKOUT,NEUTRAL,LONG,2021-12-16 07:50:00+00:00,2021-12-16 07:55:00+00:00,2021-12-16 07:55:00+00:00,2021-12-16 07:55:00+00:00,1.13121,1.13081,1.13181,1.1308,STOP,0.0004,-1.0250000000000536,-1.1500000000000536,-0.41000000000002146
N1_ROLLING_SWEEP_FADE,NEUTRAL,SHORT,2021-12-17 00:00:00+00:00,2021-12-17 00:05:00+00:00,2021-12-17 00:05:00+00:00,2021-12-17 00:15:00+00:00,1.13286,1.13326,1.13226,1.13327,STOP,0.0004,-1.0250000000000536,-1.1500000000000536,-0.41000000000002146
N4_MICRO_BREAKOUT,NEUTRAL,SHORT,2021-12-17 01:05:00+00:00,2021-12-17 01:10:00+00:00,2021-12-17 01:10:00+00:00,2021-12-17 04:00:00+00:00,1.13263,1.13303,1.13203,1.13304,STOP,0.0004,-1.0250000000000536,-1.1500000000000536,-0.41000000000002146
N4_MICRO_BREAKOUT,NEUTRAL,SHORT,2021-12-17 20:55:00+00:00,2021-12-17 21:00:00+00:00,2021-12-17 21:00:00+00:00,2021-12-17 21:00:00+00:00,1.1236599999999999,1.1240599999999998,1.12306,1.12407,STOP,0.0004,-1.0250000000000536,-1.1500000000000536,-0.41000000000002146
N1_ROLLING_SWEEP_FADE,NEUTRAL,LONG,2021-12-17 21:50:00+00:00,2021-12-17 21:55:00+00:00,2021-12-17 21:55:00+00:00,2021-12-17 21:55:00+00:00,1.12385,1.12345,1.12445,1.1236899999999999,TIME_12H,0.0004,-0.40000000000040004,-0.5250000000004,-0.16000000000016001
N3_ANCHOR_REVERSION,NEUTRAL,LONG,2021-12-19 23:00:00+00:00,2021-12-19 23:05:00+00:00,2021-12-19 23:05:00+00:00,2021-12-19 23:10:00+00:00,1.12405,1.12365,1.12465,1.12364,STOP,0.0004,-1.0250000000000536,-1.1500000000000536,-0.41000000000002146
N4_MICRO_BREAKOUT,NEUTRAL,SHORT,2021-12-19 23:20:00+00:00,2021-12-19 23:25:00+00:00,2021-12-19 23:25:00+00:00,2021-12-19 23:25:00+00:00,1.12348,1.12388,1.12288,1.12389,STOP,0.0004,-1.0250000000000536,-1.1500000000000536,-0.41000000000002146
N3_ANCHOR_REVERSION,NEUTRAL,LONG,2021-12-19 23:25:00+00:00,2021-12-19 23:30:00+00:00,2021-12-19 23:30:00+00:00,2021-12-20 00:10:00+00:00,1.12406,1.12366,1.12466,1.12465,TARGET,0.0004,1.474999999999671,1.349999999999671,0.5899999999998684
N1_ROLLING_SWEEP_FADE,NEUTRAL,SHORT,2021-12-20 00:10:00+00:00,2021-12-20 00:15:00+00:00,2021-12-20 00:15:00+00:00,2021-12-20 00:20:00+00:00,1.12443,1.12483,1.12383,1.12484,STOP,0.0004,-1.0250000000000536,-1.1500000000000536,-0.41000000000002146
N1_ROLLING_SWEEP_FADE,NEUTRAL,SHORT,2021-12-20 00:30:00+00:00,2021-12-20 00:35:00+00:00,2021-12-20 00:35:00+00:00,2021-12-20 00:55:00+00:00,1.12465,1.1250499999999999,1.12405,1.12506,STOP,0.0004,-1.0250000000000536,-1.1500000000000536,-0.41000000000002146
N4_MICRO_BREAKOUT,NEUTRAL,SHORT,2021-12-20 01:25:00+00:00,2021-12-20 01:30:00+00:00,2021-12-20 01:30:00+00:00,2021-12-20 02:30:00+00:00,1.12409,1.12449,1.12349,1.1245,STOP,0.0004,-1.0250000000000536,-1.1500000000000536,-0.41000000000002146
N1_ROLLING_SWEEP_FADE,NEUTRAL,SHORT,2021-12-20 04:55:00+00:00,2021-12-20 05:00:00+00:00,2021-12-20 05:00:00+00:00,2021-12-20 05:55:00+00:00,1.1249099999999999,1.1253099999999998,1.12431,1.1253199999999999,STOP,0.0004,-1.0250000000000536,-1.1500000000000536,-0.41000000000002146
N1_ROLLING_SWEEP_FADE,NEUTRAL,SHORT,2021-12-22 14:25:00+00:00,2021-12-22 14:30:00+00:00,2021-12-22 14:30:00+00:00,2021-12-22 14:40:00+00:00,1.1316899999999999,1.1320899999999998,1.13109,1.1311,TARGET,0.0004,1.474999999999671,1.349999999999671,0.5899999999998684
N4_MICRO_BREAKOUT,NEUTRAL,LONG,2021-12-22 16:00:00+00:00,2021-12-22 16:05:00+00:00,2021-12-22 16:05:00+00:00,2021-12-22 16:05:00+00:00,1.13348,1.13308,1.13408,1.13407,TARGET,0.0004,1.474999999999671,1.349999999999671,0.5899999999998684
N3_ANCHOR_REVERSION,NEUTRAL,SHORT,2021-12-22 16:10:00+00:00,2021-12-22 16:15:00+00:00,2021-12-22 16:15:00+00:00,2021-12-22 16:15:00+00:00,1.13339,1.1337899999999999,1.13279,1.1338,STOP,0.0004,-1.0250000000000536,-1.1500000000000536,-0.41000000000002146
N3_ANCHOR_REVERSION,NEUTRAL,SHORT,2021-12-22 18:45:00+00:00,2021-12-22 18:50:00+00:00,2021-12-22 18:50:00+00:00,2021-12-22 19:55:00+00:00,1.13282,1.13322,1.13222,1.13323,STOP,0.0004,-1.0250000000000536,-1.1500000000000536,-0.41000000000002146
N4_MICRO_BREAKOUT,NEUTRAL,LONG,2021-12-23 00:05:00+00:00,2021-12-23 00:10:00+00:00,2021-12-23 00:10:00+00:00,2021-12-23 00:35:00+00:00,1.1333,1.1329,1.1339,1.1338899999999998,TARGET,0.0004,1.474999999999671,1.349999999999671,0.5899999999998684
N3_ANCHOR_REVERSION,NEUTRAL,SHORT,2021-12-23 00:50:00+00:00,2021-12-23 00:55:00+00:00,2021-12-23 00:55:00+00:00,2021-12-23 01:10:00+00:00,1.1334899999999999,1.1338899999999998,1.13289,1.1339,STOP,0.0004,-1.0250000000000536,-1.1500000000000536,-0.41000000000002146
N4_MICRO_BREAKOUT,NEUTRAL,LONG,2021-12-23 01:55:00+00:00,2021-12-23 02:00:00+00:00,2021-12-23 02:00:00+00:00,2021-12-23 02:05:00+00:00,1.13426,1.13386,1.13486,1.13385,STOP,0.0004,-1.0250000000000536,-1.1500000000000536,-0.41000000000002146
N3_ANCHOR_REVERSION,NEUTRAL,SHORT,2021-12-23 03:50:00+00:00,2021-12-23 03:55:00+00:00,2021-12-23 03:55:00+00:00,2021-12-23 05:20:00+00:00,1.13384,1.13424,1.13324,1.13425,STOP,0.0004,-1.0250000000000536,-1.1500000000000536,-0.41000000000002146
N1_ROLLING_SWEEP_FADE,NEUTRAL,LONG,2021-12-24 00:00:00+00:00,2021-12-24 00:05:00+00:00,2021-12-24 00:05:00+00:00,2021-12-24 00:20:00+00:00,1.1327200000000002,1.1323200000000002,1.13332,1.1323100000000001,STOP,0.0004,-1.0250000000000536,-1.1500000000000536,-0.41000000000002146
N4_MICRO_BREAKOUT,NEUTRAL,LONG,2021-12-24 04:50:00+00:00,2021-12-24 04:55:00+00:00,2021-12-24 04:55:00+00:00,2021-12-24 05:55:00+00:00,1.13332,1.1329200000000001,1.13392,1.13291,STOP,0.0004,-1.0250000000000536,-1.1500000000000536,-0.41000000000002146
N3_ANCHOR_REVERSION,NEUTRAL,SHORT,2021-12-24 08:10:00+00:00,2021-12-24 08:15:00+00:00,2021-12-24 08:15:00+00:00,2021-12-24 08:25:00+00:00,1.1331499999999999,1.1335499999999998,1.13255,1.13356,STOP,0.0004,-1.0250000000000536,-1.1500000000000536,-0.41000000000002146
N4_MICRO_BREAKOUT,NEUTRAL,LONG,2021-12-24 08:30:00+00:00,2021-12-24 08:35:00+00:00,2021-12-24 08:35:00+00:00,2021-12-24 11:50:00+00:00,1.13375,1.13335,1.13435,1.13334,STOP,0.0004,-1.0250000000000536,-1.1500000000000536,-0.41000000000002146
N3_ANCHOR_REVERSION,NEUTRAL,LONG,2021-12-27 04:50:00+00:00,2021-12-27 04:55:00+00:00,2021-12-27 04:55:00+00:00,2021-12-27 05:40:00+00:00,1.13195,1.13155,1.13255,1.13154,STOP,0.0004,-1.0250000000000536,-1.1500000000000536,-0.41000000000002146
N1_ROLLING_SWEEP_FADE,NEUTRAL,LONG,2021-12-27 05:45:00+00:00,2021-12-27 05:50:00+00:00,2021-12-27 05:50:00+00:00,2021-12-27 07:30:00+00:00,1.13164,1.13124,1.13224,1.1322299999999998,TARGET,0.0004,1.474999999999671,1.349999999999671,0.5899999999998684
N1_ROLLING_SWEEP_FADE,NEUTRAL,LONG,2021-12-28 17:55:00+00:00,2021-12-28 18:00:00+00:00,2021-12-28 18:00:00+00:00,2021-12-28 18:00:00+00:00,1.1311200000000001,1.1307200000000002,1.13172,1.13071,STOP,0.0004,-1.0250000000000536,-1.1500000000000536,-0.41000000000002146
N3_ANCHOR_REVERSION,NEUTRAL,LONG,2021-12-28 18:50:00+00:00,2021-12-28 18:55:00+00:00,2021-12-28 18:55:00+00:00,2021-12-28 19:05:00+00:00,1.13036,1.12996,1.13096,1.12995,STOP,0.0004,-1.0250000000000536,-1.1500000000000536,-0.41000000000002146
N4_MICRO_BREAKOUT,NEUTRAL,LONG,2021-12-28 21:00:00+00:00,2021-12-28 21:05:00+00:00,2021-12-28 21:05:00+00:00,2021-12-28 21:30:00+00:00,1.1313900000000001,1.1309900000000002,1.13199,1.13098,STOP,0.0004,-1.0250000000000536,-1.1500000000000536,-0.41000000000002146
N1_ROLLING_SWEEP_FADE,NEUTRAL,LONG,2021-12-29 00:55:00+00:00,2021-12-29 01:00:00+00:00,2021-12-29 01:00:00+00:00,2021-12-29 01:15:00+00:00,1.1310900000000002,1.1306900000000002,1.13169,1.1306800000000001,STOP,0.0004,-1.0250000000000536,-1.1500000000000536,-0.41000000000002146
N4_MICRO_BREAKOUT,NEUTRAL,SHORT,2021-12-29 01:15:00+00:00,2021-12-29 01:20:00+00:00,2021-12-29 01:20:00+00:00,2021-12-29 01:35:00+00:00,1.13045,1.13085,1.12985,1.12986,TARGET,0.0004,1.474999999999671,1.349999999999671,0.5899999999998684
N3_ANCHOR_REVERSION,NEUTRAL,LONG,2021-12-29 01:45:00+00:00,2021-12-29 01:50:00+00:00,2021-12-29 01:50:00+00:00,2021-12-29 02:35:00+00:00,1.13002,1.12962,1.13062,1.13061,TARGET,0.0004,1.474999999999671,1.349999999999671,0.5899999999998684
N1_ROLLING_SWEEP_FADE,NEUTRAL,LONG,2021-12-29 03:55:00+00:00,2021-12-29 04:00:00+00:00,2021-12-29 04:00:00+00:00,2021-12-29 04:40:00+00:00,1.1307,1.1303,1.1313,1.13029,STOP,0.0004,-1.0250000000000536,-1.1500000000000536,-0.41000000000002146
N3_ANCHOR_REVERSION,NEUTRAL,SHORT,2021-12-30 00:00:00+00:00,2021-12-30 00:05:00+00:00,2021-12-30 00:05:00+00:00,2021-12-30 01:20:00+00:00,1.13534,1.13574,1.13474,1.1347500000000001,TARGET,0.0004,1.474999999999671,1.349999999999671,0.5899999999998684
N4_MICRO_BREAKOUT,NEUTRAL,SHORT,2021-12-30 01:30:00+00:00,2021-12-30 01:35:00+00:00,2021-12-30 01:35:00+00:00,2021-12-30 03:55:00+00:00,1.1344699999999999,1.1348699999999998,1.13387,1.13388,TARGET,0.0004,1.474999999999671,1.349999999999671,0.5899999999998684
N4_MICRO_BREAKOUT,NEUTRAL,SHORT,2021-12-30 05:00:00+00:00,2021-12-30 05:05:00+00:00,2021-12-30 05:05:00+00:00,2021-12-30 06:00:00+00:00,1.13312,1.1335199999999999,1.13252,1.13253,TARGET,0.0004,1.474999999999671,1.349999999999671,0.5899999999998684
N1_ROLLING_SWEEP_FADE,NEUTRAL,SHORT,2021-12-30 11:05:00+00:00,2021-12-30 11:10:00+00:00,2021-12-30 11:10:00+00:00,2021-12-30 11:15:00+00:00,1.1317,1.1320999999999999,1.1311,1.13211,STOP,0.0004,-1.0250000000000536,-1.1500000000000536,-0.41000000000002146
N1_ROLLING_SWEEP_FADE,NEUTRAL,LONG,2021-12-31 18:20:00+00:00,2021-12-31 18:25:00+00:00,2021-12-31 18:25:00+00:00,2021-12-31 20:55:00+00:00,1.1380000000000001,1.1376000000000002,1.1386,1.13759,STOP,0.0004,-1.0250000000000536,-1.1500000000000536,-0.41000000000002146
N4_MICRO_BREAKOUT,NEUTRAL,SHORT,2021-12-31 21:55:00+00:00,2021-12-31 22:00:00+00:00,2022-01-02 22:00:00+00:00,2022-01-02 22:00:00+00:00,1.13689,1.13729,1.13629,1.1377700000000002,STOP,0.0004,-2.200000000000535,-2.325000000000535,-0.8800000000002139
N1_ROLLING_SWEEP_FADE,NEUTRAL,LONG,2022-01-02 23:30:00+00:00,2022-01-02 23:35:00+00:00,2022-01-02 23:35:00+00:00,2022-01-03 00:15:00+00:00,1.13731,1.13691,1.13791,1.1369,STOP,0.0004,-1.0250000000000536,-1.1500000000000536,-0.41000000000002146
N4_MICRO_BREAKOUT,NEUTRAL,SHORT,2022-01-03 00:30:00+00:00,2022-01-03 00:35:00+00:00,2022-01-03 00:35:00+00:00,2022-01-03 01:20:00+00:00,1.1361599999999998,1.1365599999999998,1.13556,1.1365699999999999,STOP,0.0004,-1.0250000000000536,-1.1500000000000536,-0.41000000000002146
N3_ANCHOR_REVERSION,NEUTRAL,LONG,2022-01-03 01:50:00+00:00,2022-01-03 01:55:00+00:00,2022-01-03 01:55:00+00:00,2022-01-03 02:05:00+00:00,1.13591,1.13551,1.13651,1.1355,STOP,0.0004,-1.0250000000000536,-1.1500000000000536,-0.41000000000002146
N4_MICRO_BREAKOUT,NEUTRAL,SHORT,2022-01-03 02:05:00+00:00,2022-01-03 02:10:00+00:00,2022-01-03 02:10:00+00:00,2022-01-03 03:35:00+00:00,1.13487,1.13527,1.1342700000000001,1.1342800000000002,TARGET,0.0004,1.474999999999671,1.349999999999671,0.5899999999998684
N4_MICRO_BREAKOUT,NEUTRAL,SHORT,2022-01-03 04:50:00+00:00,2022-01-03 04:55:00+00:00,2022-01-03 04:55:00+00:00,2022-01-03 06:20:00+00:00,1.13392,1.13432,1.13332,1.13433,STOP,0.0004,-1.0250000000000536,-1.1500000000000536,-0.41000000000002146
N4_MICRO_BREAKOUT,NEUTRAL,LONG,2022-01-04 00:00:00+00:00,2022-01-04 00:05:00+00:00,2022-01-04 00:05:00+00:00,2022-01-04 01:45:00+00:00,1.1306,1.1302,1.1312,1.13019,STOP,0.0004,-1.0250000000000536,-1.1500000000000536,-0.41000000000002146
N1_ROLLING_SWEEP_FADE,NEUTRAL,LONG,2022-01-04 01:45:00+00:00,2022-01-04 01:50:00+00:00,2022-01-04 01:50:00+00:00,2022-01-04 02:55:00+00:00,1.1304500000000002,1.1300500000000002,1.13105,1.1300400000000002,STOP,0.0004,-1.0250000000000536,-1.1500000000000536,-0.41000000000002146
N4_MICRO_BREAKOUT,NEUTRAL,SHORT,2022-01-05 19:05:00+00:00,2022-01-05 19:10:00+00:00,2022-01-05 19:10:00+00:00,2022-01-05 19:15:00+00:00,1.13137,1.13177,1.13077,1.13178,STOP,0.0004,-1.0250000000000536,-1.1500000000000536,-0.41000000000002146
N3_ANCHOR_REVERSION,NEUTRAL,LONG,2022-01-05 19:15:00+00:00,2022-01-05 19:20:00+00:00,2022-01-05 19:20:00+00:00,2022-01-05 19:20:00+00:00,1.13198,1.13158,1.13258,1.13157,STOP,0.0004,-1.0250000000000536,-1.1500000000000536,-0.41000000000002146
N3_ANCHOR_REVERSION,NEUTRAL,LONG,2022-01-05 19:25:00+00:00,2022-01-05 19:30:00+00:00,2022-01-05 19:30:00+00:00,2022-01-05 19:30:00+00:00,1.13205,1.13165,1.13265,1.13164,STOP,0.0004,-1.0250000000000536,-1.1500000000000536,-0.41000000000002146
N3_ANCHOR_REVERSION,NEUTRAL,LONG,2022-01-05 19:35:00+00:00,2022-01-05 19:40:00+00:00,2022-01-05 19:40:00+00:00,2022-01-05 19:55:00+00:00,1.13145,1.13105,1.13205,1.13104,STOP,0.0004,-1.0250000000000536,-1.1500000000000536,-0.41000000000002146
N4_MICRO_BREAKOUT,NEUTRAL,SHORT,2022-01-06 00:30:00+00:00,2022-01-06 00:35:00+00:00,2022-01-06 00:35:00+00:00,2022-01-06 01:40:00+00:00,1.13093,1.13133,1.13033,1.13134,STOP,0.0004,-1.0250000000000536,-1.1500000000000536,-0.41000000000002146
N4_MICRO_BREAKOUT,NEUTRAL,LONG,2022-01-06 02:55:00+00:00,2022-01-06 03:00:00+00:00,2022-01-06 03:00:00+00:00,2022-01-06 03:00:00+00:00,1.13198,1.13158,1.13258,1.13157,STOP,0.0004,-1.0250000000000536,-1.1500000000000536,-0.41000000000002146
N3_ANCHOR_REVERSION,NEUTRAL,SHORT,2022-01-06 03:00:00+00:00,2022-01-06 03:05:00+00:00,2022-01-06 03:05:00+00:00,2022-01-06 03:40:00+00:00,1.13164,1.13204,1.13104,1.13105,TARGET,0.0004,1.474999999999671,1.349999999999671,0.5899999999998684
N1_ROLLING_SWEEP_FADE,NEUTRAL,LONG,2022-01-06 03:45:00+00:00,2022-01-06 03:50:00+00:00,2022-01-06 03:50:00+00:00,2022-01-06 05:05:00+00:00,1.13124,1.13084,1.13184,1.13083,STOP,0.0004,-1.0250000000000536,-1.1500000000000536,-0.41000000000002146
N3_ANCHOR_REVERSION,NEUTRAL,SHORT,2022-01-07 20:30:00+00:00,2022-01-07 20:35:00+00:00,2022-01-07 20:35:00+00:00,2022-01-07 21:55:00+00:00,1.1359299999999999,1.1363299999999998,1.13533,1.13634,STOP,0.0004,-1.0250000000000536,-1.1500000000000536,-0.41000000000002146
N4_MICRO_BREAKOUT,NEUTRAL,SHORT,2022-01-09 23:10:00+00:00,2022-01-09 23:15:00+00:00,2022-01-09 23:15:00+00:00,2022-01-09 23:50:00+00:00,1.1352099999999998,1.1356099999999998,1.13461,1.1356199999999999,STOP,0.0004,-1.0250000000000536,-1.1500000000000536,-0.41000000000002146
N4_MICRO_BREAKOUT,NEUTRAL,SHORT,2022-01-10 01:40:00+00:00,2022-01-10 01:45:00+00:00,2022-01-10 01:45:00+00:00,2022-01-10 02:15:00+00:00,1.13539,1.1357899999999999,1.13479,1.1348,TARGET,0.0004,1.474999999999671,1.349999999999671,0.5899999999998684
N4_MICRO_BREAKOUT,NEUTRAL,SHORT,2022-01-10 02:15:00+00:00,2022-01-10 02:20:00+00:00,2022-01-10 02:20:00+00:00,2022-01-10 02:55:00+00:00,1.13465,1.13505,1.13405,1.13406,TARGET,0.0004,1.474999999999671,1.349999999999671,0.5899999999998684
N4_MICRO_BREAKOUT,NEUTRAL,SHORT,2022-01-10 02:55:00+00:00,2022-01-10 03:00:00+00:00,2022-01-10 03:00:00+00:00,2022-01-10 05:30:00+00:00,1.13394,1.13434,1.13334,1.13335,TARGET,0.0004,1.474999999999671,1.349999999999671,0.5899999999998684
N3_ANCHOR_REVERSION,NEUTRAL,LONG,2022-01-10 05:50:00+00:00,2022-01-10 05:55:00+00:00,2022-01-10 05:55:00+00:00,2022-01-10 06:05:00+00:00,1.13355,1.13315,1.13415,1.13314,STOP,0.0004,-1.0250000000000536,-1.1500000000000536,-0.41000000000002146
N4_MICRO_BREAKOUT,NEUTRAL,LONG,2022-01-11 00:20:00+00:00,2022-01-11 00:25:00+00:00,2022-01-11 00:25:00+00:00,2022-01-11 01:25:00+00:00,1.1334000000000002,1.1330000000000002,1.1340000000000001,1.13399,TARGET,0.0004,1.474999999999671,1.349999999999671,0.5899999999998684
N4_MICRO_BREAKOUT,NEUTRAL,LONG,2022-01-11 01:25:00+00:00,2022-01-11 01:30:00+00:00,2022-01-11 01:30:00+00:00,2022-01-11 01:45:00+00:00,1.13412,1.13372,1.13472,1.13371,STOP,0.0004,-1.0250000000000536,-1.1500000000000536,-0.41000000000002146
N3_ANCHOR_REVERSION,NEUTRAL,SHORT,2022-01-11 01:45:00+00:00,2022-01-11 01:50:00+00:00,2022-01-11 01:50:00+00:00,2022-01-11 02:15:00+00:00,1.13374,1.13414,1.13314,1.13415,STOP,0.0004,-1.0250000000000536,-1.1500000000000536,-0.41000000000002146
N3_ANCHOR_REVERSION,NEUTRAL,SHORT,2022-01-11 02:35:00+00:00,2022-01-11 02:40:00+00:00,2022-01-11 02:40:00+00:00,2022-01-11 05:50:00+00:00,1.13407,1.1344699999999999,1.13347,1.13448,STOP,0.0004,-1.0250000000000536,-1.1500000000000536,-0.41000000000002146
N4_MICRO_BREAKOUT,NEUTRAL,LONG,2022-01-12 00:00:00+00:00,2022-01-12 00:05:00+00:00,2022-01-12 00:05:00+00:00,2022-01-12 00:25:00+00:00,1.13725,1.1368500000000001,1.13785,1.13684,STOP,0.0004,-1.0250000000000536,-1.1500000000000536,-0.41000000000002146
N3_ANCHOR_REVERSION,NEUTRAL,SHORT,2022-01-12 00:55:00+00:00,2022-01-12 01:00:00+00:00,2022-01-12 01:00:00+00:00,2022-01-12 03:10:00+00:00,1.13706,1.13746,1.13646,1.13747,STOP,0.0004,-1.0250000000000536,-1.1500000000000536,-0.41000000000002146
N1_ROLLING_SWEEP_FADE,NEUTRAL,LONG,2022-01-12 04:35:00+00:00,2022-01-12 04:40:00+00:00,2022-01-12 04:40:00+00:00,2022-01-12 06:50:00+00:00,1.1374300000000002,1.1370300000000002,1.13803,1.1370200000000001,STOP,0.0004,-1.0250000000000536,-1.1500000000000536,-0.41000000000002146
N1_ROLLING_SWEEP_FADE,NEUTRAL,LONG,2022-01-12 19:00:00+00:00,2022-01-12 19:05:00+00:00,2022-01-12 19:05:00+00:00,2022-01-12 19:30:00+00:00,1.1441400000000002,1.1437400000000002,1.14474,1.14473,TARGET,0.0004,1.474999999999671,1.349999999999671,0.5899999999998684
N4_MICRO_BREAKOUT,NEUTRAL,SHORT,2022-01-12 23:55:00+00:00,2022-01-13 00:00:00+00:00,2022-01-13 00:00:00+00:00,2022-01-13 00:00:00+00:00,1.1439199999999998,1.1443199999999998,1.14332,1.1443299999999998,STOP,0.0004,-1.0250000000000536,-1.1500000000000536,-0.41000000000002146
N1_ROLLING_SWEEP_FADE,NEUTRAL,LONG,2022-01-13 00:00:00+00:00,2022-01-13 00:05:00+00:00,2022-01-13 00:05:00+00:00,2022-01-13 00:25:00+00:00,1.1444800000000002,1.1440800000000002,1.14508,1.1440700000000001,STOP,0.0004,-1.0250000000000536,-1.1500000000000536,-0.41000000000002146
N4_MICRO_BREAKOUT,NEUTRAL,SHORT,2022-01-13 01:50:00+00:00,2022-01-13 01:55:00+00:00,2022-01-13 01:55:00+00:00,2022-01-13 02:05:00+00:00,1.14374,1.14414,1.14314,1.14415,STOP,0.0004,-1.0250000000000536,-1.1500000000000536,-0.41000000000002146
N1_ROLLING_SWEEP_FADE,NEUTRAL,SHORT,2022-01-13 02:20:00+00:00,2022-01-13 02:25:00+00:00,2022-01-13 02:25:00+00:00,2022-01-13 03:10:00+00:00,1.14432,1.14472,1.14372,1.1437300000000001,TARGET,0.0004,1.474999999999671,1.349999999999671,0.5899999999998684
N4_MICRO_BREAKOUT,NEUTRAL,SHORT,2022-01-14 21:55:00+00:00,2022-01-14 22:00:00+00:00,2022-01-16 22:00:00+00:00,2022-01-16 22:00:00+00:00,1.14117,1.14157,1.14057,1.1420700000000001,STOP,0.0004,-2.2500000000003073,-2.3750000000003073,-0.9000000000001229
N1_ROLLING_SWEEP_FADE,NEUTRAL,SHORT,2022-01-16 23:00:00+00:00,2022-01-16 23:05:00+00:00,2022-01-16 23:05:00+00:00,2022-01-16 23:40:00+00:00,1.14097,1.14137,1.14037,1.14138,STOP,0.0004,-1.0250000000000536,-1.1500000000000536,-0.41000000000002146
N4_MICRO_BREAKOUT,NEUTRAL,SHORT,2022-01-17 00:00:00+00:00,2022-01-17 00:05:00+00:00,2022-01-17 00:05:00+00:00,2022-01-17 00:50:00+00:00,1.1405399999999999,1.1409399999999998,1.13994,1.14095,STOP,0.0004,-1.0250000000000536,-1.1500000000000536,-0.41000000000002146
N1_ROLLING_SWEEP_FADE,NEUTRAL,SHORT,2022-01-17 02:55:00+00:00,2022-01-17 03:00:00+00:00,2022-01-17 03:00:00+00:00,2022-01-17 03:45:00+00:00,1.14157,1.14197,1.14097,1.14198,STOP,0.0004,-1.0250000000000536,-1.1500000000000536,-0.41000000000002146
N3_ANCHOR_REVERSION,NEUTRAL,SHORT,2022-01-17 04:25:00+00:00,2022-01-17 04:30:00+00:00,2022-01-17 04:30:00+00:00,2022-01-17 04:35:00+00:00,1.1416199999999999,1.1420199999999998,1.14102,1.1420299999999999,STOP,0.0004,-1.0250000000000536,-1.1500000000000536,-0.41000000000002146
N3_ANCHOR_REVERSION,NEUTRAL,SHORT,2022-01-17 04:50:00+00:00,2022-01-17 04:55:00+00:00,2022-01-17 04:55:00+00:00,2022-01-17 05:55:00+00:00,1.1419,1.1422999999999999,1.1413,1.14231,STOP,0.0004,-1.0250000000000536,-1.1500000000000536,-0.41000000000002146
N1_ROLLING_SWEEP_FADE,NEUTRAL,SHORT,2022-01-18 00:00:00+00:00,2022-01-18 00:05:00+00:00,2022-01-18 00:05:00+00:00,2022-01-18 00:15:00+00:00,1.1408399999999999,1.1412399999999998,1.14024,1.1412499999999999,STOP,0.0004,-1.0250000000000536,-1.1500000000000536,-0.41000000000002146
N4_MICRO_BREAKOUT,NEUTRAL,LONG,2022-01-18 00:15:00+00:00,2022-01-18 00:20:00+00:00,2022-01-18 00:20:00+00:00,2022-01-18 01:20:00+00:00,1.14138,1.14098,1.14198,1.14197,TARGET,0.0004,1.474999999999671,1.349999999999671,0.5899999999998684
N1_ROLLING_SWEEP_FADE,NEUTRAL,SHORT,2022-01-18 01:20:00+00:00,2022-01-18 01:25:00+00:00,2022-01-18 01:25:00+00:00,2022-01-18 03:10:00+00:00,1.1417899999999999,1.1421899999999998,1.14119,1.1421999999999999,STOP,0.0004,-1.0250000000000536,-1.1500000000000536,-0.41000000000002146
N4_MICRO_BREAKOUT,NEUTRAL,SHORT,2022-01-18 13:00:00+00:00,2022-01-18 13:05:00+00:00,2022-01-18 13:05:00+00:00,2022-01-18 13:10:00+00:00,1.13781,1.13821,1.13721,1.1372200000000001,TARGET,0.0004,1.474999999999671,1.349999999999671,0.5899999999998684
N4_MICRO_BREAKOUT,NEUTRAL,LONG,2022-01-21 05:40:00+00:00,2022-01-21 05:45:00+00:00,2022-01-21 05:45:00+00:00,2022-01-21 07:10:00+00:00,1.13267,1.13227,1.13327,1.13326,TARGET,0.0004,1.474999999999671,1.349999999999671,0.5899999999998684
N4_MICRO_BREAKOUT,NEUTRAL,LONG,2022-01-21 07:10:00+00:00,2022-01-21 07:15:00+00:00,2022-01-21 07:15:00+00:00,2022-01-21 07:40:00+00:00,1.13335,1.1329500000000001,1.13395,1.13294,STOP,0.0004,-1.0250000000000536,-1.1500000000000536,-0.41000000000002146
N3_ANCHOR_REVERSION,NEUTRAL,LONG,2022-01-24 06:00:00+00:00,2022-01-24 06:05:00+00:00,2022-01-24 06:05:00+00:00,2022-01-24 06:05:00+00:00,1.1322100000000002,1.1318100000000002,1.13281,1.1318000000000001,STOP,0.0004,-1.0250000000000536,-1.1500000000000536,-0.41000000000002146
N2_ASIA_RANGE_FADE,NEUTRAL,LONG,2022-01-24 06:15:00+00:00,2022-01-24 06:20:00+00:00,2022-01-24 06:20:00+00:00,2022-01-24 06:25:00+00:00,1.1318700000000002,1.1314700000000002,1.13247,1.1314600000000001,STOP,0.0004,-1.0250000000000536,-1.1500000000000536,-0.41000000000002146
N2_ASIA_RANGE_FADE,NEUTRAL,LONG,2022-01-24 06:30:00+00:00,2022-01-24 06:35:00+00:00,2022-01-24 06:35:00+00:00,2022-01-24 07:25:00+00:00,1.13188,1.13148,1.13248,1.1324699999999999,TARGET,0.0004,1.474999999999671,1.349999999999671,0.5899999999998684
N4_MICRO_BREAKOUT,NEUTRAL,SHORT,2022-01-24 12:55:00+00:00,2022-01-24 13:00:00+00:00,2022-01-24 13:00:00+00:00,2022-01-24 13:05:00+00:00,1.12974,1.13014,1.12914,1.13015,STOP,0.0004,-1.0250000000000536,-1.1500000000000536,-0.41000000000002146
N4_MICRO_BREAKOUT,NEUTRAL,SHORT,2022-01-25 00:00:00+00:00,2022-01-25 00:05:00+00:00,2022-01-25 00:05:00+00:00,2022-01-25 02:25:00+00:00,1.1320599999999998,1.1324599999999998,1.13146,1.13147,TARGET,0.0004,1.474999999999671,1.349999999999671,0.5899999999998684
N1_ROLLING_SWEEP_FADE,NEUTRAL,LONG,2022-01-25 11:40:00+00:00,2022-01-25 11:45:00+00:00,2022-01-25 11:45:00+00:00,2022-01-25 11:45:00+00:00,1.12769,1.1272900000000001,1.12829,1.12728,STOP,0.0004,-1.0250000000000536,-1.1500000000000536,-0.41000000000002146
N3_ANCHOR_REVERSION,NEUTRAL,LONG,2022-01-25 13:00:00+00:00,2022-01-25 13:05:00+00:00,2022-01-25 13:05:00+00:00,2022-01-25 13:10:00+00:00,1.1271900000000001,1.1267900000000002,1.12779,1.1267800000000001,STOP,0.0004,-1.0250000000000536,-1.1500000000000536,-0.41000000000002146
N3_ANCHOR_REVERSION,NEUTRAL,LONG,2022-01-25 13:20:00+00:00,2022-01-25 13:25:00+00:00,2022-01-25 13:25:00+00:00,2022-01-25 13:50:00+00:00,1.12752,1.1271200000000001,1.12812,1.12711,STOP,0.0004,-1.0250000000000536,-1.1500000000000536,-0.41000000000002146
N3_ANCHOR_REVERSION,NEUTRAL,SHORT,2022-01-25 23:55:00+00:00,2022-01-26 00:00:00+00:00,2022-01-26 00:00:00+00:00,2022-01-26 02:00:00+00:00,1.1302699999999999,1.1306699999999998,1.12967,1.13068,STOP,0.0004,-1.0250000000000536,-1.1500000000000536,-0.41000000000002146
N1_ROLLING_SWEEP_FADE,NEUTRAL,SHORT,2022-01-26 05:55:00+00:00,2022-01-26 06:00:00+00:00,2022-01-26 06:00:00+00:00,2022-01-26 06:45:00+00:00,1.13044,1.1308399999999998,1.12984,1.12985,TARGET,0.0004,1.474999999999671,1.349999999999671,0.5899999999998684
N4_MICRO_BREAKOUT,NEUTRAL,SHORT,2022-01-26 06:50:00+00:00,2022-01-26 06:55:00+00:00,2022-01-26 06:55:00+00:00,2022-01-26 07:30:00+00:00,1.1296,1.13,1.129,1.12901,TARGET,0.0004,1.474999999999671,1.349999999999671,0.5899999999998684
N1_ROLLING_SWEEP_FADE,NEUTRAL,LONG,2022-01-26 07:30:00+00:00,2022-01-26 07:35:00+00:00,2022-01-26 07:35:00+00:00,2022-01-26 08:00:00+00:00,1.12924,1.12884,1.12984,1.12883,STOP,0.0004,-1.0250000000000536,-1.1500000000000536,-0.41000000000002146
N4_MICRO_BREAKOUT,NEUTRAL,SHORT,2022-01-28 00:10:00+00:00,2022-01-28 00:15:00+00:00,2022-01-28 00:15:00+00:00,2022-01-28 00:25:00+00:00,1.11384,1.11424,1.11324,1.11425,STOP,0.0004,-1.0250000000000536,-1.1500000000000536,-0.41000000000002146
N1_ROLLING_SWEEP_FADE,NEUTRAL,SHORT,2022-01-28 01:00:00+00:00,2022-01-28 01:05:00+00:00,2022-01-28 01:05:00+00:00,2022-01-28 02:00:00+00:00,1.11456,1.11496,1.11396,1.11497,STOP,0.0004,-1.0250000000000536,-1.1500000000000536,-0.41000000000002146
N1_ROLLING_SWEEP_FADE,NEUTRAL,LONG,2022-01-28 20:00:00+00:00,2022-01-28 20:05:00+00:00,2022-01-28 20:05:00+00:00,2022-01-28 20:20:00+00:00,1.11457,1.11417,1.11517,1.11416,STOP,0.0004,-1.0250000000000536,-1.1500000000000536,-0.41000000000002146
N1_ROLLING_SWEEP_FADE,NEUTRAL,SHORT,2022-01-31 19:50:00+00:00,2022-01-31 19:55:00+00:00,2022-01-31 19:55:00+00:00,2022-01-31 19:55:00+00:00,1.12405,1.12445,1.12345,1.12446,STOP,0.0004,-1.0250000000000536,-1.1500000000000536,-0.41000000000002146
N3_ANCHOR_REVERSION,NEUTRAL,SHORT,2022-01-31 20:35:00+00:00,2022-01-31 20:40:00+00:00,2022-01-31 20:40:00+00:00,2022-01-31 20:55:00+00:00,1.12401,1.12441,1.12341,1.12342,TARGET,0.0004,1.474999999999671,1.349999999999671,0.5899999999998684
N1_ROLLING_SWEEP_FADE,NEUTRAL,LONG,2022-01-31 22:45:00+00:00,2022-01-31 22:50:00+00:00,2022-01-31 22:50:00+00:00,2022-01-31 23:40:00+00:00,1.12332,1.1229200000000001,1.12392,1.12291,STOP,0.0004,-1.0250000000000536,-1.1500000000000536,-0.41000000000002146
N1_ROLLING_SWEEP_FADE,NEUTRAL,LONG,2022-01-31 23:40:00+00:00,2022-01-31 23:45:00+00:00,2022-01-31 23:45:00+00:00,2022-02-01 00:00:00+00:00,1.12322,1.1228200000000002,1.12382,1.12281,STOP,0.0004,-1.0250000000000536,-1.1500000000000536,-0.41000000000002146
N1_ROLLING_SWEEP_FADE,NEUTRAL,LONG,2022-02-01 00:00:00+00:00,2022-02-01 00:05:00+00:00,2022-02-01 00:05:00+00:00,2022-02-01 00:15:00+00:00,1.1230600000000002,1.1226600000000002,1.12366,1.1226500000000001,STOP,0.0004,-1.0250000000000536,-1.1500000000000536,-0.41000000000002146
N4_MICRO_BREAKOUT,NEUTRAL,SHORT,2022-02-01 00:15:00+00:00,2022-02-01 00:20:00+00:00,2022-02-01 00:20:00+00:00,2022-02-01 02:35:00+00:00,1.1226699999999998,1.1230699999999998,1.12207,1.1230799999999999,STOP,0.0004,-1.0250000000000536,-1.1500000000000536,-0.41000000000002146
N3_ANCHOR_REVERSION,NEUTRAL,SHORT,2022-02-01 03:25:00+00:00,2022-02-01 03:30:00+00:00,2022-02-01 03:30:00+00:00,2022-02-01 04:00:00+00:00,1.12313,1.12353,1.12253,1.12354,STOP,0.0004,-1.0250000000000536,-1.1500000000000536,-0.41000000000002146
N4_MICRO_BREAKOUT,NEUTRAL,LONG,2022-02-01 04:00:00+00:00,2022-02-01 04:05:00+00:00,2022-02-01 04:05:00+00:00,2022-02-01 04:40:00+00:00,1.12352,1.1231200000000001,1.12412,1.12411,TARGET,0.0004,1.474999999999671,1.349999999999671,0.5899999999998684
N3_ANCHOR_REVERSION,NEUTRAL,SHORT,2022-02-03 19:20:00+00:00,2022-02-03 19:25:00+00:00,2022-02-03 19:25:00+00:00,2022-02-03 19:40:00+00:00,1.14401,1.14441,1.14341,1.14342,TARGET,0.0004,1.474999999999671,1.349999999999671,0.5899999999998684
N1_ROLLING_SWEEP_FADE,NEUTRAL,LONG,2022-02-03 19:45:00+00:00,2022-02-03 19:50:00+00:00,2022-02-03 19:50:00+00:00,2022-02-03 19:50:00+00:00,1.14342,1.1430200000000001,1.14402,1.14301,STOP,0.0004,-1.0250000000000536,-1.1500000000000536,-0.41000000000002146
N1_ROLLING_SWEEP_FADE,NEUTRAL,SHORT,2022-02-03 23:00:00+00:00,2022-02-03 23:05:00+00:00,2022-02-03 23:05:00+00:00,2022-02-03 23:15:00+00:00,1.14363,1.1440299999999999,1.14303,1.14404,STOP,0.0004,-1.0250000000000536,-1.1500000000000536,-0.41000000000002146
N4_MICRO_BREAKOUT,NEUTRAL,LONG,2022-02-04 00:30:00+00:00,2022-02-04 00:35:00+00:00,2022-02-04 00:35:00+00:00,2022-02-04 01:00:00+00:00,1.14402,1.14362,1.14462,1.14461,TARGET,0.0004,1.474999999999671,1.349999999999671,0.5899999999998684
N1_ROLLING_SWEEP_FADE,NEUTRAL,SHORT,2022-02-04 01:10:00+00:00,2022-02-04 01:15:00+00:00,2022-02-04 01:15:00+00:00,2022-02-04 01:30:00+00:00,1.14483,1.14523,1.14423,1.14524,STOP,0.0004,-1.0250000000000536,-1.1500000000000536,-0.41000000000002146
N3_ANCHOR_REVERSION,NEUTRAL,SHORT,2022-02-04 01:35:00+00:00,2022-02-04 01:40:00+00:00,2022-02-04 01:40:00+00:00,2022-02-04 01:50:00+00:00,1.14483,1.14523,1.14423,1.14524,STOP,0.0004,-1.0250000000000536,-1.1500000000000536,-0.41000000000002146
N1_ROLLING_SWEEP_FADE,NEUTRAL,SHORT,2022-02-04 02:15:00+00:00,2022-02-04 02:20:00+00:00,2022-02-04 02:20:00+00:00,2022-02-04 02:40:00+00:00,1.1453,1.1457,1.1447,1.14571,STOP,0.0004,-1.0250000000000536,-1.1500000000000536,-0.41000000000002146
N4_MICRO_BREAKOUT,NEUTRAL,SHORT,2022-02-04 21:55:00+00:00,2022-02-04 22:00:00+00:00,2022-02-06 22:00:00+00:00,2022-02-06 22:00:00+00:00,1.14637,1.1467699999999998,1.14577,1.1467800000000001,STOP,0.0004,-1.0250000000006088,-1.1500000000006088,-0.4100000000002435
N4_MICRO_BREAKOUT,NEUTRAL,SHORT,2022-02-07 00:15:00+00:00,2022-02-07 00:20:00+00:00,2022-02-07 00:20:00+00:00,2022-02-07 00:40:00+00:00,1.1451,1.1455,1.1445,1.14551,STOP,0.0004,-1.0250000000000536,-1.1500000000000536,-0.41000000000002146
N1_ROLLING_SWEEP_FADE,NEUTRAL,LONG,2022-02-07 01:00:00+00:00,2022-02-07 01:05:00+00:00,2022-02-07 01:05:00+00:00,2022-02-07 01:05:00+00:00,1.1453600000000002,1.1449600000000002,1.14596,1.1449500000000001,STOP,0.0004,-1.0250000000000536,-1.1500000000000536,-0.41000000000002146
N4_MICRO_BREAKOUT,NEUTRAL,SHORT,2022-02-07 01:05:00+00:00,2022-02-07 01:10:00+00:00,2022-02-07 01:10:00+00:00,2022-02-07 01:15:00+00:00,1.14432,1.14472,1.14372,1.14473,STOP,0.0004,-1.0250000000000536,-1.1500000000000536,-0.41000000000002146
N3_ANCHOR_REVERSION,NEUTRAL,LONG,2022-02-07 01:20:00+00:00,2022-02-07 01:25:00+00:00,2022-02-07 01:25:00+00:00,2022-02-07 01:40:00+00:00,1.14463,1.14423,1.14523,1.14422,STOP,0.0004,-1.0250000000000536,-1.1500000000000536,-0.41000000000002146
N1_ROLLING_SWEEP_FADE,NEUTRAL,LONG,2022-02-08 12:55:00+00:00,2022-02-08 13:00:00+00:00,2022-02-08 13:00:00+00:00,2022-02-08 13:00:00+00:00,1.14185,1.14145,1.14245,1.14144,STOP,0.0004,-1.0250000000000536,-1.1500000000000536,-0.41000000000002146
N4_MICRO_BREAKOUT,NEUTRAL,SHORT,2022-02-08 13:05:00+00:00,2022-02-08 13:10:00+00:00,2022-02-08 13:10:00+00:00,2022-02-08 13:20:00+00:00,1.1406999999999998,1.1410999999999998,1.1401,1.14011,TARGET,0.0004,1.474999999999671,1.349999999999671,0.5899999999998684
N1_ROLLING_SWEEP_FADE,NEUTRAL,LONG,2022-02-09 14:25:00+00:00,2022-02-09 14:30:00+00:00,2022-02-09 14:30:00+00:00,2022-02-09 14:30:00+00:00,1.14308,1.1426800000000001,1.14368,1.14267,STOP,0.0004,-1.0250000000000536,-1.1500000000000536,-0.41000000000002146
N1_ROLLING_SWEEP_FADE,NEUTRAL,LONG,2022-02-09 14:35:00+00:00,2022-02-09 14:40:00+00:00,2022-02-09 14:40:00+00:00,2022-02-09 14:45:00+00:00,1.14291,1.1425100000000001,1.14351,1.1435,TARGET,0.0004,1.474999999999671,1.349999999999671,0.5899999999998684
N1_ROLLING_SWEEP_FADE,NEUTRAL,LONG,2022-02-09 16:00:00+00:00,2022-02-09 16:05:00+00:00,2022-02-09 16:05:00+00:00,2022-02-09 16:25:00+00:00,1.14311,1.1427100000000001,1.14371,1.1437,TARGET,0.0004,1.474999999999671,1.349999999999671,0.5899999999998684
N1_ROLLING_SWEEP_FADE,NEUTRAL,LONG,2022-02-09 17:30:00+00:00,2022-02-09 17:35:00+00:00,2022-02-09 17:35:00+00:00,2022-02-09 17:35:00+00:00,1.14379,1.1433900000000001,1.14439,1.14438,TARGET,0.0004,1.474999999999671,1.349999999999671,0.5899999999998684
N4_MICRO_BREAKOUT,NEUTRAL,SHORT,2022-02-10 20:55:00+00:00,2022-02-10 21:00:00+00:00,2022-02-10 21:00:00+00:00,2022-02-10 21:15:00+00:00,1.1431,1.1435,1.1425,1.1425100000000001,TARGET,0.0004,1.474999999999671,1.349999999999671,0.5899999999998684
N4_MICRO_BREAKOUT,NEUTRAL,SHORT,2022-02-10 23:00:00+00:00,2022-02-10 23:05:00+00:00,2022-02-10 23:05:00+00:00,2022-02-10 23:05:00+00:00,1.14092,1.14132,1.14032,1.14133,STOP,0.0004,-1.0250000000000536,-1.1500000000000536,-0.41000000000002146
N1_ROLLING_SWEEP_FADE,NEUTRAL,LONG,2022-02-10 23:05:00+00:00,2022-02-10 23:10:00+00:00,2022-02-10 23:10:00+00:00,2022-02-10 23:25:00+00:00,1.1414600000000001,1.1410600000000002,1.14206,1.1410500000000001,STOP,0.0004,-1.0250000000000536,-1.1500000000000536,-0.41000000000002146
N3_ANCHOR_REVERSION,NEUTRAL,LONG,2022-02-10 23:35:00+00:00,2022-02-10 23:40:00+00:00,2022-02-10 23:40:00+00:00,2022-02-11 00:00:00+00:00,1.1414300000000002,1.1410300000000002,1.14203,1.1410200000000001,STOP,0.0004,-1.0250000000000536,-1.1500000000000536,-0.41000000000002146
N3_ANCHOR_REVERSION,NEUTRAL,LONG,2022-02-11 00:10:00+00:00,2022-02-11 00:15:00+00:00,2022-02-11 00:15:00+00:00,2022-02-11 00:15:00+00:00,1.14094,1.14054,1.14154,1.14053,STOP,0.0004,-1.0250000000000536,-1.1500000000000536,-0.41000000000002146
N4_MICRO_BREAKOUT,NEUTRAL,SHORT,2022-02-11 00:25:00+00:00,2022-02-11 00:30:00+00:00,2022-02-11 00:30:00+00:00,2022-02-11 00:30:00+00:00,1.1386399999999999,1.1390399999999998,1.13804,1.13905,STOP,0.0004,-1.0250000000000536,-1.1500000000000536,-0.41000000000002146
N3_ANCHOR_REVERSION,NEUTRAL,LONG,2022-02-11 00:45:00+00:00,2022-02-11 00:50:00+00:00,2022-02-11 00:50:00+00:00,2022-02-11 01:05:00+00:00,1.13952,1.1391200000000001,1.14012,1.14011,TARGET,0.0004,1.474999999999671,1.349999999999671,0.5899999999998684
N3_ANCHOR_REVERSION,NEUTRAL,LONG,2022-02-11 04:05:00+00:00,2022-02-11 04:10:00+00:00,2022-02-11 04:10:00+00:00,2022-02-11 04:10:00+00:00,1.13914,1.13874,1.13974,1.13873,STOP,0.0004,-1.0250000000000536,-1.1500000000000536,-0.41000000000002146
N1_ROLLING_SWEEP_FADE,NEUTRAL,SHORT,2022-02-17 06:30:00+00:00,2022-02-17 06:35:00+00:00,2022-02-17 06:35:00+00:00,2022-02-17 06:50:00+00:00,1.13584,1.13624,1.13524,1.13625,STOP,0.0004,-1.0250000000000536,-1.1500000000000536,-0.41000000000002146
N1_ROLLING_SWEEP_FADE,NEUTRAL,SHORT,2022-02-17 07:50:00+00:00,2022-02-17 07:55:00+00:00,2022-02-17 07:55:00+00:00,2022-02-17 07:55:00+00:00,1.13697,1.13737,1.13637,1.13738,STOP,0.0004,-1.0250000000000536,-1.1500000000000536,-0.41000000000002146
N3_ANCHOR_REVERSION,NEUTRAL,SHORT,2022-02-17 08:10:00+00:00,2022-02-17 08:15:00+00:00,2022-02-17 08:15:00+00:00,2022-02-17 08:15:00+00:00,1.13798,1.13838,1.13738,1.13839,STOP,0.0004,-1.0250000000000536,-1.1500000000000536,-0.41000000000002146
N2_ASIA_RANGE_FADE,NEUTRAL,SHORT,2022-02-17 08:20:00+00:00,2022-02-17 08:25:00+00:00,2022-02-17 08:25:00+00:00,2022-02-17 08:25:00+00:00,1.13804,1.13844,1.13744,1.13845,STOP,0.0004,-1.0250000000000536,-1.1500000000000536,-0.41000000000002146
N4_MICRO_BREAKOUT,NEUTRAL,SHORT,2022-02-18 20:10:00+00:00,2022-02-18 20:15:00+00:00,2022-02-18 20:15:00+00:00,2022-02-18 20:20:00+00:00,1.1327099999999999,1.1331099999999998,1.13211,1.13312,STOP,0.0004,-1.0250000000000536,-1.1500000000000536,-0.41000000000002146
N4_MICRO_BREAKOUT,NEUTRAL,SHORT,2022-02-18 20:30:00+00:00,2022-02-18 20:35:00+00:00,2022-02-18 20:35:00+00:00,2022-02-18 20:45:00+00:00,1.1324699999999999,1.1328699999999998,1.13187,1.1328799999999999,STOP,0.0004,-1.0250000000000536,-1.1500000000000536,-0.41000000000002146
N4_MICRO_BREAKOUT,NEUTRAL,SHORT,2022-02-18 21:50:00+00:00,2022-02-18 21:55:00+00:00,2022-02-18 21:55:00+00:00,2022-02-18 21:55:00+00:00,1.1322699999999999,1.1326699999999998,1.13167,1.13268,STOP,0.0004,-1.0250000000000536,-1.1500000000000536,-0.41000000000002146
N3_ANCHOR_REVERSION,NEUTRAL,LONG,2022-02-20 23:05:00+00:00,2022-02-20 23:10:00+00:00,2022-02-20 23:10:00+00:00,2022-02-20 23:25:00+00:00,1.13212,1.13172,1.13272,1.13171,STOP,0.0004,-1.0250000000000536,-1.1500000000000536,-0.41000000000002146
N4_MICRO_BREAKOUT,NEUTRAL,SHORT,2022-02-20 23:25:00+00:00,2022-02-20 23:30:00+00:00,2022-02-20 23:30:00+00:00,2022-02-20 23:45:00+00:00,1.13143,1.13183,1.13083,1.13184,STOP,0.0004,-1.0250000000000536,-1.1500000000000536,-0.41000000000002146
N3_ANCHOR_REVERSION,NEUTRAL,LONG,2022-02-20 23:45:00+00:00,2022-02-20 23:50:00+00:00,2022-02-20 23:50:00+00:00,2022-02-21 00:00:00+00:00,1.13196,1.1315600000000001,1.13256,1.13155,STOP,0.0004,-1.0250000000000536,-1.1500000000000536,-0.41000000000002146
N1_ROLLING_SWEEP_FADE,NEUTRAL,LONG,2022-02-21 00:00:00+00:00,2022-02-21 00:05:00+00:00,2022-02-21 00:05:00+00:00,2022-02-21 00:50:00+00:00,1.13166,1.1312600000000002,1.13226,1.13225,TARGET,0.0004,1.474999999999671,1.349999999999671,0.5899999999998684
N3_ANCHOR_REVERSION,NEUTRAL,SHORT,2022-02-21 01:00:00+00:00,2022-02-21 01:05:00+00:00,2022-02-21 01:05:00+00:00,2022-02-21 01:05:00+00:00,1.1329099999999999,1.1333099999999998,1.13231,1.1333199999999999,STOP,0.0004,-1.0250000000000536,-1.1500000000000536,-0.41000000000002146
N1_ROLLING_SWEEP_FADE,NEUTRAL,SHORT,2022-02-21 01:10:00+00:00,2022-02-21 01:15:00+00:00,2022-02-21 01:15:00+00:00,2022-02-21 01:30:00+00:00,1.13341,1.13381,1.13281,1.13382,STOP,0.0004,-1.0250000000000536,-1.1500000000000536,-0.41000000000002146
N4_MICRO_BREAKOUT,NEUTRAL,LONG,2022-02-21 01:30:00+00:00,2022-02-21 01:35:00+00:00,2022-02-21 01:35:00+00:00,2022-02-21 01:40:00+00:00,1.13399,1.13359,1.13459,1.13458,TARGET,0.0004,1.474999999999671,1.349999999999671,0.5899999999998684
N1_ROLLING_SWEEP_FADE,NEUTRAL,SHORT,2022-02-22 00:30:00+00:00,2022-02-22 00:35:00+00:00,2022-02-22 00:35:00+00:00,2022-02-22 00:35:00+00:00,1.1312499999999999,1.1316499999999998,1.13065,1.1316599999999999,STOP,0.0004,-1.0250000000000536,-1.1500000000000536,-0.41000000000002146
N1_ROLLING_SWEEP_FADE,NEUTRAL,SHORT,2022-02-22 00:50:00+00:00,2022-02-22 00:55:00+00:00,2022-02-22 00:55:00+00:00,2022-02-22 01:05:00+00:00,1.1315899999999999,1.1319899999999998,1.13099,1.131,TARGET,0.0004,1.474999999999671,1.349999999999671,0.5899999999998684
N1_ROLLING_SWEEP_FADE,NEUTRAL,LONG,2022-02-22 01:15:00+00:00,2022-02-22 01:20:00+00:00,2022-02-22 01:20:00+00:00,2022-02-22 01:45:00+00:00,1.13064,1.1302400000000001,1.13124,1.13023,STOP,0.0004,-1.0250000000000536,-1.1500000000000536,-0.41000000000002146
N3_ANCHOR_REVERSION,NEUTRAL,LONG,2022-02-22 01:50:00+00:00,2022-02-22 01:55:00+00:00,2022-02-22 01:55:00+00:00,2022-02-22 02:00:00+00:00,1.1303500000000002,1.1299500000000002,1.1309500000000001,1.1299400000000002,STOP,0.0004,-1.0250000000000536,-1.1500000000000536,-0.41000000000002146
N3_ANCHOR_REVERSION,NEUTRAL,LONG,2022-02-23 18:55:00+00:00,2022-02-23 19:00:00+00:00,2022-02-23 19:00:00+00:00,2022-02-23 19:30:00+00:00,1.1309900000000002,1.1305900000000002,1.13159,1.1305800000000001,STOP,0.0004,-1.0250000000000536,-1.1500000000000536,-0.41000000000002146
N1_ROLLING_SWEEP_FADE,NEUTRAL,LONG,2022-02-23 19:45:00+00:00,2022-02-23 19:50:00+00:00,2022-02-23 19:50:00+00:00,2022-02-23 20:35:00+00:00,1.13076,1.13036,1.13136,1.13035,STOP,0.0004,-1.0250000000000536,-1.1500000000000536,-0.41000000000002146
N4_MICRO_BREAKOUT,NEUTRAL,SHORT,2022-02-23 20:35:00+00:00,2022-02-23 20:40:00+00:00,2022-02-23 20:40:00+00:00,2022-02-23 21:00:00+00:00,1.13021,1.13061,1.12961,1.13062,STOP,0.0004,-1.0250000000000536,-1.1500000000000536,-0.41000000000002146
N1_ROLLING_SWEEP_FADE,NEUTRAL,SHORT,2022-02-23 22:10:00+00:00,2022-02-23 22:15:00+00:00,2022-02-23 22:15:00+00:00,2022-02-23 22:15:00+00:00,1.1304999999999998,1.1308999999999998,1.1299,1.1309099999999999,STOP,0.0004,-1.0250000000000536,-1.1500000000000536,-0.41000000000002146
N4_MICRO_BREAKOUT,NEUTRAL,SHORT,2022-02-24 00:05:00+00:00,2022-02-24 00:10:00+00:00,2022-02-24 00:10:00+00:00,2022-02-24 00:25:00+00:00,1.12987,1.1302699999999999,1.12927,1.12928,TARGET,0.0004,1.474999999999671,1.349999999999671,0.5899999999998684
N4_MICRO_BREAKOUT,NEUTRAL,SHORT,2022-02-24 00:25:00+00:00,2022-02-24 00:30:00+00:00,2022-02-24 00:30:00+00:00,2022-02-24 00:50:00+00:00,1.12917,1.12957,1.12857,1.1285800000000001,TARGET,0.0004,1.474999999999671,1.349999999999671,0.5899999999998684
N3_ANCHOR_REVERSION,NEUTRAL,LONG,2022-02-24 01:05:00+00:00,2022-02-24 01:10:00+00:00,2022-02-24 01:10:00+00:00,2022-02-24 01:50:00+00:00,1.12823,1.12783,1.12883,1.12882,TARGET,0.0004,1.474999999999671,1.349999999999671,0.5899999999998684
N3_ANCHOR_REVERSION,NEUTRAL,LONG,2022-02-24 02:55:00+00:00,2022-02-24 03:00:00+00:00,2022-02-24 03:00:00+00:00,2022-02-24 03:05:00+00:00,1.1273600000000001,1.1269600000000002,1.12796,1.1269500000000001,STOP,0.0004,-1.0250000000000536,-1.1500000000000536,-0.41000000000002146
N4_MICRO_BREAKOUT,NEUTRAL,LONG,2022-02-25 00:25:00+00:00,2022-02-25 00:30:00+00:00,2022-02-25 00:30:00+00:00,2022-02-25 00:50:00+00:00,1.12059,1.12019,1.12119,1.12018,STOP,0.0004,-1.0250000000000536,-1.1500000000000536,-0.41000000000002146
N4_MICRO_BREAKOUT,NEUTRAL,LONG,2022-02-25 03:35:00+00:00,2022-02-25 03:40:00+00:00,2022-02-25 03:40:00+00:00,2022-02-25 04:25:00+00:00,1.1216000000000002,1.1212000000000002,1.1222,1.12219,TARGET,0.0004,1.474999999999671,1.349999999999671,0.5899999999998684
N4_MICRO_BREAKOUT,NEUTRAL,LONG,2022-02-25 04:25:00+00:00,2022-02-25 04:30:00+00:00,2022-02-25 04:30:00+00:00,2022-02-25 04:35:00+00:00,1.12273,1.12233,1.12333,1.12232,STOP,0.0004,-1.0250000000000536,-1.1500000000000536,-0.41000000000002146
N3_ANCHOR_REVERSION,NEUTRAL,SHORT,2022-02-25 04:45:00+00:00,2022-02-25 04:50:00+00:00,2022-02-25 04:50:00+00:00,2022-02-25 04:55:00+00:00,1.12185,1.12225,1.12125,1.12226,STOP,0.0004,-1.0250000000000536,-1.1500000000000536,-0.41000000000002146
N3_ANCHOR_REVERSION,NEUTRAL,LONG,2022-02-27 22:00:00+00:00,2022-02-27 22:05:00+00:00,2022-02-27 22:05:00+00:00,2022-02-27 22:05:00+00:00,1.1145,1.1141,1.1151,1.11391,STOP,0.0004,-1.4750000000002261,-1.6000000000002261,-0.5900000000000905
N3_ANCHOR_REVERSION,NEUTRAL,LONG,2022-02-27 22:15:00+00:00,2022-02-27 22:20:00+00:00,2022-02-27 22:20:00+00:00,2022-02-27 22:20:00+00:00,1.11591,1.11551,1.11651,1.1155,STOP,0.0004,-1.0250000000000536,-1.1500000000000536,-0.41000000000002146
N3_ANCHOR_REVERSION,NEUTRAL,LONG,2022-02-27 22:25:00+00:00,2022-02-27 22:30:00+00:00,2022-02-27 22:30:00+00:00,2022-02-27 22:40:00+00:00,1.1151,1.1147,1.1157,1.11469,STOP,0.0004,-1.0250000000000536,-1.1500000000000536,-0.41000000000002146
N3_ANCHOR_REVERSION,NEUTRAL,LONG,2022-02-27 23:05:00+00:00,2022-02-27 23:10:00+00:00,2022-02-27 23:10:00+00:00,2022-02-27 23:20:00+00:00,1.1159400000000002,1.1155400000000002,1.11654,1.11653,TARGET,0.0004,1.474999999999671,1.349999999999671,0.5899999999998684
N3_ANCHOR_REVERSION,NEUTRAL,LONG,2022-02-28 00:00:00+00:00,2022-02-28 00:05:00+00:00,2022-02-28 00:05:00+00:00,2022-02-28 00:05:00+00:00,1.11891,1.1185100000000001,1.11951,1.1185,STOP,0.0004,-1.0250000000000536,-1.1500000000000536,-0.41000000000002146
N1_ROLLING_SWEEP_FADE,NEUTRAL,LONG,2022-02-28 01:00:00+00:00,2022-02-28 01:05:00+00:00,2022-02-28 01:05:00+00:00,2022-02-28 01:05:00+00:00,1.1183,1.1179000000000001,1.1189,1.11789,STOP,0.0004,-1.0250000000000536,-1.1500000000000536,-0.41000000000002146
N1_ROLLING_SWEEP_FADE,NEUTRAL,LONG,2022-02-28 01:10:00+00:00,2022-02-28 01:15:00+00:00,2022-02-28 01:15:00+00:00,2022-02-28 01:15:00+00:00,1.1181100000000002,1.1177100000000002,1.11871,1.1177000000000001,STOP,0.0004,-1.0250000000000536,-1.1500000000000536,-0.41000000000002146
N3_ANCHOR_REVERSION,NEUTRAL,LONG,2022-02-28 01:45:00+00:00,2022-02-28 01:50:00+00:00,2022-02-28 01:50:00+00:00,2022-02-28 02:05:00+00:00,1.11721,1.11681,1.11781,1.1168,STOP,0.0004,-1.0250000000000536,-1.1500000000000536,-0.41000000000002146
N4_MICRO_BREAKOUT,NEUTRAL,SHORT,2022-03-01 15:00:00+00:00,2022-03-01 15:05:00+00:00,2022-03-01 15:05:00+00:00,2022-03-01 15:05:00+00:00,1.1138599999999999,1.1142599999999998,1.11326,1.1142699999999999,STOP,0.0004,-1.0250000000000536,-1.1500000000000536,-0.41000000000002146
N4_MICRO_BREAKOUT,NEUTRAL,SHORT,2022-03-01 15:10:00+00:00,2022-03-01 15:15:00+00:00,2022-03-01 15:15:00+00:00,2022-03-01 15:15:00+00:00,1.1129799999999999,1.1133799999999998,1.11238,1.1133899999999999,STOP,0.0004,-1.0250000000000536,-1.1500000000000536,-0.41000000000002146
N3_ANCHOR_REVERSION,NEUTRAL,LONG,2022-03-01 15:15:00+00:00,2022-03-01 15:20:00+00:00,2022-03-01 15:20:00+00:00,2022-03-01 15:20:00+00:00,1.1144500000000002,1.1140500000000002,1.11505,1.1140400000000001,STOP,0.0004,-1.0250000000000536,-1.1500000000000536,-0.41000000000002146
N3_ANCHOR_REVERSION,NEUTRAL,LONG,2022-03-01 15:50:00+00:00,2022-03-01 15:55:00+00:00,2022-03-01 15:55:00+00:00,2022-03-01 16:00:00+00:00,1.1140100000000002,1.1136100000000002,1.11461,1.1136000000000001,STOP,0.0004,-1.0250000000000536,-1.1500000000000536,-0.41000000000002146
N4_MICRO_BREAKOUT,NEUTRAL,LONG,2022-03-02 01:30:00+00:00,2022-03-02 01:35:00+00:00,2022-03-02 01:35:00+00:00,2022-03-02 01:35:00+00:00,1.11356,1.1131600000000001,1.11416,1.11315,STOP,0.0004,-1.0250000000000536,-1.1500000000000536,-0.41000000000002146
N1_ROLLING_SWEEP_FADE,NEUTRAL,SHORT,2022-03-02 01:35:00+00:00,2022-03-02 01:40:00+00:00,2022-03-02 01:40:00+00:00,2022-03-02 02:15:00+00:00,1.113,1.1134,1.1124,1.1124100000000001,TARGET,0.0004,1.474999999999671,1.349999999999671,0.5899999999998684
N4_MICRO_BREAKOUT,NEUTRAL,SHORT,2022-03-02 02:20:00+00:00,2022-03-02 02:25:00+00:00,2022-03-02 02:25:00+00:00,2022-03-02 02:25:00+00:00,1.1113899999999999,1.1117899999999998,1.11079,1.1118,STOP,0.0004,-1.0250000000000536,-1.1500000000000536,-0.41000000000002146
N1_ROLLING_SWEEP_FADE,NEUTRAL,LONG,2022-03-02 02:25:00+00:00,2022-03-02 02:30:00+00:00,2022-03-02 02:30:00+00:00,2022-03-02 02:35:00+00:00,1.11179,1.11139,1.11239,1.11238,TARGET,0.0004,1.474999999999671,1.349999999999671,0.5899999999998684
N4_MICRO_BREAKOUT,NEUTRAL,SHORT,2022-03-03 02:00:00+00:00,2022-03-03 02:05:00+00:00,2022-03-03 02:05:00+00:00,2022-03-03 02:20:00+00:00,1.10924,1.10964,1.10864,1.10965,STOP,0.0004,-1.0250000000000536,-1.1500000000000536,-0.41000000000002146
N3_ANCHOR_REVERSION,NEUTRAL,LONG,2022-03-03 17:40:00+00:00,2022-03-03 17:45:00+00:00,2022-03-03 17:45:00+00:00,2022-03-03 17:45:00+00:00,1.10495,1.1045500000000001,1.10555,1.10454,STOP,0.0004,-1.0250000000000536,-1.1500000000000536,-0.41000000000002146
N1_ROLLING_SWEEP_FADE,NEUTRAL,SHORT,2022-03-03 20:50:00+00:00,2022-03-03 20:55:00+00:00,2022-03-03 20:55:00+00:00,2022-03-03 21:00:00+00:00,1.10608,1.10648,1.10548,1.10649,STOP,0.0004,-1.0250000000000536,-1.1500000000000536,-0.41000000000002146
N3_ANCHOR_REVERSION,NEUTRAL,SHORT,2022-03-03 22:55:00+00:00,2022-03-03 23:00:00+00:00,2022-03-03 23:00:00+00:00,2022-03-04 00:05:00+00:00,1.10656,1.10696,1.10596,1.1059700000000001,TARGET,0.0004,1.474999999999671,1.349999999999671,0.5899999999998684
N4_MICRO_BREAKOUT,NEUTRAL,SHORT,2022-03-04 00:05:00+00:00,2022-03-04 00:10:00+00:00,2022-03-04 00:10:00+00:00,2022-03-04 00:10:00+00:00,1.10489,1.1052899999999999,1.10429,1.1053,STOP,0.0004,-1.0250000000000536,-1.1500000000000536,-0.41000000000002146
N4_MICRO_BREAKOUT,NEUTRAL,SHORT,2022-03-04 00:15:00+00:00,2022-03-04 00:20:00+00:00,2022-03-04 00:20:00+00:00,2022-03-04 00:20:00+00:00,1.10362,1.10402,1.1030200000000001,1.10403,STOP,0.0004,-1.0250000000000536,-1.1500000000000536,-0.41000000000002146
N1_ROLLING_SWEEP_FADE,NEUTRAL,LONG,2022-03-04 00:25:00+00:00,2022-03-04 00:30:00+00:00,2022-03-04 00:30:00+00:00,2022-03-04 00:35:00+00:00,1.10311,1.10271,1.10371,1.1027,STOP,0.0004,-1.0250000000000536,-1.1500000000000536,-0.41000000000002146
N4_MICRO_BREAKOUT,NEUTRAL,SHORT,2022-03-04 00:35:00+00:00,2022-03-04 00:40:00+00:00,2022-03-04 00:40:00+00:00,2022-03-04 00:40:00+00:00,1.10136,1.1017599999999999,1.10076,1.10177,STOP,0.0004,-1.0250000000000536,-1.1500000000000536,-0.41000000000002146
N4_MICRO_BREAKOUT,NEUTRAL,SHORT,2022-03-06 23:00:00+00:00,2022-03-06 23:05:00+00:00,2022-03-06 23:05:00+00:00,2022-03-06 23:05:00+00:00,1.0892,1.0896,1.0886,1.08861,TARGET,0.0004,1.474999999999671,1.349999999999671,0.5899999999998684
N1_ROLLING_SWEEP_FADE,NEUTRAL,LONG,2022-03-06 23:10:00+00:00,2022-03-06 23:15:00+00:00,2022-03-06 23:15:00+00:00,2022-03-06 23:15:00+00:00,1.088,1.0876000000000001,1.0886,1.08759,STOP,0.0004,-1.0250000000000536,-1.1500000000000536,-0.41000000000002146
N4_MICRO_BREAKOUT,NEUTRAL,SHORT,2022-03-06 23:20:00+00:00,2022-03-06 23:25:00+00:00,2022-03-06 23:25:00+00:00,2022-03-06 23:25:00+00:00,1.08638,1.0867799999999999,1.08578,1.08679,STOP,0.0004,-1.0250000000000536,-1.1500000000000536,-0.41000000000002146
N3_ANCHOR_REVERSION,NEUTRAL,LONG,2022-03-06 23:25:00+00:00,2022-03-06 23:30:00+00:00,2022-03-06 23:30:00+00:00,2022-03-06 23:45:00+00:00,1.0878400000000001,1.0874400000000002,1.08844,1.0874300000000001,STOP,0.0004,-1.0250000000000536,-1.1500000000000536,-0.41000000000002146
N3_ANCHOR_REVERSION,NEUTRAL,LONG,2022-03-06 23:55:00+00:00,2022-03-07 00:00:00+00:00,2022-03-07 00:00:00+00:00,2022-03-07 00:00:00+00:00,1.08742,1.08702,1.08802,1.08801,TARGET,0.0004,1.474999999999671,1.349999999999671,0.5899999999998684
N4_MICRO_BREAKOUT,NEUTRAL,SHORT,2022-03-07 01:00:00+00:00,2022-03-07 01:05:00+00:00,2022-03-07 01:05:00+00:00,2022-03-07 01:10:00+00:00,1.08533,1.0857299999999999,1.08473,1.08574,STOP,0.0004,-1.0250000000000536,-1.1500000000000536,-0.41000000000002146
N3_ANCHOR_REVERSION,NEUTRAL,LONG,2022-03-07 01:10:00+00:00,2022-03-07 01:15:00+00:00,2022-03-07 01:15:00+00:00,2022-03-07 01:15:00+00:00,1.08573,1.0853300000000001,1.08633,1.08532,STOP,0.0004,-1.0250000000000536,-1.1500000000000536,-0.41000000000002146
N4_MICRO_BREAKOUT,NEUTRAL,SHORT,2022-03-07 01:15:00+00:00,2022-03-07 01:20:00+00:00,2022-03-07 01:20:00+00:00,2022-03-07 01:20:00+00:00,1.08408,1.0844799999999999,1.08348,1.08349,TARGET,0.0004,1.474999999999671,1.349999999999671,0.5899999999998684
N4_MICRO_BREAKOUT,NEUTRAL,LONG,2022-03-10 04:35:00+00:00,2022-03-10 04:40:00+00:00,2022-03-10 04:40:00+00:00,2022-03-10 04:40:00+00:00,1.1063100000000001,1.1059100000000002,1.10691,1.1059,STOP,0.0004,-1.0250000000000536,-1.1500000000000536,-0.41000000000002146
N3_ANCHOR_REVERSION,NEUTRAL,LONG,2022-03-10 18:35:00+00:00,2022-03-10 18:40:00+00:00,2022-03-10 18:40:00+00:00,2022-03-10 18:50:00+00:00,1.09927,1.09887,1.09987,1.09886,STOP,0.0004,-1.0250000000000536,-1.1500000000000536,-0.41000000000002146
N3_ANCHOR_REVERSION,NEUTRAL,LONG,2022-03-10 19:25:00+00:00,2022-03-10 19:30:00+00:00,2022-03-10 19:30:00+00:00,2022-03-10 19:45:00+00:00,1.0988600000000002,1.0984600000000002,1.09946,1.0984500000000001,STOP,0.0004,-1.0250000000000536,-1.1500000000000536,-0.41000000000002146
N1_ROLLING_SWEEP_FADE,NEUTRAL,LONG,2022-03-10 19:45:00+00:00,2022-03-10 19:50:00+00:00,2022-03-10 19:50:00+00:00,2022-03-10 20:15:00+00:00,1.09881,1.09841,1.09941,1.0984,STOP,0.0004,-1.0250000000000536,-1.1500000000000536,-0.41000000000002146
N3_ANCHOR_REVERSION,NEUTRAL,SHORT,2022-03-11 00:00:00+00:00,2022-03-11 00:05:00+00:00,2022-03-11 00:05:00+00:00,2022-03-11 00:05:00+00:00,1.1008499999999999,1.1012499999999998,1.10025,1.10126,STOP,0.0004,-1.0250000000000536,-1.1500000000000536,-0.41000000000002146
N1_ROLLING_SWEEP_FADE,NEUTRAL,SHORT,2022-03-11 00:15:00+00:00,2022-03-11 00:20:00+00:00,2022-03-11 00:20:00+00:00,2022-03-11 00:40:00+00:00,1.10143,1.1018299999999999,1.10083,1.10084,TARGET,0.0004,1.474999999999671,1.349999999999671,0.5899999999998684
N3_ANCHOR_REVERSION,NEUTRAL,SHORT,2022-03-11 00:40:00+00:00,2022-03-11 00:45:00+00:00,2022-03-11 00:45:00+00:00,2022-03-11 00:55:00+00:00,1.10056,1.10096,1.09996,1.0999700000000001,TARGET,0.0004,1.474999999999671,1.349999999999671,0.5899999999998684
N1_ROLLING_SWEEP_FADE,NEUTRAL,LONG,2022-03-11 01:00:00+00:00,2022-03-11 01:05:00+00:00,2022-03-11 01:05:00+00:00,2022-03-11 01:05:00+00:00,1.1000100000000002,1.0996100000000002,1.10061,1.0996000000000001,STOP,0.0004,-1.0250000000000536,-1.1500000000000536,-0.41000000000002146
N4_MICRO_BREAKOUT,NEUTRAL,SHORT,2022-03-16 17:50:00+00:00,2022-03-16 17:55:00+00:00,2022-03-16 17:55:00+00:00,2022-03-16 17:55:00+00:00,1.09836,1.09876,1.09776,1.09877,STOP,0.0004,-1.0250000000000536,-1.1500000000000536,-0.41000000000002146
N3_ANCHOR_REVERSION,NEUTRAL,SHORT,2022-03-16 22:00:00+00:00,2022-03-16 22:05:00+00:00,2022-03-16 22:05:00+00:00,2022-03-16 22:10:00+00:00,1.1030499999999999,1.1034499999999998,1.10245,1.10246,TARGET,0.0004,1.474999999999671,1.349999999999671,0.5899999999998684
N4_MICRO_BREAKOUT,NEUTRAL,LONG,2022-03-17 00:00:00+00:00,2022-03-17 00:05:00+00:00,2022-03-17 00:05:00+00:00,2022-03-17 00:10:00+00:00,1.1027900000000002,1.1023900000000002,1.10339,1.10338,TARGET,0.0004,1.474999999999671,1.349999999999671,0.5899999999998684
N1_ROLLING_SWEEP_FADE,NEUTRAL,SHORT,2022-03-17 00:50:00+00:00,2022-03-17 00:55:00+00:00,2022-03-17 00:55:00+00:00,2022-03-17 00:55:00+00:00,1.1046799999999999,1.1050799999999998,1.10408,1.10509,STOP,0.0004,-1.0250000000000536,-1.1500000000000536,-0.41000000000002146
N4_MICRO_BREAKOUT,NEUTRAL,LONG,2022-03-17 00:55:00+00:00,2022-03-17 01:00:00+00:00,2022-03-17 01:00:00+00:00,2022-03-17 01:00:00+00:00,1.10522,1.1048200000000001,1.10582,1.10481,STOP,0.0004,-1.0250000000000536,-1.1500000000000536,-0.41000000000002146
N3_ANCHOR_REVERSION,NEUTRAL,SHORT,2022-03-17 01:00:00+00:00,2022-03-17 01:05:00+00:00,2022-03-17 01:05:00+00:00,2022-03-17 01:15:00+00:00,1.10467,1.10507,1.10407,1.1040800000000002,TARGET,0.0004,1.474999999999671,1.349999999999671,0.5899999999998684
N4_MICRO_BREAKOUT,NEUTRAL,LONG,2022-03-18 00:05:00+00:00,2022-03-18 00:10:00+00:00,2022-03-18 00:10:00+00:00,2022-03-18 00:15:00+00:00,1.1110300000000002,1.1106300000000002,1.1116300000000001,1.11162,TARGET,0.0004,1.474999999999671,1.349999999999671,0.5899999999998684
N3_ANCHOR_REVERSION,NEUTRAL,SHORT,2022-03-18 00:20:00+00:00,2022-03-18 00:25:00+00:00,2022-03-18 00:25:00+00:00,2022-03-18 00:50:00+00:00,1.11086,1.11126,1.11026,1.11027,TARGET,0.0004,1.474999999999671,1.349999999999671,0.5899999999998684
N1_ROLLING_SWEEP_FADE,NEUTRAL,LONG,2022-03-18 01:10:00+00:00,2022-03-18 01:15:00+00:00,2022-03-18 01:15:00+00:00,2022-03-18 01:30:00+00:00,1.10971,1.10931,1.11031,1.1093,STOP,0.0004,-1.0250000000000536,-1.1500000000000536,-0.41000000000002146
N3_ANCHOR_REVERSION,NEUTRAL,LONG,2022-03-18 02:55:00+00:00,2022-03-18 03:00:00+00:00,2022-03-18 03:00:00+00:00,2022-03-18 03:10:00+00:00,1.10863,1.10823,1.10923,1.10822,STOP,0.0004,-1.0250000000000536,-1.1500000000000536,-0.41000000000002146
N1_ROLLING_SWEEP_FADE,NEUTRAL,SHORT,2022-03-20 22:20:00+00:00,2022-03-20 22:25:00+00:00,2022-03-20 22:25:00+00:00,2022-03-20 22:40:00+00:00,1.10545,1.10585,1.10485,1.1048600000000002,TARGET,0.0004,1.474999999999671,1.349999999999671,0.5899999999998684
N3_ANCHOR_REVERSION,NEUTRAL,LONG,2022-03-20 23:15:00+00:00,2022-03-20 23:20:00+00:00,2022-03-20 23:20:00+00:00,2022-03-20 23:50:00+00:00,1.1046500000000001,1.1042500000000002,1.10525,1.10424,STOP,0.0004,-1.0250000000000536,-1.1500000000000536,-0.41000000000002146
N1_ROLLING_SWEEP_FADE,NEUTRAL,LONG,2022-03-21 00:00:00+00:00,2022-03-21 00:05:00+00:00,2022-03-21 00:05:00+00:00,2022-03-21 01:00:00+00:00,1.1042500000000002,1.1038500000000002,1.10485,1.10484,TARGET,0.0004,1.474999999999671,1.349999999999671,0.5899999999998684
N1_ROLLING_SWEEP_FADE,NEUTRAL,LONG,2022-03-21 02:05:00+00:00,2022-03-21 02:10:00+00:00,2022-03-21 02:10:00+00:00,2022-03-21 04:15:00+00:00,1.10463,1.10423,1.10523,1.10422,STOP,0.0004,-1.0250000000000536,-1.1500000000000536,-0.41000000000002146
N1_ROLLING_SWEEP_FADE,NEUTRAL,SHORT,2022-03-21 20:55:00+00:00,2022-03-21 21:00:00+00:00,2022-03-21 21:00:00+00:00,2022-03-21 21:00:00+00:00,1.1015,1.1018999999999999,1.1009,1.10191,STOP,0.0004,-1.0250000000000536,-1.1500000000000536,-0.41000000000002146
N3_ANCHOR_REVERSION,NEUTRAL,LONG,2022-03-21 21:35:00+00:00,2022-03-21 21:40:00+00:00,2022-03-21 21:40:00+00:00,2022-03-21 22:15:00+00:00,1.10181,1.10141,1.10241,1.1023999999999998,TARGET,0.0004,1.474999999999671,1.349999999999671,0.5899999999998684
N4_MICRO_BREAKOUT,NEUTRAL,SHORT,2022-03-22 00:10:00+00:00,2022-03-22 00:15:00+00:00,2022-03-22 00:15:00+00:00,2022-03-22 00:35:00+00:00,1.10083,1.10123,1.10023,1.10024,TARGET,0.0004,1.474999999999671,1.349999999999671,0.5899999999998684
N4_MICRO_BREAKOUT,NEUTRAL,SHORT,2022-03-22 00:50:00+00:00,2022-03-22 00:55:00+00:00,2022-03-22 00:55:00+00:00,2022-03-22 00:55:00+00:00,1.0982399999999999,1.0986399999999998,1.09764,1.09865,STOP,0.0004,-1.0250000000000536,-1.1500000000000536,-0.41000000000002146
N1_ROLLING_SWEEP_FADE,NEUTRAL,SHORT,2022-03-22 03:00:00+00:00,2022-03-22 03:05:00+00:00,2022-03-22 03:05:00+00:00,2022-03-22 03:20:00+00:00,1.0997599999999998,1.1001599999999998,1.09916,1.1001699999999999,STOP,0.0004,-1.0250000000000536,-1.1500000000000536,-0.41000000000002146
N4_MICRO_BREAKOUT,NEUTRAL,SHORT,2022-03-22 04:10:00+00:00,2022-03-22 04:15:00+00:00,2022-03-22 04:15:00+00:00,2022-03-22 04:20:00+00:00,1.0994199999999998,1.0998199999999998,1.09882,1.09883,TARGET,0.0004,1.474999999999671,1.349999999999671,0.5899999999998684
N1_ROLLING_SWEEP_FADE,NEUTRAL,LONG,2022-03-29 21:10:00+00:00,2022-03-29 21:15:00+00:00,2022-03-29 21:15:00+00:00,2022-03-29 21:20:00+00:00,1.10863,1.10823,1.10923,1.10815,STOP,0.0004,-1.2000000000000899,-1.3250000000000899,-0.48000000000003595
N4_MICRO_BREAKOUT,NEUTRAL,LONG,2022-03-29 22:15:00+00:00,2022-03-29 22:20:00+00:00,2022-03-29 22:20:00+00:00,2022-03-29 22:20:00+00:00,1.1091900000000001,1.1087900000000002,1.10979,1.10978,TARGET,0.0004,1.474999999999671,1.349999999999671,0.5899999999998684
N1_ROLLING_SWEEP_FADE,NEUTRAL,SHORT,2022-03-29 22:25:00+00:00,2022-03-29 22:30:00+00:00,2022-03-29 22:30:00+00:00,2022-03-30 00:00:00+00:00,1.10951,1.10991,1.10891,1.1089200000000001,TARGET,0.0004,1.474999999999671,1.349999999999671,0.5899999999998684
N1_ROLLING_SWEEP_FADE,NEUTRAL,LONG,2022-03-30 00:00:00+00:00,2022-03-30 00:05:00+00:00,2022-03-30 00:05:00+00:00,2022-03-30 00:05:00+00:00,1.1096300000000001,1.1092300000000002,1.11023,1.10922,STOP,0.0004,-1.0250000000000536,-1.1500000000000536,-0.41000000000002146
N1_ROLLING_SWEEP_FADE,NEUTRAL,SHORT,2022-03-30 00:05:00+00:00,2022-03-30 00:10:00+00:00,2022-03-30 00:10:00+00:00,2022-03-30 00:15:00+00:00,1.1092499999999998,1.1096499999999998,1.10865,1.1096599999999999,STOP,0.0004,-1.0250000000000536,-1.1500000000000536,-0.41000000000002146
N1_ROLLING_SWEEP_FADE,NEUTRAL,LONG,2022-04-04 11:45:00+00:00,2022-04-04 11:50:00+00:00,2022-04-04 11:50:00+00:00,2022-04-04 11:55:00+00:00,1.10056,1.10016,1.10116,1.10015,STOP,0.0004,-1.0250000000000536,-1.1500000000000536,-0.41000000000002146
N4_MICRO_BREAKOUT,NEUTRAL,SHORT,2022-04-04 11:55:00+00:00,2022-04-04 12:00:00+00:00,2022-04-04 12:00:00+00:00,2022-04-04 12:00:00+00:00,1.0996599999999999,1.1000599999999998,1.09906,1.1000699999999999,STOP,0.0004,-1.0250000000000536,-1.1500000000000536,-0.41000000000002146
N1_ROLLING_SWEEP_FADE,NEUTRAL,LONG,2022-04-04 12:00:00+00:00,2022-04-04 12:05:00+00:00,2022-04-04 12:05:00+00:00,2022-04-04 12:45:00+00:00,1.1003100000000001,1.0999100000000002,1.10091,1.0999,STOP,0.0004,-1.0250000000000536,-1.1500000000000536,-0.41000000000002146
N3_ANCHOR_REVERSION,NEUTRAL,LONG,2022-04-04 13:30:00+00:00,2022-04-04 13:35:00+00:00,2022-04-04 13:35:00+00:00,2022-04-04 14:05:00+00:00,1.09883,1.09843,1.09943,1.09842,STOP,0.0004,-1.0250000000000536,-1.1500000000000536,-0.41000000000002146
N4_MICRO_BREAKOUT,NEUTRAL,LONG,2022-04-05 00:00:00+00:00,2022-04-05 00:05:00+00:00,2022-04-05 00:05:00+00:00,2022-04-05 00:15:00+00:00,1.09779,1.09739,1.09839,1.09738,STOP,0.0004,-1.0250000000000536,-1.1500000000000536,-0.41000000000002146
N1_ROLLING_SWEEP_FADE,NEUTRAL,LONG,2022-04-05 00:25:00+00:00,2022-04-05 00:30:00+00:00,2022-04-05 00:30:00+00:00,2022-04-05 01:30:00+00:00,1.09741,1.09701,1.09801,1.097,STOP,0.0004,-1.0250000000000536,-1.1500000000000536,-0.41000000000002146
N1_ROLLING_SWEEP_FADE,NEUTRAL,SHORT,2022-04-20 20:00:00+00:00,2022-04-20 20:05:00+00:00,2022-04-20 20:05:00+00:00,2022-04-20 21:00:00+00:00,1.0851899999999999,1.0855899999999998,1.08459,1.0856,STOP,0.0004,-1.0250000000000536,-1.1500000000000536,-0.41000000000002146
N4_MICRO_BREAKOUT,NEUTRAL,SHORT,2022-04-21 11:15:00+00:00,2022-04-21 11:20:00+00:00,2022-04-21 11:20:00+00:00,2022-04-21 11:20:00+00:00,1.08859,1.08899,1.08799,1.088,TARGET,0.0004,1.474999999999671,1.349999999999671,0.5899999999998684
N1_ROLLING_SWEEP_FADE,NEUTRAL,LONG,2022-04-21 11:25:00+00:00,2022-04-21 11:30:00+00:00,2022-04-21 11:30:00+00:00,2022-04-21 11:30:00+00:00,1.0883900000000002,1.0879900000000002,1.0889900000000001,1.0879800000000002,STOP,0.0004,-1.0250000000000536,-1.1500000000000536,-0.41000000000002146
N3_ANCHOR_REVERSION,NEUTRAL,LONG,2022-04-21 11:45:00+00:00,2022-04-21 11:50:00+00:00,2022-04-21 11:50:00+00:00,2022-04-21 11:50:00+00:00,1.0883900000000002,1.0879900000000002,1.0889900000000001,1.0879800000000002,STOP,0.0004,-1.0250000000000536,-1.1500000000000536,-0.41000000000002146
N1_ROLLING_SWEEP_FADE,NEUTRAL,SHORT,2022-04-21 13:15:00+00:00,2022-04-21 13:20:00+00:00,2022-04-21 13:20:00+00:00,2022-04-21 13:25:00+00:00,1.08894,1.08934,1.08834,1.08935,STOP,0.0004,-1.0250000000000536,-1.1500000000000536,-0.41000000000002146
N1_ROLLING_SWEEP_FADE,NEUTRAL,LONG,2022-04-21 23:55:00+00:00,2022-04-22 00:00:00+00:00,2022-04-22 00:00:00+00:00,2022-04-22 00:30:00+00:00,1.0835700000000001,1.0831700000000002,1.08417,1.08416,TARGET,0.0004,1.474999999999671,1.349999999999671,0.5899999999998684
N1_ROLLING_SWEEP_FADE,NEUTRAL,LONG,2022-04-22 00:50:00+00:00,2022-04-22 00:55:00+00:00,2022-04-22 00:55:00+00:00,2022-04-22 01:10:00+00:00,1.0836000000000001,1.0832000000000002,1.0842,1.08419,TARGET,0.0004,1.474999999999671,1.349999999999671,0.5899999999998684
N1_ROLLING_SWEEP_FADE,NEUTRAL,LONG,2022-04-25 13:30:00+00:00,2022-04-25 13:35:00+00:00,2022-04-25 13:35:00+00:00,2022-04-25 13:35:00+00:00,1.07292,1.0725200000000001,1.07352,1.07251,STOP,0.0004,-1.0250000000000536,-1.1500000000000536,-0.41000000000002146
N3_ANCHOR_REVERSION,NEUTRAL,LONG,2022-04-25 15:35:00+00:00,2022-04-25 15:40:00+00:00,2022-04-25 15:40:00+00:00,2022-04-25 15:40:00+00:00,1.0707,1.0703,1.0713,1.07029,STOP,0.0004,-1.0250000000000536,-1.1500000000000536,-0.41000000000002146
N3_ANCHOR_REVERSION,NEUTRAL,LONG,2022-04-26 10:20:00+00:00,2022-04-26 10:25:00+00:00,2022-04-26 10:25:00+00:00,2022-04-26 10:35:00+00:00,1.06867,1.06827,1.06927,1.0692599999999999,TARGET,0.0004,1.474999999999671,1.349999999999671,0.5899999999998684
N4_MICRO_BREAKOUT,NEUTRAL,SHORT,2022-04-26 11:55:00+00:00,2022-04-26 12:00:00+00:00,2022-04-26 12:00:00+00:00,2022-04-26 12:00:00+00:00,1.06704,1.06744,1.06644,1.06745,STOP,0.0004,-1.0250000000000536,-1.1500000000000536,-0.41000000000002146
N3_ANCHOR_REVERSION,NEUTRAL,LONG,2022-04-26 12:00:00+00:00,2022-04-26 12:05:00+00:00,2022-04-26 12:05:00+00:00,2022-04-26 12:05:00+00:00,1.0676700000000001,1.0672700000000002,1.06827,1.06726,STOP,0.0004,-1.0250000000000536,-1.1500000000000536,-0.41000000000002146
N3_ANCHOR_REVERSION,NEUTRAL,LONG,2022-04-26 13:20:00+00:00,2022-04-26 13:25:00+00:00,2022-04-26 13:25:00+00:00,2022-04-26 13:25:00+00:00,1.06742,1.06702,1.06802,1.06801,TARGET,0.0004,1.474999999999671,1.349999999999671,0.5899999999998684
N1_ROLLING_SWEEP_FADE,NEUTRAL,LONG,2022-04-27 01:45:00+00:00,2022-04-27 01:50:00+00:00,2022-04-27 01:50:00+00:00,2022-04-27 02:00:00+00:00,1.06437,1.06397,1.06497,1.06496,TARGET,0.0004,1.474999999999671,1.349999999999671,0.5899999999998684
N1_ROLLING_SWEEP_FADE,NEUTRAL,SHORT,2022-04-27 02:05:00+00:00,2022-04-27 02:10:00+00:00,2022-04-27 02:10:00+00:00,2022-04-27 02:55:00+00:00,1.065,1.0654,1.0644,1.06441,TARGET,0.0004,1.474999999999671,1.349999999999671,0.5899999999998684
N1_ROLLING_SWEEP_FADE,NEUTRAL,LONG,2022-04-27 03:05:00+00:00,2022-04-27 03:10:00+00:00,2022-04-27 03:10:00+00:00,2022-04-27 04:30:00+00:00,1.0639,1.0635000000000001,1.0645,1.06449,TARGET,0.0004,1.474999999999671,1.349999999999671,0.5899999999998684
N4_MICRO_BREAKOUT,NEUTRAL,SHORT,2022-04-27 12:00:00+00:00,2022-04-27 12:05:00+00:00,2022-04-27 12:05:00+00:00,2022-04-27 12:05:00+00:00,1.05759,1.05799,1.05699,1.058,STOP,0.0004,-1.0250000000000536,-1.1500000000000536,-0.41000000000002146
N1_ROLLING_SWEEP_FADE,NEUTRAL,LONG,2022-04-28 00:05:00+00:00,2022-04-28 00:10:00+00:00,2022-04-28 00:10:00+00:00,2022-04-28 00:15:00+00:00,1.05531,1.05491,1.05591,1.0549,STOP,0.0004,-1.0250000000000536,-1.1500000000000536,-0.41000000000002146
N4_MICRO_BREAKOUT,NEUTRAL,SHORT,2022-04-28 00:20:00+00:00,2022-04-28 00:25:00+00:00,2022-04-28 00:25:00+00:00,2022-04-28 00:50:00+00:00,1.0547,1.0551,1.0541,1.05411,TARGET,0.0004,1.474999999999671,1.349999999999671,0.5899999999998684
N3_ANCHOR_REVERSION,NEUTRAL,SHORT,2022-04-29 10:00:00+00:00,2022-04-29 10:05:00+00:00,2022-04-29 10:05:00+00:00,2022-04-29 10:10:00+00:00,1.0571899999999999,1.0575899999999998,1.05659,1.0566,TARGET,0.0004,1.474999999999671,1.349999999999671,0.5899999999998684
N4_MICRO_BREAKOUT,NEUTRAL,SHORT,2022-04-29 11:40:00+00:00,2022-04-29 11:45:00+00:00,2022-04-29 11:45:00+00:00,2022-04-29 11:45:00+00:00,1.05511,1.05551,1.05451,1.0545200000000001,TARGET,0.0004,1.474999999999671,1.349999999999671,0.5899999999998684
N2_ASIA_RANGE_FADE,NEUTRAL,SHORT,2022-04-29 11:50:00+00:00,2022-04-29 11:55:00+00:00,2022-04-29 11:55:00+00:00,2022-04-29 11:55:00+00:00,1.05413,1.05453,1.05353,1.05454,STOP,0.0004,-1.0250000000000536,-1.1500000000000536,-0.41000000000002146
N4_MICRO_BREAKOUT,NEUTRAL,LONG,2022-05-05 01:25:00+00:00,2022-05-05 01:30:00+00:00,2022-05-05 01:30:00+00:00,2022-05-05 01:30:00+00:00,1.06316,1.0627600000000001,1.06376,1.06375,TARGET,0.0004,1.474999999999671,1.349999999999671,0.5899999999998684
N3_ANCHOR_REVERSION,NEUTRAL,SHORT,2022-05-05 01:35:00+00:00,2022-05-05 01:40:00+00:00,2022-05-05 01:40:00+00:00,2022-05-05 01:40:00+00:00,1.06293,1.0633299999999999,1.06233,1.06234,TARGET,0.0004,1.474999999999671,1.349999999999671,0.5899999999998684
N1_ROLLING_SWEEP_FADE,NEUTRAL,LONG,2022-05-05 03:55:00+00:00,2022-05-05 04:00:00+00:00,2022-05-05 04:00:00+00:00,2022-05-05 04:00:00+00:00,1.0618500000000002,1.0614500000000002,1.0624500000000001,1.0614400000000002,STOP,0.0004,-1.0250000000000536,-1.1500000000000536,-0.41000000000002146
N1_ROLLING_SWEEP_FADE,NEUTRAL,LONG,2022-05-05 04:05:00+00:00,2022-05-05 04:10:00+00:00,2022-05-05 04:10:00+00:00,2022-05-05 04:25:00+00:00,1.0615800000000002,1.0611800000000002,1.0621800000000001,1.0611700000000002,STOP,0.0004,-1.0250000000000536,-1.1500000000000536,-0.41000000000002146
N1_ROLLING_SWEEP_FADE,NEUTRAL,LONG,2022-05-11 11:00:00+00:00,2022-05-11 11:05:00+00:00,2022-05-11 11:05:00+00:00,2022-05-11 11:25:00+00:00,1.05501,1.05461,1.05561,1.0546,STOP,0.0004,-1.0250000000000536,-1.1500000000000536,-0.41000000000002146
N2_ASIA_RANGE_FADE,NEUTRAL,SHORT,2022-05-11 11:30:00+00:00,2022-05-11 11:35:00+00:00,2022-05-11 11:35:00+00:00,2022-05-11 12:00:00+00:00,1.0549,1.0553,1.0543,1.05531,STOP,0.0004,-1.0250000000000536,-1.1500000000000536,-0.41000000000002146
N3_ANCHOR_REVERSION,NEUTRAL,LONG,2022-05-11 12:40:00+00:00,2022-05-11 12:45:00+00:00,2022-05-11 12:45:00+00:00,2022-05-11 12:45:00+00:00,1.0530000000000002,1.0526000000000002,1.0536,1.0525900000000001,STOP,0.0004,-1.0250000000000536,-1.1500000000000536,-0.41000000000002146
N3_ANCHOR_REVERSION,NEUTRAL,LONG,2022-05-11 12:50:00+00:00,2022-05-11 12:55:00+00:00,2022-05-11 12:55:00+00:00,2022-05-11 12:55:00+00:00,1.05193,1.05153,1.05253,1.05152,STOP,0.0004,-1.0250000000000536,-1.1500000000000536,-0.41000000000002146
N1_ROLLING_SWEEP_FADE,NEUTRAL,LONG,2022-05-11 23:55:00+00:00,2022-05-12 00:00:00+00:00,2022-05-12 00:00:00+00:00,2022-05-12 00:15:00+00:00,1.0512400000000002,1.0508400000000002,1.05184,1.0508300000000002,STOP,0.0004,-1.0250000000000536,-1.1500000000000536,-0.41000000000002146
N4_MICRO_BREAKOUT,NEUTRAL,SHORT,2022-05-12 00:15:00+00:00,2022-05-12 00:20:00+00:00,2022-05-12 00:20:00+00:00,2022-05-12 00:20:00+00:00,1.05088,1.05128,1.05028,1.05129,STOP,0.0004,-1.0250000000000536,-1.1500000000000536,-0.41000000000002146
N4_MICRO_BREAKOUT,NEUTRAL,LONG,2022-05-12 00:35:00+00:00,2022-05-12 00:40:00+00:00,2022-05-12 00:40:00+00:00,2022-05-12 01:05:00+00:00,1.0524900000000001,1.0520900000000002,1.05309,1.0520800000000001,STOP,0.0004,-1.0250000000000536,-1.1500000000000536,-0.41000000000002146
N1_ROLLING_SWEEP_FADE,NEUTRAL,LONG,2022-05-12 02:50:00+00:00,2022-05-12 02:55:00+00:00,2022-05-12 02:55:00+00:00,2022-05-12 02:55:00+00:00,1.0518,1.0514000000000001,1.0524,1.05139,STOP,0.0004,-1.0250000000000536,-1.1500000000000536,-0.41000000000002146
N3_ANCHOR_REVERSION,NEUTRAL,SHORT,2022-05-13 16:55:00+00:00,2022-05-13 17:00:00+00:00,2022-05-13 17:00:00+00:00,2022-05-13 17:00:00+00:00,1.0408499999999998,1.0412499999999998,1.04025,1.0412599999999999,STOP,0.0004,-1.0250000000000536,-1.1500000000000536,-0.41000000000002146
N1_ROLLING_SWEEP_FADE,NEUTRAL,LONG,2022-05-13 18:05:00+00:00,2022-05-13 18:10:00+00:00,2022-05-13 18:10:00+00:00,2022-05-13 18:45:00+00:00,1.03972,1.03932,1.04032,1.0403099999999998,TARGET,0.0004,1.474999999999671,1.349999999999671,0.5899999999998684
N1_ROLLING_SWEEP_FADE,NEUTRAL,SHORT,2022-05-13 19:00:00+00:00,2022-05-13 19:05:00+00:00,2022-05-13 19:05:00+00:00,2022-05-13 19:45:00+00:00,1.04046,1.04086,1.03986,1.03987,TARGET,0.0004,1.474999999999671,1.349999999999671,0.5899999999998684
N4_MICRO_BREAKOUT,NEUTRAL,LONG,2022-05-13 20:55:00+00:00,2022-05-13 21:00:00+00:00,2022-05-15 21:00:00+00:00,2022-05-15 21:00:00+00:00,1.04184,1.0414400000000001,1.04244,1.03951,STOP,0.0004,-5.825000000000413,-5.950000000000413,-2.3300000000001653
N4_MICRO_BREAKOUT,NEUTRAL,LONG,2022-05-15 22:15:00+00:00,2022-05-15 22:20:00+00:00,2022-05-15 22:20:00+00:00,2022-05-15 22:25:00+00:00,1.04115,1.04075,1.04175,1.04074,STOP,0.0004,-1.0250000000000536,-1.1500000000000536,-0.41000000000002146
N1_ROLLING_SWEEP_FADE,NEUTRAL,LONG,2022-05-15 23:40:00+00:00,2022-05-15 23:45:00+00:00,2022-05-15 23:45:00+00:00,2022-05-15 23:50:00+00:00,1.04048,1.0400800000000001,1.04108,1.04007,STOP,0.0004,-1.0250000000000536,-1.1500000000000536,-0.41000000000002146
N4_MICRO_BREAKOUT,NEUTRAL,LONG,2022-05-16 00:50:00+00:00,2022-05-16 00:55:00+00:00,2022-05-16 00:55:00+00:00,2022-05-16 01:05:00+00:00,1.04085,1.04045,1.04145,1.04144,TARGET,0.0004,1.474999999999671,1.349999999999671,0.5899999999998684
N1_ROLLING_SWEEP_FADE,NEUTRAL,LONG,2022-05-16 03:20:00+00:00,2022-05-16 03:25:00+00:00,2022-05-16 03:25:00+00:00,2022-05-16 04:50:00+00:00,1.03939,1.03899,1.03999,1.03998,TARGET,0.0004,1.474999999999671,1.349999999999671,0.5899999999998684
N3_ANCHOR_REVERSION,NEUTRAL,SHORT,2022-05-17 00:55:00+00:00,2022-05-17 01:00:00+00:00,2022-05-17 01:00:00+00:00,2022-05-17 01:20:00+00:00,1.04467,1.04507,1.04407,1.0440800000000001,TARGET,0.0004,1.474999999999671,1.349999999999671,0.5899999999998684
N1_ROLLING_SWEEP_FADE,NEUTRAL,SHORT,2022-05-17 02:00:00+00:00,2022-05-17 02:05:00+00:00,2022-05-17 02:05:00+00:00,2022-05-17 02:15:00+00:00,1.0446799999999998,1.0450799999999998,1.04408,1.04409,TARGET,0.0004,1.474999999999671,1.349999999999671,0.5899999999998684
N4_MICRO_BREAKOUT,NEUTRAL,LONG,2022-05-17 05:15:00+00:00,2022-05-17 05:20:00+00:00,2022-05-17 05:20:00+00:00,2022-05-17 05:25:00+00:00,1.04474,1.04434,1.04534,1.04433,STOP,0.0004,-1.0250000000000536,-1.1500000000000536,-0.41000000000002146
N4_MICRO_BREAKOUT,NEUTRAL,LONG,2022-05-17 05:50:00+00:00,2022-05-17 05:55:00+00:00,2022-05-17 05:55:00+00:00,2022-05-17 05:55:00+00:00,1.0450400000000002,1.0446400000000002,1.0456400000000001,1.0446300000000002,STOP,0.0004,-1.0250000000000536,-1.1500000000000536,-0.41000000000002146
N1_ROLLING_SWEEP_FADE,NEUTRAL,SHORT,2022-05-18 00:00:00+00:00,2022-05-18 00:05:00+00:00,2022-05-18 00:05:00+00:00,2022-05-18 00:05:00+00:00,1.05484,1.05524,1.05424,1.05525,STOP,0.0004,-1.0250000000000536,-1.1500000000000536,-0.41000000000002146
N4_MICRO_BREAKOUT,NEUTRAL,LONG,2022-05-18 00:05:00+00:00,2022-05-18 00:10:00+00:00,2022-05-18 00:10:00+00:00,2022-05-18 00:15:00+00:00,1.0561200000000002,1.0557200000000002,1.05672,1.0557100000000001,STOP,0.0004,-1.0250000000000536,-1.1500000000000536,-0.41000000000002146
N3_ANCHOR_REVERSION,NEUTRAL,SHORT,2022-05-18 00:15:00+00:00,2022-05-18 00:20:00+00:00,2022-05-18 00:20:00+00:00,2022-05-18 00:25:00+00:00,1.0554999999999999,1.0558999999999998,1.0549,1.05591,STOP,0.0004,-1.0250000000000536,-1.1500000000000536,-0.41000000000002146
N3_ANCHOR_REVERSION,NEUTRAL,SHORT,2022-05-18 00:30:00+00:00,2022-05-18 00:35:00+00:00,2022-05-18 00:35:00+00:00,2022-05-18 00:45:00+00:00,1.0558699999999999,1.0562699999999998,1.05527,1.0562799999999999,STOP,0.0004,-1.0250000000000536,-1.1500000000000536,-0.41000000000002146
N1_ROLLING_SWEEP_FADE,NEUTRAL,LONG,2022-05-19 00:05:00+00:00,2022-05-19 00:10:00+00:00,2022-05-19 00:10:00+00:00,2022-05-19 00:20:00+00:00,1.04755,1.04715,1.04815,1.0481399999999998,TARGET,0.0004,1.474999999999671,1.349999999999671,0.5899999999998684
N4_MICRO_BREAKOUT,NEUTRAL,LONG,2022-05-19 00:45:00+00:00,2022-05-19 00:50:00+00:00,2022-05-19 00:50:00+00:00,2022-05-19 00:50:00+00:00,1.04926,1.0488600000000001,1.04986,1.04985,TARGET,0.0004,1.474999999999671,1.349999999999671,0.5899999999998684
N1_ROLLING_SWEEP_FADE,NEUTRAL,LONG,2022-05-30 07:20:00+00:00,2022-05-30 07:25:00+00:00,2022-05-30 07:25:00+00:00,2022-05-30 07:30:00+00:00,1.07497,1.07457,1.07557,1.0755599999999998,TARGET,0.0004,1.474999999999671,1.349999999999671,0.5899999999998684
N3_ANCHOR_REVERSION,NEUTRAL,LONG,2022-05-31 04:25:00+00:00,2022-05-31 04:30:00+00:00,2022-05-31 04:30:00+00:00,2022-05-31 04:55:00+00:00,1.07481,1.07441,1.07541,1.0744,STOP,0.0004,-1.0250000000000536,-1.1500000000000536,-0.41000000000002146
N1_ROLLING_SWEEP_FADE,NEUTRAL,SHORT,2022-05-31 05:40:00+00:00,2022-05-31 05:45:00+00:00,2022-05-31 05:45:00+00:00,2022-05-31 05:55:00+00:00,1.07524,1.07564,1.07464,1.07465,TARGET,0.0004,1.474999999999671,1.349999999999671,0.5899999999998684
N1_ROLLING_SWEEP_FADE,NEUTRAL,LONG,2022-05-31 06:10:00+00:00,2022-05-31 06:15:00+00:00,2022-05-31 06:15:00+00:00,2022-05-31 06:15:00+00:00,1.07518,1.07478,1.07578,1.07477,STOP,0.0004,-1.0250000000000536,-1.1500000000000536,-0.41000000000002146
N4_MICRO_BREAKOUT,NEUTRAL,SHORT,2022-05-31 06:20:00+00:00,2022-05-31 06:25:00+00:00,2022-05-31 06:25:00+00:00,2022-05-31 06:30:00+00:00,1.07408,1.0744799999999999,1.07348,1.07449,STOP,0.0004,-1.0250000000000536,-1.1500000000000536,-0.41000000000002146
N3_ANCHOR_REVERSION,NEUTRAL,SHORT,2022-06-02 20:15:00+00:00,2022-06-02 20:20:00+00:00,2022-06-02 20:20:00+00:00,2022-06-02 22:40:00+00:00,1.07469,1.0750899999999999,1.07409,1.0751,STOP,0.0004,-1.0250000000000536,-1.1500000000000536,-0.41000000000002146
N1_ROLLING_SWEEP_FADE,NEUTRAL,SHORT,2022-06-02 22:50:00+00:00,2022-06-02 22:55:00+00:00,2022-06-02 22:55:00+00:00,2022-06-03 00:25:00+00:00,1.07483,1.07523,1.07423,1.07524,STOP,0.0004,-1.0250000000000536,-1.1500000000000536,-0.41000000000002146
N4_MICRO_BREAKOUT,NEUTRAL,LONG,2022-06-03 00:30:00+00:00,2022-06-03 00:35:00+00:00,2022-06-03 00:35:00+00:00,2022-06-03 00:35:00+00:00,1.0762900000000002,1.0758900000000002,1.0768900000000001,1.0758800000000002,STOP,0.0004,-1.0250000000000536,-1.1500000000000536,-0.41000000000002146
N3_ANCHOR_REVERSION,NEUTRAL,SHORT,2022-06-03 00:35:00+00:00,2022-06-03 00:40:00+00:00,2022-06-03 00:40:00+00:00,2022-06-03 00:40:00+00:00,1.0756599999999998,1.0760599999999998,1.07506,1.0760699999999999,STOP,0.0004,-1.0250000000000536,-1.1500000000000536,-0.41000000000002146
N3_ANCHOR_REVERSION,NEUTRAL,SHORT,2022-06-03 01:05:00+00:00,2022-06-03 01:10:00+00:00,2022-06-03 01:10:00+00:00,2022-06-03 01:55:00+00:00,1.07574,1.0761399999999999,1.07514,1.07615,STOP,0.0004,-1.0250000000000536,-1.1500000000000536,-0.41000000000002146
N1_ROLLING_SWEEP_FADE,NEUTRAL,SHORT,2022-06-03 01:55:00+00:00,2022-06-03 02:00:00+00:00,2022-06-03 02:00:00+00:00,2022-06-03 02:20:00+00:00,1.07598,1.07638,1.07538,1.07639,STOP,0.0004,-1.0250000000000536,-1.1500000000000536,-0.41000000000002146
N1_ROLLING_SWEEP_FADE,NEUTRAL,LONG,2022-06-05 22:15:00+00:00,2022-06-05 22:20:00+00:00,2022-06-05 22:20:00+00:00,2022-06-05 22:35:00+00:00,1.0719,1.0715000000000001,1.0725,1.07249,TARGET,0.0004,1.474999999999671,1.349999999999671,0.5899999999998684
N3_ANCHOR_REVERSION,NEUTRAL,SHORT,2022-06-05 22:40:00+00:00,2022-06-05 22:45:00+00:00,2022-06-05 22:45:00+00:00,2022-06-05 23:25:00+00:00,1.0723099999999999,1.0727099999999998,1.07171,1.07272,STOP,0.0004,-1.0250000000000536,-1.1500000000000536,-0.41000000000002146
N4_MICRO_BREAKOUT,NEUTRAL,LONG,2022-06-06 00:20:00+00:00,2022-06-06 00:25:00+00:00,2022-06-06 00:25:00+00:00,2022-06-06 00:25:00+00:00,1.07318,1.07278,1.07378,1.07277,STOP,0.0004,-1.0250000000000536,-1.1500000000000536,-0.41000000000002146
N3_ANCHOR_REVERSION,NEUTRAL,SHORT,2022-06-06 00:25:00+00:00,2022-06-06 00:30:00+00:00,2022-06-06 00:30:00+00:00,2022-06-06 00:45:00+00:00,1.0727499999999999,1.0731499999999998,1.07215,1.07216,TARGET,0.0004,1.474999999999671,1.349999999999671,0.5899999999998684
N3_ANCHOR_REVERSION,NEUTRAL,LONG,2022-06-08 16:55:00+00:00,2022-06-08 17:00:00+00:00,2022-06-08 17:00:00+00:00,2022-06-08 17:00:00+00:00,1.07292,1.0725200000000001,1.07352,1.07251,STOP,0.0004,-1.0250000000000536,-1.1500000000000536,-0.41000000000002146
N3_ANCHOR_REVERSION,NEUTRAL,LONG,2022-06-08 19:40:00+00:00,2022-06-08 19:45:00+00:00,2022-06-08 19:45:00+00:00,2022-06-08 19:45:00+00:00,1.07183,1.07143,1.07243,1.07142,STOP,0.0004,-1.0250000000000536,-1.1500000000000536,-0.41000000000002146
N3_ANCHOR_REVERSION,NEUTRAL,LONG,2022-06-08 20:35:00+00:00,2022-06-08 20:40:00+00:00,2022-06-08 20:40:00+00:00,2022-06-09 00:00:00+00:00,1.07165,1.07125,1.07225,1.07124,STOP,0.0004,-1.0250000000000536,-1.1500000000000536,-0.41000000000002146
N4_MICRO_BREAKOUT,NEUTRAL,SHORT,2022-06-09 00:40:00+00:00,2022-06-09 00:45:00+00:00,2022-06-09 00:45:00+00:00,2022-06-09 00:55:00+00:00,1.0710199999999999,1.0714199999999998,1.07042,1.0714400000000002,STOP,0.0004,-1.0500000000007725,-1.1750000000007725,-0.420000000000309
N1_ROLLING_SWEEP_FADE,NEUTRAL,LONG,2022-06-17 02:40:00+00:00,2022-06-17 02:45:00+00:00,2022-06-17 02:45:00+00:00,2022-06-17 02:45:00+00:00,1.0530300000000001,1.0526300000000002,1.05363,1.0526200000000001,STOP,0.0004,-1.0250000000000536,-1.1500000000000536,-0.41000000000002146
N1_ROLLING_SWEEP_FADE,NEUTRAL,LONG,2022-06-17 05:30:00+00:00,2022-06-17 05:35:00+00:00,2022-06-17 05:35:00+00:00,2022-06-17 05:45:00+00:00,1.05265,1.0522500000000001,1.05325,1.05224,STOP,0.0004,-1.0250000000000536,-1.1500000000000536,-0.41000000000002146
N1_ROLLING_SWEEP_FADE,NEUTRAL,SHORT,2022-06-17 17:10:00+00:00,2022-06-17 17:15:00+00:00,2022-06-17 17:15:00+00:00,2022-06-17 17:25:00+00:00,1.04776,1.04816,1.04716,1.04817,STOP,0.0004,-1.0250000000000536,-1.1500000000000536,-0.41000000000002146
N3_ANCHOR_REVERSION,NEUTRAL,SHORT,2022-06-17 18:45:00+00:00,2022-06-17 18:50:00+00:00,2022-06-17 18:50:00+00:00,2022-06-17 19:20:00+00:00,1.04942,1.04982,1.04882,1.04983,STOP,0.0004,-1.0250000000000536,-1.1500000000000536,-0.41000000000002146
N1_ROLLING_SWEEP_FADE,NEUTRAL,SHORT,2022-06-19 23:00:00+00:00,2022-06-19 23:05:00+00:00,2022-06-19 23:05:00+00:00,2022-06-20 00:00:00+00:00,1.0489499999999998,1.0493499999999998,1.04835,1.0493599999999998,STOP,0.0004,-1.0250000000000536,-1.1500000000000536,-0.41000000000002146
N1_ROLLING_SWEEP_FADE,NEUTRAL,SHORT,2022-06-20 00:50:00+00:00,2022-06-20 00:55:00+00:00,2022-06-20 00:55:00+00:00,2022-06-20 01:00:00+00:00,1.04927,1.0496699999999999,1.04867,1.04968,STOP,0.0004,-1.0250000000000536,-1.1500000000000536,-0.41000000000002146
N4_MICRO_BREAKOUT,NEUTRAL,LONG,2022-06-20 01:00:00+00:00,2022-06-20 01:05:00+00:00,2022-06-20 01:05:00+00:00,2022-06-20 01:05:00+00:00,1.0498800000000001,1.0494800000000002,1.05048,1.0494700000000001,STOP,0.0004,-1.0250000000000536,-1.1500000000000536,-0.41000000000002146
N4_MICRO_BREAKOUT,NEUTRAL,LONG,2022-06-20 02:40:00+00:00,2022-06-20 02:45:00+00:00,2022-06-20 02:45:00+00:00,2022-06-20 03:10:00+00:00,1.05177,1.0513700000000001,1.05237,1.05236,TARGET,0.0004,1.474999999999671,1.349999999999671,0.5899999999998684
N3_ANCHOR_REVERSION,NEUTRAL,SHORT,2022-06-21 07:55:00+00:00,2022-06-21 08:00:00+00:00,2022-06-21 08:00:00+00:00,2022-06-21 08:05:00+00:00,1.0556299999999998,1.0560299999999998,1.05503,1.0560399999999999,STOP,0.0004,-1.0250000000000536,-1.1500000000000536,-0.41000000000002146
N3_ANCHOR_REVERSION,NEUTRAL,SHORT,2022-06-21 08:45:00+00:00,2022-06-21 08:50:00+00:00,2022-06-21 08:50:00+00:00,2022-06-21 08:50:00+00:00,1.05659,1.0569899999999999,1.05599,1.057,STOP,0.0004,-1.0250000000000536,-1.1500000000000536,-0.41000000000002146
N4_MICRO_BREAKOUT,NEUTRAL,SHORT,2022-06-21 11:05:00+00:00,2022-06-21 11:10:00+00:00,2022-06-21 11:10:00+00:00,2022-06-21 11:10:00+00:00,1.0547799999999998,1.0551799999999998,1.05418,1.0551899999999999,STOP,0.0004,-1.0250000000000536,-1.1500000000000536,-0.41000000000002146
N1_ROLLING_SWEEP_FADE,NEUTRAL,LONG,2022-06-21 11:15:00+00:00,2022-06-21 11:20:00+00:00,2022-06-21 11:20:00+00:00,2022-06-21 11:20:00+00:00,1.05525,1.05485,1.05585,1.05484,STOP,0.0004,-1.0250000000000536,-1.1500000000000536,-0.41000000000002146
N4_MICRO_BREAKOUT,NEUTRAL,SHORT,2022-06-22 00:00:00+00:00,2022-06-22 00:05:00+00:00,2022-06-22 00:05:00+00:00,2022-06-22 00:10:00+00:00,1.05284,1.05324,1.05224,1.0522500000000001,TARGET,0.0004,1.474999999999671,1.349999999999671,0.5899999999998684
N1_ROLLING_SWEEP_FADE,NEUTRAL,LONG,2022-06-22 00:15:00+00:00,2022-06-22 00:20:00+00:00,2022-06-22 00:20:00+00:00,2022-06-22 00:30:00+00:00,1.05244,1.05204,1.05304,1.05203,STOP,0.0004,-1.0250000000000536,-1.1500000000000536,-0.41000000000002146
N4_MICRO_BREAKOUT,NEUTRAL,SHORT,2022-06-22 00:40:00+00:00,2022-06-22 00:45:00+00:00,2022-06-22 00:45:00+00:00,2022-06-22 00:45:00+00:00,1.0516299999999998,1.0520299999999998,1.05103,1.0520399999999999,STOP,0.0004,-1.0250000000000536,-1.1500000000000536,-0.41000000000002146
N4_MICRO_BREAKOUT,NEUTRAL,SHORT,2022-06-22 01:10:00+00:00,2022-06-22 01:15:00+00:00,2022-06-22 01:15:00+00:00,2022-06-22 01:20:00+00:00,1.05097,1.05137,1.05037,1.05138,STOP,0.0004,-1.0250000000000536,-1.1500000000000536,-0.41000000000002146
N1_ROLLING_SWEEP_FADE,NEUTRAL,LONG,2022-06-23 11:10:00+00:00,2022-06-23 11:15:00+00:00,2022-06-23 11:15:00+00:00,2022-06-23 11:15:00+00:00,1.05021,1.0498100000000001,1.05081,1.0498,STOP,0.0004,-1.0250000000000536,-1.1500000000000536,-0.41000000000002146
N1_ROLLING_SWEEP_FADE,NEUTRAL,LONG,2022-06-23 11:40:00+00:00,2022-06-23 11:45:00+00:00,2022-06-23 11:45:00+00:00,2022-06-23 11:45:00+00:00,1.0504,1.05,1.051,1.0509899999999999,TARGET,0.0004,1.474999999999671,1.349999999999671,0.5899999999998684
N4_MICRO_BREAKOUT,NEUTRAL,SHORT,2022-06-23 12:10:00+00:00,2022-06-23 12:15:00+00:00,2022-06-23 12:15:00+00:00,2022-06-23 12:20:00+00:00,1.0493599999999998,1.0497599999999998,1.04876,1.0497699999999999,STOP,0.0004,-1.0250000000000536,-1.1500000000000536,-0.41000000000002146
N1_ROLLING_SWEEP_FADE,NEUTRAL,SHORT,2022-06-23 12:40:00+00:00,2022-06-23 12:45:00+00:00,2022-06-23 12:45:00+00:00,2022-06-23 12:45:00+00:00,1.05061,1.05101,1.05001,1.05102,STOP,0.0004,-1.0250000000000536,-1.1500000000000536,-0.41000000000002146
N3_ANCHOR_REVERSION,NEUTRAL,LONG,2022-06-27 19:05:00+00:00,2022-06-27 19:10:00+00:00,2022-06-27 19:10:00+00:00,2022-06-27 19:55:00+00:00,1.0584500000000001,1.0580500000000002,1.05905,1.05804,STOP,0.0004,-1.0250000000000536,-1.1500000000000536,-0.41000000000002146
N1_ROLLING_SWEEP_FADE,NEUTRAL,LONG,2022-06-27 20:00:00+00:00,2022-06-27 20:05:00+00:00,2022-06-27 20:05:00+00:00,2022-06-27 22:40:00+00:00,1.05809,1.05769,1.05869,1.05768,STOP,0.0004,-1.0250000000000536,-1.1500000000000536,-0.41000000000002146
N3_ANCHOR_REVERSION,NEUTRAL,LONG,2022-06-27 22:45:00+00:00,2022-06-27 22:50:00+00:00,2022-06-27 22:50:00+00:00,2022-06-28 00:25:00+00:00,1.05792,1.05752,1.05852,1.0585099999999998,TARGET,0.0004,1.474999999999671,1.349999999999671,0.5899999999998684
N1_ROLLING_SWEEP_FADE,NEUTRAL,SHORT,2022-06-28 00:25:00+00:00,2022-06-28 00:30:00+00:00,2022-06-28 00:30:00+00:00,2022-06-28 00:50:00+00:00,1.05826,1.05866,1.05766,1.05767,TARGET,0.0004,1.474999999999671,1.349999999999671,0.5899999999998684
N3_ANCHOR_REVERSION,NEUTRAL,LONG,2022-06-28 00:55:00+00:00,2022-06-28 01:00:00+00:00,2022-06-28 01:00:00+00:00,2022-06-28 01:15:00+00:00,1.0576800000000002,1.0572800000000002,1.05828,1.05827,TARGET,0.0004,1.474999999999671,1.349999999999671,0.5899999999998684
N1_ROLLING_SWEEP_FADE,NEUTRAL,SHORT,2022-06-28 02:50:00+00:00,2022-06-28 02:55:00+00:00,2022-06-28 02:55:00+00:00,2022-06-28 03:40:00+00:00,1.0578299999999998,1.0582299999999998,1.05723,1.0582399999999998,STOP,0.0004,-1.0250000000000536,-1.1500000000000536,-0.41000000000002146
N3_ANCHOR_REVERSION,NEUTRAL,LONG,2022-06-28 14:45:00+00:00,2022-06-28 14:50:00+00:00,2022-06-28 14:50:00+00:00,2022-06-28 14:50:00+00:00,1.05194,1.0515400000000001,1.05254,1.05153,STOP,0.0004,-1.0250000000000536,-1.1500000000000536,-0.41000000000002146
N3_ANCHOR_REVERSION,NEUTRAL,SHORT,2022-06-29 00:20:00+00:00,2022-06-29 00:25:00+00:00,2022-06-29 00:25:00+00:00,2022-06-29 00:25:00+00:00,1.05274,1.05314,1.05214,1.05315,STOP,0.0004,-1.0250000000000536,-1.1500000000000536,-0.41000000000002146
N3_ANCHOR_REVERSION,NEUTRAL,SHORT,2022-06-29 00:30:00+00:00,2022-06-29 00:35:00+00:00,2022-06-29 00:35:00+00:00,2022-06-29 00:40:00+00:00,1.05283,1.0532299999999999,1.05223,1.05224,TARGET,0.0004,1.474999999999671,1.349999999999671,0.5899999999998684
N1_ROLLING_SWEEP_FADE,NEUTRAL,LONG,2022-06-29 01:00:00+00:00,2022-06-29 01:05:00+00:00,2022-06-29 01:05:00+00:00,2022-06-29 01:30:00+00:00,1.05227,1.05187,1.05287,1.05286,TARGET,0.0004,1.474999999999671,1.349999999999671,0.5899999999998684
N1_ROLLING_SWEEP_FADE,NEUTRAL,SHORT,2022-06-29 01:30:00+00:00,2022-06-29 01:35:00+00:00,2022-06-29 01:35:00+00:00,2022-06-29 01:35:00+00:00,1.05263,1.05303,1.05203,1.05304,STOP,0.0004,-1.0250000000000536,-1.1500000000000536,-0.41000000000002146
N1_ROLLING_SWEEP_FADE,NEUTRAL,SHORT,2022-06-30 00:50:00+00:00,2022-06-30 00:55:00+00:00,2022-06-30 00:55:00+00:00,2022-06-30 01:10:00+00:00,1.0442399999999998,1.0446399999999998,1.04364,1.04365,TARGET,0.0004,1.474999999999671,1.349999999999671,0.5899999999998684
N4_MICRO_BREAKOUT,NEUTRAL,SHORT,2022-06-30 01:10:00+00:00,2022-06-30 01:15:00+00:00,2022-06-30 01:15:00+00:00,2022-06-30 01:15:00+00:00,1.0433999999999999,1.0437999999999998,1.0428,1.04381,STOP,0.0004,-1.0250000000000536,-1.1500000000000536,-0.41000000000002146
N1_ROLLING_SWEEP_FADE,NEUTRAL,LONG,2022-06-30 01:15:00+00:00,2022-06-30 01:20:00+00:00,2022-06-30 01:20:00+00:00,2022-06-30 01:30:00+00:00,1.04384,1.0434400000000001,1.04444,1.04443,TARGET,0.0004,1.474999999999671,1.349999999999671,0.5899999999998684
N3_ANCHOR_REVERSION,NEUTRAL,SHORT,2022-06-30 03:35:00+00:00,2022-06-30 03:40:00+00:00,2022-06-30 03:40:00+00:00,2022-06-30 04:55:00+00:00,1.0453599999999998,1.0457599999999998,1.04476,1.0457699999999999,STOP,0.0004,-1.0250000000000536,-1.1500000000000536,-0.41000000000002146
N4_MICRO_BREAKOUT,NEUTRAL,SHORT,2022-07-01 00:05:00+00:00,2022-07-01 00:10:00+00:00,2022-07-01 00:10:00+00:00,2022-07-01 00:55:00+00:00,1.04713,1.0475299999999999,1.04653,1.04754,STOP,0.0004,-1.0250000000000536,-1.1500000000000536,-0.41000000000002146
N3_ANCHOR_REVERSION,NEUTRAL,LONG,2022-07-01 02:35:00+00:00,2022-07-01 02:40:00+00:00,2022-07-01 02:40:00+00:00,2022-07-01 03:10:00+00:00,1.0465300000000002,1.0461300000000002,1.0471300000000001,1.0461200000000002,STOP,0.0004,-1.0250000000000536,-1.1500000000000536,-0.41000000000002146
N3_ANCHOR_REVERSION,NEUTRAL,LONG,2022-07-01 03:20:00+00:00,2022-07-01 03:25:00+00:00,2022-07-01 03:25:00+00:00,2022-07-01 03:25:00+00:00,1.0466,1.0462,1.0472,1.04619,STOP,0.0004,-1.0250000000000536,-1.1500000000000536,-0.41000000000002146
N1_ROLLING_SWEEP_FADE,NEUTRAL,LONG,2022-07-01 03:30:00+00:00,2022-07-01 03:35:00+00:00,2022-07-01 03:35:00+00:00,2022-07-01 03:40:00+00:00,1.04613,1.04573,1.04673,1.04572,STOP,0.0004,-1.0250000000000536,-1.1500000000000536,-0.41000000000002146
N4_MICRO_BREAKOUT,NEUTRAL,LONG,2022-07-03 22:00:00+00:00,2022-07-03 22:05:00+00:00,2022-07-03 22:05:00+00:00,2022-07-03 22:10:00+00:00,1.0425600000000002,1.0421600000000002,1.04316,1.04315,TARGET,0.0004,1.474999999999671,1.349999999999671,0.5899999999998684
N4_MICRO_BREAKOUT,NEUTRAL,LONG,2022-07-03 22:20:00+00:00,2022-07-03 22:25:00+00:00,2022-07-03 22:25:00+00:00,2022-07-03 22:40:00+00:00,1.04359,1.04319,1.04419,1.04318,STOP,0.0004,-1.0250000000000536,-1.1500000000000536,-0.41000000000002146
N3_ANCHOR_REVERSION,NEUTRAL,SHORT,2022-07-03 22:45:00+00:00,2022-07-03 22:50:00+00:00,2022-07-03 22:50:00+00:00,2022-07-03 22:55:00+00:00,1.04322,1.04362,1.04262,1.04363,STOP,0.0004,-1.0250000000000536,-1.1500000000000536,-0.41000000000002146
N4_MICRO_BREAKOUT,NEUTRAL,LONG,2022-07-03 22:55:00+00:00,2022-07-03 23:00:00+00:00,2022-07-03 23:00:00+00:00,2022-07-03 23:05:00+00:00,1.04372,1.04332,1.04432,1.04331,STOP,0.0004,-1.0250000000000536,-1.1500000000000536,-0.41000000000002146
N4_MICRO_BREAKOUT,NEUTRAL,LONG,2022-07-04 00:00:00+00:00,2022-07-04 00:05:00+00:00,2022-07-04 00:05:00+00:00,2022-07-04 00:05:00+00:00,1.04406,1.04366,1.04466,1.04365,STOP,0.0004,-1.0250000000000536,-1.1500000000000536,-0.41000000000002146
N1_ROLLING_SWEEP_FADE,NEUTRAL,SHORT,2022-07-04 00:25:00+00:00,2022-07-04 00:30:00+00:00,2022-07-04 00:30:00+00:00,2022-07-04 00:40:00+00:00,1.0442399999999998,1.0446399999999998,1.04364,1.04365,TARGET,0.0004,1.474999999999671,1.349999999999671,0.5899999999998684
N1_ROLLING_SWEEP_FADE,NEUTRAL,LONG,2022-07-04 00:55:00+00:00,2022-07-04 01:00:00+00:00,2022-07-04 01:00:00+00:00,2022-07-04 01:10:00+00:00,1.0434800000000002,1.0430800000000002,1.0440800000000001,1.0430700000000002,STOP,0.0004,-1.0250000000000536,-1.1500000000000536,-0.41000000000002146
N1_ROLLING_SWEEP_FADE,NEUTRAL,LONG,2022-07-04 01:20:00+00:00,2022-07-04 01:25:00+00:00,2022-07-04 01:25:00+00:00,2022-07-04 01:40:00+00:00,1.0429000000000002,1.0425000000000002,1.0435,1.04349,TARGET,0.0004,1.474999999999671,1.349999999999671,0.5899999999998684
N4_MICRO_BREAKOUT,NEUTRAL,LONG,2022-07-06 01:05:00+00:00,2022-07-06 01:10:00+00:00,2022-07-06 01:10:00+00:00,2022-07-06 01:15:00+00:00,1.0271400000000002,1.0267400000000002,1.02774,1.0267300000000001,STOP,0.0004,-1.0250000000000536,-1.1500000000000536,-0.41000000000002146
N4_MICRO_BREAKOUT,NEUTRAL,SHORT,2022-07-06 01:25:00+00:00,2022-07-06 01:30:00+00:00,2022-07-06 01:30:00+00:00,2022-07-06 01:30:00+00:00,1.02561,1.0260099999999999,1.02501,1.02602,STOP,0.0004,-1.0250000000000536,-1.1500000000000536,-0.41000000000002146
N1_ROLLING_SWEEP_FADE,NEUTRAL,LONG,2022-07-06 10:55:00+00:00,2022-07-06 11:00:00+00:00,2022-07-06 11:00:00+00:00,2022-07-06 11:05:00+00:00,1.0196100000000001,1.0192100000000002,1.02021,1.0192,STOP,0.0004,-1.0250000000000536,-1.1500000000000536,-0.41000000000002146
N3_ANCHOR_REVERSION,NEUTRAL,LONG,2022-07-06 11:35:00+00:00,2022-07-06 11:40:00+00:00,2022-07-06 11:40:00+00:00,2022-07-06 11:40:00+00:00,1.01956,1.01916,1.02016,1.01915,STOP,0.0004,-1.0250000000000536,-1.1500000000000536,-0.41000000000002146
N3_ANCHOR_REVERSION,NEUTRAL,LONG,2022-07-07 00:15:00+00:00,2022-07-07 00:20:00+00:00,2022-07-07 00:20:00+00:00,2022-07-07 00:40:00+00:00,1.0180600000000002,1.0176600000000002,1.0186600000000001,1.01865,TARGET,0.0004,1.474999999999671,1.349999999999671,0.5899999999998684
N1_ROLLING_SWEEP_FADE,NEUTRAL,SHORT,2022-07-07 00:45:00+00:00,2022-07-07 00:50:00+00:00,2022-07-07 00:50:00+00:00,2022-07-07 02:05:00+00:00,1.01864,1.01904,1.01804,1.01905,STOP,0.0004,-1.0250000000000536,-1.1500000000000536,-0.41000000000002146
N1_ROLLING_SWEEP_FADE,NEUTRAL,LONG,2022-07-07 19:10:00+00:00,2022-07-07 19:15:00+00:00,2022-07-07 19:15:00+00:00,2022-07-07 19:30:00+00:00,1.0156800000000001,1.0152800000000002,1.01628,1.01627,TARGET,0.0004,1.474999999999671,1.349999999999671,0.5899999999998684
N4_MICRO_BREAKOUT,NEUTRAL,LONG,2022-07-07 19:55:00+00:00,2022-07-07 20:00:00+00:00,2022-07-07 20:00:00+00:00,2022-07-07 20:00:00+00:00,1.0166700000000002,1.0162700000000002,1.0172700000000001,1.0162600000000002,STOP,0.0004,-1.0250000000000536,-1.1500000000000536,-0.41000000000002146
N4_MICRO_BREAKOUT,NEUTRAL,LONG,2022-07-08 00:00:00+00:00,2022-07-08 00:05:00+00:00,2022-07-08 00:05:00+00:00,2022-07-08 00:05:00+00:00,1.01729,1.01689,1.01789,1.01688,STOP,0.0004,-1.0250000000000536,-1.1500000000000536,-0.41000000000002146
N3_ANCHOR_REVERSION,NEUTRAL,SHORT,2022-07-08 00:05:00+00:00,2022-07-08 00:10:00+00:00,2022-07-08 00:10:00+00:00,2022-07-08 00:15:00+00:00,1.0168899999999998,1.0172899999999998,1.01629,1.0172999999999999,STOP,0.0004,-1.0250000000000536,-1.1500000000000536,-0.41000000000002146
N4_MICRO_BREAKOUT,NEUTRAL,LONG,2022-07-08 00:15:00+00:00,2022-07-08 00:20:00+00:00,2022-07-08 00:20:00+00:00,2022-07-08 00:45:00+00:00,1.01743,1.01703,1.01803,1.01802,TARGET,0.0004,1.474999999999671,1.349999999999671,0.5899999999998684
N1_ROLLING_SWEEP_FADE,NEUTRAL,SHORT,2022-07-08 00:45:00+00:00,2022-07-08 00:50:00+00:00,2022-07-08 00:50:00+00:00,2022-07-08 00:50:00+00:00,1.01776,1.01816,1.01716,1.01817,STOP,0.0004,-1.0250000000000536,-1.1500000000000536,-0.41000000000002146
N1_ROLLING_SWEEP_FADE,NEUTRAL,LONG,2022-07-12 04:45:00+00:00,2022-07-12 04:50:00+00:00,2022-07-12 04:50:00+00:00,2022-07-12 05:05:00+00:00,1.0013100000000001,1.0009100000000002,1.00191,1.0009000000000001,STOP,0.0004,-1.0250000000000536,-1.1500000000000536,-0.41000000000002146
N3_ANCHOR_REVERSION,NEUTRAL,LONG,2022-07-12 19:45:00+00:00,2022-07-12 19:50:00+00:00,2022-07-12 19:50:00+00:00,2022-07-12 19:55:00+00:00,1.0041900000000001,1.0037900000000002,1.00479,1.0037800000000001,STOP,0.0004,-1.0250000000000536,-1.1500000000000536,-0.41000000000002146
N4_MICRO_BREAKOUT,NEUTRAL,SHORT,2022-07-12 19:55:00+00:00,2022-07-12 20:00:00+00:00,2022-07-12 20:00:00+00:00,2022-07-12 20:00:00+00:00,1.00322,1.00362,1.00262,1.00363,STOP,0.0004,-1.0250000000000536,-1.1500000000000536,-0.41000000000002146
N3_ANCHOR_REVERSION,NEUTRAL,LONG,2022-07-12 20:30:00+00:00,2022-07-12 20:35:00+00:00,2022-07-12 20:35:00+00:00,2022-07-12 21:25:00+00:00,1.00367,1.00327,1.00427,1.00326,STOP,0.0004,-1.0250000000000536,-1.1500000000000536,-0.41000000000002146
N3_ANCHOR_REVERSION,NEUTRAL,LONG,2022-07-13 22:25:00+00:00,2022-07-13 22:30:00+00:00,2022-07-13 22:30:00+00:00,2022-07-13 22:30:00+00:00,1.00581,1.0054100000000001,1.00641,1.0054,STOP,0.0004,-1.0250000000000536,-1.1500000000000536,-0.41000000000002146
N4_MICRO_BREAKOUT,NEUTRAL,SHORT,2022-07-13 22:30:00+00:00,2022-07-13 22:35:00+00:00,2022-07-13 22:35:00+00:00,2022-07-13 23:20:00+00:00,1.00532,1.00572,1.00472,1.0047300000000001,TARGET,0.0004,1.474999999999671,1.349999999999671,0.5899999999998684
N4_MICRO_BREAKOUT,NEUTRAL,SHORT,2022-07-13 23:20:00+00:00,2022-07-13 23:25:00+00:00,2022-07-13 23:25:00+00:00,2022-07-13 23:35:00+00:00,1.00457,1.00497,1.00397,1.00398,TARGET,0.0004,1.474999999999671,1.349999999999671,0.5899999999998684
N4_MICRO_BREAKOUT,NEUTRAL,SHORT,2022-07-13 23:35:00+00:00,2022-07-13 23:40:00+00:00,2022-07-13 23:40:00+00:00,2022-07-13 23:45:00+00:00,1.00386,1.00426,1.00326,1.00327,TARGET,0.0004,1.474999999999671,1.349999999999671,0.5899999999998684
N3_ANCHOR_REVERSION,NEUTRAL,LONG,2022-07-13 23:55:00+00:00,2022-07-14 00:00:00+00:00,2022-07-14 00:00:00+00:00,2022-07-14 00:05:00+00:00,1.00349,1.00309,1.00409,1.0040799999999999,TARGET,0.0004,1.474999999999671,1.349999999999671,0.5899999999998684
N4_MICRO_BREAKOUT,NEUTRAL,SHORT,2022-07-14 00:25:00+00:00,2022-07-14 00:30:00+00:00,2022-07-14 00:30:00+00:00,2022-07-14 00:55:00+00:00,1.0027899999999998,1.0031899999999998,1.00219,1.0022,TARGET,0.0004,1.474999999999671,1.349999999999671,0.5899999999998684
N3_ANCHOR_REVERSION,NEUTRAL,LONG,2022-07-14 02:00:00+00:00,2022-07-14 02:05:00+00:00,2022-07-14 02:05:00+00:00,2022-07-14 02:10:00+00:00,1.00225,1.0018500000000001,1.00285,1.00184,STOP,0.0004,-1.0250000000000536,-1.1500000000000536,-0.41000000000002146
N1_ROLLING_SWEEP_FADE,NEUTRAL,LONG,2022-07-14 04:45:00+00:00,2022-07-14 04:50:00+00:00,2022-07-14 04:50:00+00:00,2022-07-14 04:50:00+00:00,1.0027700000000002,1.0023700000000002,1.00337,1.0023600000000001,STOP,0.0004,-1.0250000000000536,-1.1500000000000536,-0.41000000000002146
N4_MICRO_BREAKOUT,NEUTRAL,LONG,2022-07-14 23:55:00+00:00,2022-07-15 00:00:00+00:00,2022-07-15 00:00:00+00:00,2022-07-15 00:05:00+00:00,1.00271,1.00231,1.00331,1.0023,STOP,0.0004,-1.0250000000000536,-1.1500000000000536,-0.41000000000002146
N1_ROLLING_SWEEP_FADE,NEUTRAL,LONG,2022-07-15 00:25:00+00:00,2022-07-15 00:30:00+00:00,2022-07-15 00:30:00+00:00,2022-07-15 01:00:00+00:00,1.0016100000000001,1.0012100000000002,1.00221,1.0022,TARGET,0.0004,1.474999999999671,1.349999999999671,0.5899999999998684
N1_ROLLING_SWEEP_FADE,NEUTRAL,SHORT,2022-07-15 01:15:00+00:00,2022-07-15 01:20:00+00:00,2022-07-15 01:20:00+00:00,2022-07-15 01:25:00+00:00,1.0019799999999999,1.0023799999999998,1.00138,1.00239,STOP,0.0004,-1.0250000000000536,-1.1500000000000536,-0.41000000000002146
N4_MICRO_BREAKOUT,NEUTRAL,LONG,2022-07-15 01:35:00+00:00,2022-07-15 01:40:00+00:00,2022-07-15 01:40:00+00:00,2022-07-15 02:00:00+00:00,1.00295,1.00255,1.00355,1.0035399999999999,TARGET,0.0004,1.474999999999671,1.349999999999671,0.5899999999998684
N3_ANCHOR_REVERSION,NEUTRAL,SHORT,2022-07-18 03:25:00+00:00,2022-07-18 03:30:00+00:00,2022-07-18 03:30:00+00:00,2022-07-18 04:10:00+00:00,1.01073,1.0111299999999999,1.01013,1.01014,TARGET,0.0004,1.474999999999671,1.349999999999671,0.5899999999998684
N1_ROLLING_SWEEP_FADE,NEUTRAL,LONG,2022-07-18 11:55:00+00:00,2022-07-18 12:00:00+00:00,2022-07-18 12:00:00+00:00,2022-07-18 12:00:00+00:00,1.0143300000000002,1.0139300000000002,1.01493,1.0139200000000002,STOP,0.0004,-1.0250000000000536,-1.1500000000000536,-0.41000000000002146
N1_ROLLING_SWEEP_FADE,NEUTRAL,LONG,2022-07-18 12:05:00+00:00,2022-07-18 12:10:00+00:00,2022-07-18 12:10:00+00:00,2022-07-18 12:10:00+00:00,1.01354,1.0131400000000002,1.01414,1.01313,STOP,0.0004,-1.0250000000000536,-1.1500000000000536,-0.41000000000002146
N4_MICRO_BREAKOUT,NEUTRAL,SHORT,2022-07-18 12:20:00+00:00,2022-07-18 12:25:00+00:00,2022-07-18 12:25:00+00:00,2022-07-18 12:25:00+00:00,1.0121799999999999,1.0125799999999998,1.01158,1.0125899999999999,STOP,0.0004,-1.0250000000000536,-1.1500000000000536,-0.41000000000002146
N3_ANCHOR_REVERSION,NEUTRAL,SHORT,2022-07-19 09:05:00+00:00,2022-07-19 09:10:00+00:00,2022-07-19 09:10:00+00:00,2022-07-19 09:15:00+00:00,1.02304,1.02344,1.02244,1.02245,TARGET,0.0004,1.474999999999671,1.349999999999671,0.5899999999998684
N3_ANCHOR_REVERSION,NEUTRAL,SHORT,2022-07-19 10:15:00+00:00,2022-07-19 10:20:00+00:00,2022-07-19 10:20:00+00:00,2022-07-19 10:20:00+00:00,1.0252,1.0255999999999998,1.0246,1.02561,STOP,0.0004,-1.0250000000000536,-1.1500000000000536,-0.41000000000002146
N3_ANCHOR_REVERSION,NEUTRAL,SHORT,2022-07-19 11:00:00+00:00,2022-07-19 11:05:00+00:00,2022-07-19 11:05:00+00:00,2022-07-19 11:05:00+00:00,1.02535,1.02575,1.02475,1.02576,STOP,0.0004,-1.0250000000000536,-1.1500000000000536,-0.41000000000002146
N1_ROLLING_SWEEP_FADE,NEUTRAL,LONG,2022-07-19 12:45:00+00:00,2022-07-19 12:50:00+00:00,2022-07-19 12:50:00+00:00,2022-07-19 12:55:00+00:00,1.0230000000000001,1.0226000000000002,1.0236,1.02259,STOP,0.0004,-1.0250000000000536,-1.1500000000000536,-0.41000000000002146
N3_ANCHOR_REVERSION,NEUTRAL,LONG,2022-07-20 11:55:00+00:00,2022-07-20 12:00:00+00:00,2022-07-20 12:00:00+00:00,2022-07-20 12:00:00+00:00,1.01913,1.0187300000000001,1.01973,1.01972,TARGET,0.0004,1.474999999999671,1.349999999999671,0.5899999999998684
N3_ANCHOR_REVERSION,NEUTRAL,LONG,2022-07-20 12:25:00+00:00,2022-07-20 12:30:00+00:00,2022-07-20 12:30:00+00:00,2022-07-20 12:30:00+00:00,1.0192,1.0188000000000001,1.0198,1.01979,TARGET,0.0004,1.474999999999671,1.349999999999671,0.5899999999998684
N1_ROLLING_SWEEP_FADE,NEUTRAL,SHORT,2022-07-20 13:20:00+00:00,2022-07-20 13:25:00+00:00,2022-07-20 13:25:00+00:00,2022-07-20 13:25:00+00:00,1.02307,1.0234699999999999,1.02247,1.02348,STOP,0.0004,-1.0250000000000536,-1.1500000000000536,-0.41000000000002146
N3_ANCHOR_REVERSION,NEUTRAL,SHORT,2022-07-20 13:30:00+00:00,2022-07-20 13:35:00+00:00,2022-07-20 13:35:00+00:00,2022-07-20 13:35:00+00:00,1.02261,1.02301,1.02201,1.02302,STOP,0.0004,-1.0250000000000536,-1.1500000000000536,-0.41000000000002146
N4_MICRO_BREAKOUT,NEUTRAL,LONG,2022-07-21 00:10:00+00:00,2022-07-21 00:15:00+00:00,2022-07-21 00:15:00+00:00,2022-07-21 00:15:00+00:00,1.01868,1.01828,1.01928,1.01827,STOP,0.0004,-1.0250000000000536,-1.1500000000000536,-0.41000000000002146
N1_ROLLING_SWEEP_FADE,NEUTRAL,SHORT,2022-07-21 00:15:00+00:00,2022-07-21 00:20:00+00:00,2022-07-21 00:20:00+00:00,2022-07-21 00:20:00+00:00,1.0181,1.0185,1.0175,1.01851,STOP,0.0004,-1.0250000000000536,-1.1500000000000536,-0.41000000000002146
N1_ROLLING_SWEEP_FADE,NEUTRAL,SHORT,2022-07-21 00:25:00+00:00,2022-07-21 00:30:00+00:00,2022-07-21 00:30:00+00:00,2022-07-21 00:30:00+00:00,1.0184199999999999,1.0188199999999998,1.01782,1.01883,STOP,0.0004,-1.0250000000000536,-1.1500000000000536,-0.41000000000002146
N1_ROLLING_SWEEP_FADE,NEUTRAL,SHORT,2022-07-21 01:40:00+00:00,2022-07-21 01:45:00+00:00,2022-07-21 01:45:00+00:00,2022-07-21 02:00:00+00:00,1.01919,1.01959,1.01859,1.0196,STOP,0.0004,-1.0250000000000536,-1.1500000000000536,-0.41000000000002146
N4_MICRO_BREAKOUT,NEUTRAL,SHORT,2022-07-26 19:55:00+00:00,2022-07-26 20:00:00+00:00,2022-07-26 20:00:00+00:00,2022-07-26 20:00:00+00:00,1.01142,1.01182,1.01082,1.01183,STOP,0.0004,-1.0250000000000536,-1.1500000000000536,-0.41000000000002146
N4_MICRO_BREAKOUT,NEUTRAL,LONG,2022-07-26 22:10:00+00:00,2022-07-26 22:15:00+00:00,2022-07-26 22:15:00+00:00,2022-07-26 22:15:00+00:00,1.0132700000000001,1.0128700000000002,1.01387,1.01286,STOP,0.0004,-1.0250000000000536,-1.1500000000000536,-0.41000000000002146
N1_ROLLING_SWEEP_FADE,NEUTRAL,SHORT,2022-07-26 22:15:00+00:00,2022-07-26 22:20:00+00:00,2022-07-26 22:20:00+00:00,2022-07-26 23:05:00+00:00,1.01283,1.0132299999999999,1.01223,1.01324,STOP,0.0004,-1.0250000000000536,-1.1500000000000536,-0.41000000000002146
N4_MICRO_BREAKOUT,NEUTRAL,LONG,2022-07-26 23:15:00+00:00,2022-07-26 23:20:00+00:00,2022-07-26 23:20:00+00:00,2022-07-26 23:30:00+00:00,1.01343,1.01303,1.01403,1.01302,STOP,0.0004,-1.0250000000000536,-1.1500000000000536,-0.41000000000002146
N4_MICRO_BREAKOUT,NEUTRAL,LONG,2022-07-27 00:05:00+00:00,2022-07-27 00:10:00+00:00,2022-07-27 00:10:00+00:00,2022-07-27 00:55:00+00:00,1.0136200000000002,1.0132200000000002,1.0142200000000001,1.01421,TARGET,0.0004,1.474999999999671,1.349999999999671,0.5899999999998684
N3_ANCHOR_REVERSION,NEUTRAL,LONG,2022-07-27 14:55:00+00:00,2022-07-27 15:00:00+00:00,2022-07-27 15:00:00+00:00,2022-07-27 15:05:00+00:00,1.01208,1.0116800000000001,1.01268,1.01167,STOP,0.0004,-1.0250000000000536,-1.1500000000000536,-0.41000000000002146
N1_ROLLING_SWEEP_FADE,NEUTRAL,LONG,2022-07-27 16:00:00+00:00,2022-07-27 16:05:00+00:00,2022-07-27 16:05:00+00:00,2022-07-27 16:15:00+00:00,1.01137,1.0109700000000001,1.01197,1.01096,STOP,0.0004,-1.0250000000000536,-1.1500000000000536,-0.41000000000002146
N1_ROLLING_SWEEP_FADE,NEUTRAL,SHORT,2022-07-27 17:55:00+00:00,2022-07-27 18:00:00+00:00,2022-07-27 18:00:00+00:00,2022-07-27 18:00:00+00:00,1.01291,1.01331,1.01231,1.01332,STOP,0.0004,-1.0250000000000536,-1.1500000000000536,-0.41000000000002146
N3_ANCHOR_REVERSION,NEUTRAL,SHORT,2022-07-28 00:05:00+00:00,2022-07-28 00:10:00+00:00,2022-07-28 00:10:00+00:00,2022-07-28 00:15:00+00:00,1.02056,1.0209599999999999,1.01996,1.01997,TARGET,0.0004,1.474999999999671,1.349999999999671,0.5899999999998684
N1_ROLLING_SWEEP_FADE,NEUTRAL,SHORT,2022-07-28 01:20:00+00:00,2022-07-28 01:25:00+00:00,2022-07-28 01:25:00+00:00,2022-07-28 01:30:00+00:00,1.0195699999999999,1.0199699999999998,1.01897,1.0199799999999999,STOP,0.0004,-1.0250000000000536,-1.1500000000000536,-0.41000000000002146
N4_MICRO_BREAKOUT,NEUTRAL,LONG,2022-07-28 01:30:00+00:00,2022-07-28 01:35:00+00:00,2022-07-28 01:35:00+00:00,2022-07-28 01:40:00+00:00,1.0211400000000002,1.0207400000000002,1.02174,1.0207300000000001,STOP,0.0004,-1.0250000000000536,-1.1500000000000536,-0.41000000000002146
N3_ANCHOR_REVERSION,NEUTRAL,SHORT,2022-07-28 01:50:00+00:00,2022-07-28 01:55:00+00:00,2022-07-28 01:55:00+00:00,2022-07-28 02:05:00+00:00,1.02067,1.02107,1.02007,1.02008,TARGET,0.0004,1.474999999999671,1.349999999999671,0.5899999999998684
N1_ROLLING_SWEEP_FADE,NEUTRAL,SHORT,2022-08-03 18:00:00+00:00,2022-08-03 18:05:00+00:00,2022-08-03 18:05:00+00:00,2022-08-03 18:25:00+00:00,1.01563,1.01603,1.01503,1.01604,STOP,0.0004,-1.0250000000000536,-1.1500000000000536,-0.41000000000002146
N1_ROLLING_SWEEP_FADE,NEUTRAL,LONG,2022-08-03 18:45:00+00:00,2022-08-03 18:50:00+00:00,2022-08-03 18:50:00+00:00,2022-08-03 19:05:00+00:00,1.01543,1.01503,1.01603,1.01602,TARGET,0.0004,1.474999999999671,1.349999999999671,0.5899999999998684
N1_ROLLING_SWEEP_FADE,NEUTRAL,SHORT,2022-08-03 19:05:00+00:00,2022-08-03 19:10:00+00:00,2022-08-03 19:10:00+00:00,2022-08-03 19:10:00+00:00,1.0156699999999999,1.0160699999999998,1.01507,1.0160799999999999,STOP,0.0004,-1.0250000000000536,-1.1500000000000536,-0.41000000000002146
N3_ANCHOR_REVERSION,NEUTRAL,SHORT,2022-08-03 19:45:00+00:00,2022-08-03 19:50:00+00:00,2022-08-03 19:50:00+00:00,2022-08-03 22:05:00+00:00,1.017,1.0173999999999999,1.0164,1.01641,TARGET,0.0004,1.474999999999671,1.349999999999671,0.5899999999998684
N4_MICRO_BREAKOUT,NEUTRAL,LONG,2022-08-04 18:55:00+00:00,2022-08-04 19:00:00+00:00,2022-08-04 19:00:00+00:00,2022-08-04 19:05:00+00:00,1.02505,1.02465,1.02565,1.02464,STOP,0.0004,-1.0250000000000536,-1.1500000000000536,-0.41000000000002146
N3_ANCHOR_REVERSION,NEUTRAL,SHORT,2022-08-04 19:55:00+00:00,2022-08-04 20:00:00+00:00,2022-08-04 20:00:00+00:00,2022-08-04 21:00:00+00:00,1.02451,1.02491,1.02391,1.02492,STOP,0.0004,-1.0250000000000536,-1.1500000000000536,-0.41000000000002146
N1_ROLLING_SWEEP_FADE,NEUTRAL,SHORT,2022-08-05 16:50:00+00:00,2022-08-05 16:55:00+00:00,2022-08-05 16:55:00+00:00,2022-08-05 16:55:00+00:00,1.01799,1.01839,1.01739,1.0184,STOP,0.0004,-1.0250000000000536,-1.1500000000000536,-0.41000000000002146
N3_ANCHOR_REVERSION,NEUTRAL,SHORT,2022-08-09 13:35:00+00:00,2022-08-09 13:40:00+00:00,2022-08-09 13:40:00+00:00,2022-08-09 14:15:00+00:00,1.02398,1.0243799999999998,1.02338,1.02339,TARGET,0.0004,1.474999999999671,1.349999999999671,0.5899999999998684
N1_ROLLING_SWEEP_FADE,NEUTRAL,LONG,2022-08-09 14:20:00+00:00,2022-08-09 14:25:00+00:00,2022-08-09 14:25:00+00:00,2022-08-09 14:25:00+00:00,1.0235,1.0231000000000001,1.0241,1.02309,STOP,0.0004,-1.0250000000000536,-1.1500000000000536,-0.41000000000002146
N4_MICRO_BREAKOUT,NEUTRAL,SHORT,2022-08-09 14:45:00+00:00,2022-08-09 14:50:00+00:00,2022-08-09 14:50:00+00:00,2022-08-09 15:20:00+00:00,1.0222799999999999,1.0226799999999998,1.02168,1.0226899999999999,STOP,0.0004,-1.0250000000000536,-1.1500000000000536,-0.41000000000002146
N3_ANCHOR_REVERSION,NEUTRAL,LONG,2022-08-09 18:30:00+00:00,2022-08-09 18:35:00+00:00,2022-08-09 18:35:00+00:00,2022-08-09 19:05:00+00:00,1.0206700000000002,1.0202700000000002,1.0212700000000001,1.0202600000000002,STOP,0.0004,-1.0250000000000536,-1.1500000000000536,-0.41000000000002146
N3_ANCHOR_REVERSION,NEUTRAL,SHORT,2022-08-10 12:00:00+00:00,2022-08-10 12:05:00+00:00,2022-08-10 12:05:00+00:00,2022-08-10 12:15:00+00:00,1.02556,1.02596,1.02496,1.0249700000000002,TARGET,0.0004,1.474999999999671,1.349999999999671,0.5899999999998684
N1_ROLLING_SWEEP_FADE,NEUTRAL,LONG,2022-08-10 12:30:00+00:00,2022-08-10 12:35:00+00:00,2022-08-10 12:35:00+00:00,2022-08-10 12:35:00+00:00,1.03079,1.0303900000000001,1.03139,1.03138,TARGET,0.0004,1.474999999999671,1.349999999999671,0.5899999999998684
N3_ANCHOR_REVERSION,NEUTRAL,SHORT,2022-08-10 12:50:00+00:00,2022-08-10 12:55:00+00:00,2022-08-10 12:55:00+00:00,2022-08-10 12:55:00+00:00,1.0332,1.0335999999999999,1.0326,1.03261,TARGET,0.0004,1.474999999999671,1.349999999999671,0.5899999999998684
N4_MICRO_BREAKOUT,NEUTRAL,SHORT,2022-08-10 18:25:00+00:00,2022-08-10 18:30:00+00:00,2022-08-10 18:30:00+00:00,2022-08-10 18:30:00+00:00,1.03019,1.03059,1.02959,1.0306,STOP,0.0004,-1.0250000000000536,-1.1500000000000536,-0.41000000000002146
N1_ROLLING_SWEEP_FADE,NEUTRAL,SHORT,2022-08-11 00:05:00+00:00,2022-08-11 00:10:00+00:00,2022-08-11 00:10:00+00:00,2022-08-11 00:45:00+00:00,1.02988,1.0302799999999999,1.02928,1.03029,STOP,0.0004,-1.0250000000000536,-1.1500000000000536,-0.41000000000002146
N4_MICRO_BREAKOUT,NEUTRAL,SHORT,2022-08-11 01:15:00+00:00,2022-08-11 01:20:00+00:00,2022-08-11 01:20:00+00:00,2022-08-11 01:40:00+00:00,1.02904,1.02944,1.02844,1.02845,TARGET,0.0004,1.474999999999671,1.349999999999671,0.5899999999998684
N1_ROLLING_SWEEP_FADE,NEUTRAL,LONG,2022-08-11 01:40:00+00:00,2022-08-11 01:45:00+00:00,2022-08-11 01:45:00+00:00,2022-08-11 02:35:00+00:00,1.02871,1.02831,1.02931,1.0283,STOP,0.0004,-1.0250000000000536,-1.1500000000000536,-0.41000000000002146
N4_MICRO_BREAKOUT,NEUTRAL,SHORT,2022-08-11 05:10:00+00:00,2022-08-11 05:15:00+00:00,2022-08-11 05:15:00+00:00,2022-08-11 05:35:00+00:00,1.02785,1.0282499999999999,1.02725,1.02826,STOP,0.0004,-1.0250000000000536,-1.1500000000000536,-0.41000000000002146
N1_ROLLING_SWEEP_FADE,NEUTRAL,SHORT,2022-08-12 03:20:00+00:00,2022-08-12 03:25:00+00:00,2022-08-12 03:25:00+00:00,2022-08-12 04:00:00+00:00,1.03151,1.0319099999999999,1.03091,1.03192,STOP,0.0004,-1.0250000000000536,-1.1500000000000536,-0.41000000000002146
N1_ROLLING_SWEEP_FADE,NEUTRAL,SHORT,2022-08-12 13:55:00+00:00,2022-08-12 14:00:00+00:00,2022-08-12 14:00:00+00:00,2022-08-12 14:00:00+00:00,1.02802,1.02842,1.02742,1.02743,TARGET,0.0004,1.474999999999671,1.349999999999671,0.5899999999998684
N4_MICRO_BREAKOUT,NEUTRAL,SHORT,2022-08-12 14:00:00+00:00,2022-08-12 14:05:00+00:00,2022-08-12 14:05:00+00:00,2022-08-12 14:05:00+00:00,1.0258099999999999,1.0262099999999998,1.02521,1.02622,STOP,0.0004,-1.0250000000000536,-1.1500000000000536,-0.41000000000002146
N4_MICRO_BREAKOUT,NEUTRAL,SHORT,2022-08-12 14:35:00+00:00,2022-08-12 14:40:00+00:00,2022-08-12 14:40:00+00:00,2022-08-12 14:50:00+00:00,1.0252999999999999,1.0256999999999998,1.0247,1.02471,TARGET,0.0004,1.474999999999671,1.349999999999671,0.5899999999998684
N1_ROLLING_SWEEP_FADE,NEUTRAL,SHORT,2022-08-14 22:45:00+00:00,2022-08-14 22:50:00+00:00,2022-08-14 22:50:00+00:00,2022-08-15 00:30:00+00:00,1.02598,1.0263799999999998,1.02538,1.02639,STOP,0.0004,-1.0250000000000536,-1.1500000000000536,-0.41000000000002146
N4_MICRO_BREAKOUT,NEUTRAL,LONG,2022-08-15 00:50:00+00:00,2022-08-15 00:55:00+00:00,2022-08-15 00:55:00+00:00,2022-08-15 01:05:00+00:00,1.0267700000000002,1.0263700000000002,1.0273700000000001,1.0263600000000002,STOP,0.0004,-1.0250000000000536,-1.1500000000000536,-0.41000000000002146
N1_ROLLING_SWEEP_FADE,NEUTRAL,LONG,2022-08-15 08:55:00+00:00,2022-08-15 09:00:00+00:00,2022-08-15 09:00:00+00:00,2022-08-15 09:05:00+00:00,1.02078,1.02038,1.02138,1.02037,STOP,0.0004,-1.0250000000000536,-1.1500000000000536,-0.41000000000002146
N4_MICRO_BREAKOUT,NEUTRAL,SHORT,2022-08-15 09:15:00+00:00,2022-08-15 09:20:00+00:00,2022-08-15 09:20:00+00:00,2022-08-15 09:30:00+00:00,1.01963,1.02003,1.01903,1.0190400000000002,TARGET,0.0004,1.474999999999671,1.349999999999671,0.5899999999998684
N3_ANCHOR_REVERSION,NEUTRAL,LONG,2022-08-15 10:00:00+00:00,2022-08-15 10:05:00+00:00,2022-08-15 10:05:00+00:00,2022-08-15 10:10:00+00:00,1.02064,1.02024,1.02124,1.02023,STOP,0.0004,-1.0250000000000536,-1.1500000000000536,-0.41000000000002146
N3_ANCHOR_REVERSION,NEUTRAL,SHORT,2022-09-09 03:30:00+00:00,2022-09-09 03:35:00+00:00,2022-09-09 03:35:00+00:00,2022-09-09 03:35:00+00:00,1.0065499999999998,1.0069499999999998,1.00595,1.0069599999999999,STOP,0.0004,-1.0250000000000536,-1.1500000000000536,-0.41000000000002146
N1_ROLLING_SWEEP_FADE,NEUTRAL,LONG,2022-09-09 05:55:00+00:00,2022-09-09 06:00:00+00:00,2022-09-09 06:00:00+00:00,2022-09-09 06:00:00+00:00,1.00678,1.00638,1.00738,1.00637,STOP,0.0004,-1.0250000000000536,-1.1500000000000536,-0.41000000000002146
N1_ROLLING_SWEEP_FADE,NEUTRAL,LONG,2022-09-09 06:05:00+00:00,2022-09-09 06:10:00+00:00,2022-09-09 06:10:00+00:00,2022-09-09 07:00:00+00:00,1.00647,1.00607,1.00707,1.0070599999999998,TARGET,0.0004,1.474999999999671,1.349999999999671,0.5899999999998684
N4_MICRO_BREAKOUT,NEUTRAL,LONG,2022-09-09 07:00:00+00:00,2022-09-09 07:05:00+00:00,2022-09-09 07:05:00+00:00,2022-09-09 07:10:00+00:00,1.00753,1.00713,1.00813,1.00812,TARGET,0.0004,1.474999999999671,1.349999999999671,0.5899999999998684
N1_ROLLING_SWEEP_FADE,NEUTRAL,SHORT,2022-09-12 12:05:00+00:00,2022-09-12 12:10:00+00:00,2022-09-12 12:10:00+00:00,2022-09-12 12:10:00+00:00,1.0147,1.0151,1.0141,1.01511,STOP,0.0004,-1.0250000000000536,-1.1500000000000536,-0.41000000000002146
N1_ROLLING_SWEEP_FADE,NEUTRAL,LONG,2022-09-12 12:55:00+00:00,2022-09-12 13:00:00+00:00,2022-09-12 13:00:00+00:00,2022-09-12 13:00:00+00:00,1.0142200000000001,1.0138200000000002,1.01482,1.01381,STOP,0.0004,-1.0250000000000536,-1.1500000000000536,-0.41000000000002146
N4_MICRO_BREAKOUT,NEUTRAL,SHORT,2022-09-12 13:15:00+00:00,2022-09-12 13:20:00+00:00,2022-09-12 13:20:00+00:00,2022-09-12 13:20:00+00:00,1.01102,1.01142,1.01042,1.01143,STOP,0.0004,-1.0250000000000536,-1.1500000000000536,-0.41000000000002146
N3_ANCHOR_REVERSION,NEUTRAL,LONG,2022-09-12 13:25:00+00:00,2022-09-12 13:30:00+00:00,2022-09-12 13:30:00+00:00,2022-09-12 13:30:00+00:00,1.0122600000000002,1.0118600000000002,1.01286,1.0118500000000001,STOP,0.0004,-1.0250000000000536,-1.1500000000000536,-0.41000000000002146
N3_ANCHOR_REVERSION,NEUTRAL,LONG,2022-09-13 17:00:00+00:00,2022-09-13 17:05:00+00:00,2022-09-13 17:05:00+00:00,2022-09-13 17:10:00+00:00,1.00052,1.0001200000000001,1.00112,1.00011,STOP,0.0004,-1.0250000000000536,-1.1500000000000536,-0.41000000000002146
N1_ROLLING_SWEEP_FADE,NEUTRAL,LONG,2022-09-13 18:00:00+00:00,2022-09-13 18:05:00+00:00,2022-09-13 18:05:00+00:00,2022-09-13 18:35:00+00:00,0.99885,0.9984500000000001,0.9994500000000001,0.9984400000000001,STOP,0.0004,-1.024999999999776,-1.149999999999776,-0.40999999999991044
N1_ROLLING_SWEEP_FADE,NEUTRAL,LONG,2022-09-13 18:55:00+00:00,2022-09-13 19:00:00+00:00,2022-09-13 19:00:00+00:00,2022-09-13 19:30:00+00:00,0.99781,0.99741,0.99841,0.9974000000000001,STOP,0.0004,-1.024999999999776,-1.149999999999776,-0.40999999999991044
N4_MICRO_BREAKOUT,NEUTRAL,SHORT,2022-09-13 19:40:00+00:00,2022-09-13 19:45:00+00:00,2022-09-13 19:45:00+00:00,2022-09-13 21:10:00+00:00,0.99728,0.99768,0.99668,0.99669,TARGET,0.0004,1.4750000000002261,1.3500000000002261,0.5900000000000905
N1_ROLLING_SWEEP_FADE,NEUTRAL,SHORT,2022-09-13 23:55:00+00:00,2022-09-14 00:00:00+00:00,2022-09-14 00:00:00+00:00,2022-09-14 00:10:00+00:00,0.99778,0.99818,0.99718,0.9981899999999999,STOP,0.0004,-1.024999999999776,-1.149999999999776,-0.40999999999991044
N1_ROLLING_SWEEP_FADE,NEUTRAL,SHORT,2022-09-14 00:10:00+00:00,2022-09-14 00:15:00+00:00,2022-09-14 00:15:00+00:00,2022-09-14 00:15:00+00:00,0.99775,0.99815,0.99715,0.9971599999999999,TARGET,0.0004,1.4750000000002261,1.3500000000002261,0.5900000000000905
N1_ROLLING_SWEEP_FADE,NEUTRAL,LONG,2022-09-20 04:20:00+00:00,2022-09-20 04:25:00+00:00,2022-09-20 04:25:00+00:00,2022-09-20 04:35:00+00:00,1.00262,1.00222,1.00322,1.00221,STOP,0.0004,-1.0250000000000536,-1.1500000000000536,-0.41000000000002146
N3_ANCHOR_REVERSION,NEUTRAL,LONG,2022-09-20 05:00:00+00:00,2022-09-20 05:05:00+00:00,2022-09-20 05:05:00+00:00,2022-09-20 05:30:00+00:00,1.00232,1.0019200000000001,1.00292,1.00291,TARGET,0.0004,1.474999999999671,1.349999999999671,0.5899999999998684
N4_MICRO_BREAKOUT,NEUTRAL,SHORT,2022-09-20 11:55:00+00:00,2022-09-20 12:00:00+00:00,2022-09-20 12:00:00+00:00,2022-09-20 12:05:00+00:00,0.9986700000000001,0.99907,0.99807,0.99808,TARGET,0.0004,1.4750000000002261,1.3500000000002261,0.5900000000000905
N3_ANCHOR_REVERSION,NEUTRAL,LONG,2022-09-20 12:10:00+00:00,2022-09-20 12:15:00+00:00,2022-09-20 12:15:00+00:00,2022-09-20 12:15:00+00:00,0.99863,0.9982300000000001,0.9992300000000001,0.9982200000000001,STOP,0.0004,-1.024999999999776,-1.149999999999776,-0.40999999999991044
N3_ANCHOR_REVERSION,NEUTRAL,SHORT,2022-09-29 19:05:00+00:00,2022-09-29 19:10:00+00:00,2022-09-29 19:10:00+00:00,2022-09-29 19:10:00+00:00,0.9788600000000001,0.97926,0.97826,0.97927,STOP,0.0004,-1.024999999999776,-1.149999999999776,-0.40999999999991044
N3_ANCHOR_REVERSION,NEUTRAL,SHORT,2022-09-29 19:40:00+00:00,2022-09-29 19:45:00+00:00,2022-09-29 19:45:00+00:00,2022-09-29 20:30:00+00:00,0.9802500000000001,0.98065,0.97965,0.98066,STOP,0.0004,-1.024999999999776,-1.149999999999776,-0.40999999999991044
N4_MICRO_BREAKOUT,NEUTRAL,LONG,2022-09-29 22:00:00+00:00,2022-09-29 22:05:00+00:00,2022-09-29 22:05:00+00:00,2022-09-29 22:05:00+00:00,0.9833799999999999,0.98298,0.98398,0.98297,STOP,0.0004,-1.024999999999776,-1.149999999999776,-0.40999999999991044
N4_MICRO_BREAKOUT,NEUTRAL,LONG,2022-09-29 22:15:00+00:00,2022-09-29 22:20:00+00:00,2022-09-29 22:20:00+00:00,2022-09-29 22:20:00+00:00,0.98444,0.98404,0.98504,0.9840300000000001,STOP,0.0004,-1.024999999999776,-1.149999999999776,-0.40999999999991044
N3_ANCHOR_REVERSION,NEUTRAL,SHORT,2022-09-29 23:55:00+00:00,2022-09-30 00:00:00+00:00,2022-09-30 00:00:00+00:00,2022-09-30 00:00:00+00:00,0.9829100000000001,0.98331,0.98231,0.98232,TARGET,0.0004,1.4750000000002261,1.3500000000002261,0.5900000000000905
N1_ROLLING_SWEEP_FADE,NEUTRAL,SHORT,2022-09-30 00:55:00+00:00,2022-09-30 01:00:00+00:00,2022-09-30 01:00:00+00:00,2022-09-30 01:00:00+00:00,0.9825,0.9829,0.9819,0.98291,STOP,0.0004,-1.024999999999776,-1.149999999999776,-0.40999999999991044
N4_MICRO_BREAKOUT,NEUTRAL,SHORT,2022-09-30 02:15:00+00:00,2022-09-30 02:20:00+00:00,2022-09-30 02:20:00+00:00,2022-09-30 02:20:00+00:00,0.97963,0.98003,0.97903,0.9800399999999999,STOP,0.0004,-1.024999999999776,-1.149999999999776,-0.40999999999991044
N1_ROLLING_SWEEP_FADE,NEUTRAL,LONG,2022-09-30 02:20:00+00:00,2022-09-30 02:25:00+00:00,2022-09-30 02:25:00+00:00,2022-09-30 02:25:00+00:00,0.9802799999999999,0.97988,0.98088,0.97987,STOP,0.0004,-1.024999999999776,-1.149999999999776,-0.40999999999991044
N3_ANCHOR_REVERSION,NEUTRAL,SHORT,2022-10-05 19:40:00+00:00,2022-10-05 19:45:00+00:00,2022-10-05 19:45:00+00:00,2022-10-05 19:50:00+00:00,0.98921,0.98961,0.98861,0.9886199999999999,TARGET,0.0004,1.4750000000002261,1.3500000000002261,0.5900000000000905
N4_MICRO_BREAKOUT,NEUTRAL,LONG,2022-10-05 22:15:00+00:00,2022-10-05 22:20:00+00:00,2022-10-05 22:20:00+00:00,2022-10-05 22:20:00+00:00,0.98901,0.98861,0.98961,0.9886,STOP,0.0004,-1.024999999999776,-1.149999999999776,-0.40999999999991044
N4_MICRO_BREAKOUT,NEUTRAL,LONG,2022-10-05 23:05:00+00:00,2022-10-05 23:10:00+00:00,2022-10-05 23:10:00+00:00,2022-10-05 23:25:00+00:00,0.9892,0.9888,0.9898,0.9897900000000001,TARGET,0.0004,1.4750000000002261,1.3500000000002261,0.5900000000000905
N4_MICRO_BREAKOUT,NEUTRAL,LONG,2022-10-05 23:30:00+00:00,2022-10-05 23:35:00+00:00,2022-10-05 23:35:00+00:00,2022-10-05 23:50:00+00:00,0.9901099999999999,0.98971,0.99071,0.9907,TARGET,0.0004,1.4750000000002261,1.3500000000002261,0.5900000000000905
N4_MICRO_BREAKOUT,NEUTRAL,LONG,2022-10-06 00:00:00+00:00,2022-10-06 00:05:00+00:00,2022-10-06 00:05:00+00:00,2022-10-06 00:10:00+00:00,0.9913299999999999,0.99093,0.99193,0.99192,TARGET,0.0004,1.4750000000002261,1.3500000000002261,0.5900000000000905
N4_MICRO_BREAKOUT,NEUTRAL,LONG,2022-10-06 00:15:00+00:00,2022-10-06 00:20:00+00:00,2022-10-06 00:20:00+00:00,2022-10-06 00:20:00+00:00,0.9923099999999999,0.99191,0.99291,0.9919,STOP,0.0004,-1.024999999999776,-1.149999999999776,-0.40999999999991044
N4_MICRO_BREAKOUT,NEUTRAL,LONG,2022-10-06 00:25:00+00:00,2022-10-06 00:30:00+00:00,2022-10-06 00:30:00+00:00,2022-10-06 00:30:00+00:00,0.99253,0.9921300000000001,0.9931300000000001,0.9921200000000001,STOP,0.0004,-1.024999999999776,-1.149999999999776,-0.40999999999991044
N3_ANCHOR_REVERSION,NEUTRAL,SHORT,2022-10-06 00:30:00+00:00,2022-10-06 00:35:00+00:00,2022-10-06 00:35:00+00:00,2022-10-06 00:40:00+00:00,0.99173,0.99213,0.99113,0.9921399999999999,STOP,0.0004,-1.024999999999776,-1.149999999999776,-0.40999999999991044
N3_ANCHOR_REVERSION,NEUTRAL,LONG,2022-10-06 23:55:00+00:00,2022-10-07 00:00:00+00:00,2022-10-07 00:00:00+00:00,2022-10-07 00:25:00+00:00,0.9789599999999999,0.97856,0.97956,0.97955,TARGET,0.0004,1.4750000000002261,1.3500000000002261,0.5900000000000905
N1_ROLLING_SWEEP_FADE,NEUTRAL,SHORT,2022-10-07 00:25:00+00:00,2022-10-07 00:30:00+00:00,2022-10-07 00:30:00+00:00,2022-10-07 01:15:00+00:00,0.9793900000000001,0.97979,0.97879,0.9788,TARGET,0.0004,1.4750000000002261,1.3500000000002261,0.5900000000000905
N1_ROLLING_SWEEP_FADE,NEUTRAL,SHORT,2022-10-14 01:20:00+00:00,2022-10-14 01:25:00+00:00,2022-10-14 01:25:00+00:00,2022-10-14 01:40:00+00:00,0.97735,0.97775,0.97675,0.97776,STOP,0.0004,-1.024999999999776,-1.149999999999776,-0.40999999999991044
N4_MICRO_BREAKOUT,NEUTRAL,LONG,2022-10-14 01:40:00+00:00,2022-10-14 01:45:00+00:00,2022-10-14 01:45:00+00:00,2022-10-14 01:45:00+00:00,0.9794999999999999,0.9791,0.9801,0.98009,TARGET,0.0004,1.4750000000002261,1.3500000000002261,0.5900000000000905
N3_ANCHOR_REVERSION,NEUTRAL,SHORT,2022-10-14 02:00:00+00:00,2022-10-14 02:05:00+00:00,2022-10-14 02:05:00+00:00,2022-10-14 02:05:00+00:00,0.9796900000000001,0.98009,0.97909,0.9801,STOP,0.0004,-1.024999999999776,-1.149999999999776,-0.40999999999991044
N3_ANCHOR_REVERSION,NEUTRAL,SHORT,2022-10-14 02:35:00+00:00,2022-10-14 02:40:00+00:00,2022-10-14 02:40:00+00:00,2022-10-14 03:25:00+00:00,0.97938,0.97978,0.97878,0.9787899999999999,TARGET,0.0004,1.4750000000002261,1.3500000000002261,0.5900000000000905
N3_ANCHOR_REVERSION,NEUTRAL,SHORT,2022-10-17 14:15:00+00:00,2022-10-17 14:20:00+00:00,2022-10-17 14:20:00+00:00,2022-10-17 14:20:00+00:00,0.97885,0.97925,0.97825,0.9792599999999999,STOP,0.0004,-1.024999999999776,-1.149999999999776,-0.40999999999991044
N1_ROLLING_SWEEP_FADE,NEUTRAL,SHORT,2022-10-17 14:40:00+00:00,2022-10-17 14:45:00+00:00,2022-10-17 14:45:00+00:00,2022-10-17 14:45:00+00:00,0.9801300000000001,0.98053,0.97953,0.98054,STOP,0.0004,-1.024999999999776,-1.149999999999776,-0.40999999999991044
N3_ANCHOR_REVERSION,NEUTRAL,SHORT,2022-10-17 16:55:00+00:00,2022-10-17 17:00:00+00:00,2022-10-17 17:00:00+00:00,2022-10-17 17:05:00+00:00,0.9839,0.9843,0.9833,0.9843099999999999,STOP,0.0004,-1.024999999999776,-1.149999999999776,-0.40999999999991044
N3_ANCHOR_REVERSION,NEUTRAL,SHORT,2022-10-17 17:15:00+00:00,2022-10-17 17:20:00+00:00,2022-10-17 17:20:00+00:00,2022-10-17 17:20:00+00:00,0.9841500000000001,0.98455,0.98355,0.98456,STOP,0.0004,-1.024999999999776,-1.149999999999776,-0.40999999999991044
N3_ANCHOR_REVERSION,NEUTRAL,SHORT,2022-10-18 00:15:00+00:00,2022-10-18 00:20:00+00:00,2022-10-18 00:20:00+00:00,2022-10-18 00:30:00+00:00,0.9845700000000001,0.98497,0.98397,0.98498,STOP,0.0004,-1.024999999999776,-1.149999999999776,-0.40999999999991044
N4_MICRO_BREAKOUT,NEUTRAL,SHORT,2022-10-18 01:30:00+00:00,2022-10-18 01:35:00+00:00,2022-10-18 01:35:00+00:00,2022-10-18 01:40:00+00:00,0.98318,0.98358,0.98258,0.98359,STOP,0.0004,-1.024999999999776,-1.149999999999776,-0.40999999999991044
N1_ROLLING_SWEEP_FADE,NEUTRAL,SHORT,2022-10-18 03:45:00+00:00,2022-10-18 03:50:00+00:00,2022-10-18 03:50:00+00:00,2022-10-18 04:00:00+00:00,0.98416,0.98456,0.98356,0.98457,STOP,0.0004,-1.024999999999776,-1.149999999999776,-0.40999999999991044
N4_MICRO_BREAKOUT,NEUTRAL,SHORT,2022-10-19 11:10:00+00:00,2022-10-19 11:15:00+00:00,2022-10-19 11:15:00+00:00,2022-10-19 11:15:00+00:00,0.9761700000000001,0.97657,0.97557,0.97658,STOP,0.0004,-1.024999999999776,-1.149999999999776,-0.40999999999991044
N1_ROLLING_SWEEP_FADE,NEUTRAL,LONG,2022-10-19 11:15:00+00:00,2022-10-19 11:20:00+00:00,2022-10-19 11:20:00+00:00,2022-10-19 11:25:00+00:00,0.9768399999999999,0.97644,0.97744,0.97743,TARGET,0.0004,1.4750000000002261,1.3500000000002261,0.5900000000000905
N3_ANCHOR_REVERSION,NEUTRAL,LONG,2022-10-19 11:45:00+00:00,2022-10-19 11:50:00+00:00,2022-10-19 11:50:00+00:00,2022-10-19 11:50:00+00:00,0.9774499999999999,0.97705,0.97805,0.97704,STOP,0.0004,-1.024999999999776,-1.149999999999776,-0.40999999999991044
N3_ANCHOR_REVERSION,NEUTRAL,LONG,2022-10-19 11:55:00+00:00,2022-10-19 12:00:00+00:00,2022-10-19 12:00:00+00:00,2022-10-19 12:00:00+00:00,0.9783799999999999,0.97798,0.97898,0.97797,STOP,0.0004,-1.024999999999776,-1.149999999999776,-0.40999999999991044
N1_ROLLING_SWEEP_FADE,NEUTRAL,SHORT,2022-10-20 00:00:00+00:00,2022-10-20 00:05:00+00:00,2022-10-20 00:05:00+00:00,2022-10-20 00:05:00+00:00,0.97585,0.97625,0.97525,0.9762599999999999,STOP,0.0004,-1.024999999999776,-1.149999999999776,-0.40999999999991044
N1_ROLLING_SWEEP_FADE,NEUTRAL,LONG,2022-10-20 00:05:00+00:00,2022-10-20 00:10:00+00:00,2022-10-20 00:10:00+00:00,2022-10-20 00:30:00+00:00,0.9763799999999999,0.97598,0.97698,0.97697,TARGET,0.0004,1.4750000000002261,1.3500000000002261,0.5900000000000905
N1_ROLLING_SWEEP_FADE,NEUTRAL,SHORT,2022-10-20 00:30:00+00:00,2022-10-20 00:35:00+00:00,2022-10-20 00:35:00+00:00,2022-10-20 01:10:00+00:00,0.9766100000000001,0.97701,0.97601,0.97602,TARGET,0.0004,1.4750000000002261,1.3500000000002261,0.5900000000000905
N1_ROLLING_SWEEP_FADE,NEUTRAL,SHORT,2022-10-24 04:30:00+00:00,2022-10-24 04:35:00+00:00,2022-10-24 04:35:00+00:00,2022-10-24 04:35:00+00:00,0.98389,0.98429,0.98329,0.9843,STOP,0.0004,-1.024999999999776,-1.149999999999776,-0.40999999999991044
N1_ROLLING_SWEEP_FADE,NEUTRAL,SHORT,2022-10-24 04:45:00+00:00,2022-10-24 04:50:00+00:00,2022-10-24 04:50:00+00:00,2022-10-24 04:50:00+00:00,0.9844200000000001,0.98482,0.98382,0.98483,STOP,0.0004,-1.024999999999776,-1.149999999999776,-0.40999999999991044
N3_ANCHOR_REVERSION,NEUTRAL,SHORT,2022-10-24 05:05:00+00:00,2022-10-24 05:10:00+00:00,2022-10-24 05:10:00+00:00,2022-10-24 05:45:00+00:00,0.98451,0.98491,0.98391,0.9849199999999999,STOP,0.0004,-1.024999999999776,-1.149999999999776,-0.40999999999991044
N3_ANCHOR_REVERSION,NEUTRAL,SHORT,2022-10-25 18:30:00+00:00,2022-10-25 18:35:00+00:00,2022-10-25 18:35:00+00:00,2022-10-25 18:45:00+00:00,0.9966,0.997,0.996,0.99601,TARGET,0.0004,1.4750000000002261,1.3500000000002261,0.5900000000000905
N1_ROLLING_SWEEP_FADE,NEUTRAL,LONG,2022-10-25 22:05:00+00:00,2022-10-25 22:10:00+00:00,2022-10-25 22:10:00+00:00,2022-10-26 00:00:00+00:00,0.9961099999999999,0.99571,0.99671,0.9967,TARGET,0.0004,1.4750000000002261,1.3500000000002261,0.5900000000000905
N4_MICRO_BREAKOUT,NEUTRAL,SHORT,2022-10-26 00:05:00+00:00,2022-10-26 00:10:00+00:00,2022-10-26 00:10:00+00:00,2022-10-26 00:40:00+00:00,0.99577,0.99617,0.99517,0.99518,TARGET,0.0004,1.4750000000002261,1.3500000000002261,0.5900000000000905
N4_MICRO_BREAKOUT,NEUTRAL,SHORT,2022-10-26 00:45:00+00:00,2022-10-26 00:50:00+00:00,2022-10-26 00:50:00+00:00,2022-10-26 01:00:00+00:00,0.9945200000000001,0.99492,0.99392,0.99493,STOP,0.0004,-1.024999999999776,-1.149999999999776,-0.40999999999991044
N3_ANCHOR_REVERSION,NEUTRAL,LONG,2022-10-26 01:10:00+00:00,2022-10-26 01:15:00+00:00,2022-10-26 01:15:00+00:00,2022-10-26 01:35:00+00:00,0.99497,0.9945700000000001,0.9955700000000001,0.9955600000000001,TARGET,0.0004,1.4750000000002261,1.3500000000002261,0.5900000000000905
N1_ROLLING_SWEEP_FADE,NEUTRAL,SHORT,2022-10-26 01:45:00+00:00,2022-10-26 01:50:00+00:00,2022-10-26 01:50:00+00:00,2022-10-26 01:55:00+00:00,0.99538,0.99578,0.99478,0.99479,TARGET,0.0004,1.4750000000002261,1.3500000000002261,0.5900000000000905
N3_ANCHOR_REVERSION,NEUTRAL,LONG,2022-10-31 14:25:00+00:00,2022-10-31 14:30:00+00:00,2022-10-31 14:30:00+00:00,2022-10-31 14:30:00+00:00,0.99052,0.99012,0.99112,0.99011,STOP,0.0004,-1.024999999999776,-1.149999999999776,-0.40999999999991044
N3_ANCHOR_REVERSION,NEUTRAL,LONG,2022-10-31 14:40:00+00:00,2022-10-31 14:45:00+00:00,2022-10-31 14:45:00+00:00,2022-10-31 14:55:00+00:00,0.98913,0.98873,0.98973,0.98872,STOP,0.0004,-1.024999999999776,-1.149999999999776,-0.40999999999991044
N3_ANCHOR_REVERSION,NEUTRAL,LONG,2022-10-31 15:45:00+00:00,2022-10-31 15:50:00+00:00,2022-10-31 15:50:00+00:00,2022-10-31 15:50:00+00:00,0.9884799999999999,0.98808,0.98908,0.98807,STOP,0.0004,-1.024999999999776,-1.149999999999776,-0.40999999999991044
N2_ASIA_RANGE_FADE,NEUTRAL,SHORT,2022-11-01 07:00:00+00:00,2022-11-01 07:05:00+00:00,2022-11-01 07:05:00+00:00,2022-11-01 07:05:00+00:00,0.9925400000000001,0.99294,0.99194,0.99295,STOP,0.0004,-1.024999999999776,-1.149999999999776,-0.40999999999991044
N2_ASIA_RANGE_FADE,NEUTRAL,SHORT,2022-11-01 07:15:00+00:00,2022-11-01 07:20:00+00:00,2022-11-01 07:20:00+00:00,2022-11-01 07:20:00+00:00,0.9924000000000001,0.9928,0.9918,0.99181,TARGET,0.0004,1.4750000000002261,1.3500000000002261,0.5900000000000905
N1_ROLLING_SWEEP_FADE,NEUTRAL,LONG,2022-11-01 07:25:00+00:00,2022-11-01 07:30:00+00:00,2022-11-01 07:30:00+00:00,2022-11-01 07:35:00+00:00,0.99181,0.99141,0.99241,0.9914000000000001,STOP,0.0004,-1.024999999999776,-1.149999999999776,-0.40999999999991044
N4_MICRO_BREAKOUT,NEUTRAL,LONG,2022-11-01 08:00:00+00:00,2022-11-01 08:05:00+00:00,2022-11-01 08:05:00+00:00,2022-11-01 08:05:00+00:00,0.99354,0.99314,0.99414,0.9941300000000001,TARGET,0.0004,1.4750000000002261,1.3500000000002261,0.5900000000000905
N1_ROLLING_SWEEP_FADE,NEUTRAL,SHORT,2022-11-01 23:55:00+00:00,2022-11-02 00:00:00+00:00,2022-11-02 00:00:00+00:00,2022-11-02 00:00:00+00:00,0.9877100000000001,0.98811,0.98711,0.98812,STOP,0.0004,-1.024999999999776,-1.149999999999776,-0.40999999999991044
N1_ROLLING_SWEEP_FADE,NEUTRAL,SHORT,2022-11-02 00:15:00+00:00,2022-11-02 00:20:00+00:00,2022-11-02 00:20:00+00:00,2022-11-02 00:30:00+00:00,0.9878100000000001,0.98821,0.98721,0.98822,STOP,0.0004,-1.024999999999776,-1.149999999999776,-0.40999999999991044
N3_ANCHOR_REVERSION,NEUTRAL,SHORT,2022-11-02 00:40:00+00:00,2022-11-02 00:45:00+00:00,2022-11-02 00:45:00+00:00,2022-11-02 00:50:00+00:00,0.98833,0.98873,0.98773,0.98874,STOP,0.0004,-1.024999999999776,-1.149999999999776,-0.40999999999991044
N1_ROLLING_SWEEP_FADE,NEUTRAL,LONG,2022-11-02 02:10:00+00:00,2022-11-02 02:15:00+00:00,2022-11-02 02:15:00+00:00,2022-11-02 02:30:00+00:00,0.98832,0.98792,0.98892,0.9889100000000001,TARGET,0.0004,1.4750000000002261,1.3500000000002261,0.5900000000000905
N3_ANCHOR_REVERSION,NEUTRAL,LONG,2022-11-03 00:05:00+00:00,2022-11-03 00:10:00+00:00,2022-11-03 00:10:00+00:00,2022-11-03 00:50:00+00:00,0.98132,0.98092,0.98192,0.9819100000000001,TARGET,0.0004,1.4750000000002261,1.3500000000002261,0.5900000000000905
N3_ANCHOR_REVERSION,NEUTRAL,SHORT,2022-11-07 05:35:00+00:00,2022-11-07 05:40:00+00:00,2022-11-07 05:40:00+00:00,2022-11-07 05:55:00+00:00,0.9949100000000001,0.99531,0.99431,0.99432,TARGET,0.0004,1.4750000000002261,1.3500000000002261,0.5900000000000905
N1_ROLLING_SWEEP_FADE,NEUTRAL,SHORT,2022-11-07 19:00:00+00:00,2022-11-07 19:05:00+00:00,2022-11-07 19:05:00+00:00,2022-11-07 19:20:00+00:00,1.00297,1.0033699999999999,1.00237,1.00338,STOP,0.0004,-1.0250000000000536,-1.1500000000000536,-0.41000000000002146
N3_ANCHOR_REVERSION,NEUTRAL,SHORT,2022-11-07 19:55:00+00:00,2022-11-07 20:00:00+00:00,2022-11-07 20:00:00+00:00,2022-11-07 20:05:00+00:00,1.00264,1.00304,1.00204,1.00305,STOP,0.0004,-1.0250000000000536,-1.1500000000000536,-0.41000000000002146
N3_ANCHOR_REVERSION,NEUTRAL,SHORT,2022-11-07 20:30:00+00:00,2022-11-07 20:35:00+00:00,2022-11-07 20:35:00+00:00,2022-11-07 20:55:00+00:00,1.00263,1.0030299999999999,1.00203,1.00204,TARGET,0.0004,1.474999999999671,1.349999999999671,0.5899999999998684
N2_ASIA_RANGE_FADE,NEUTRAL,LONG,2022-11-08 09:55:00+00:00,2022-11-08 10:00:00+00:00,2022-11-08 10:00:00+00:00,2022-11-08 10:00:00+00:00,1.00042,1.0000200000000001,1.00102,1.00001,STOP,0.0004,-1.0250000000000536,-1.1500000000000536,-0.41000000000002146
N2_ASIA_RANGE_FADE,NEUTRAL,LONG,2022-11-08 11:50:00+00:00,2022-11-08 11:55:00+00:00,2022-11-08 11:55:00+00:00,2022-11-08 11:55:00+00:00,1.00005,0.9996500000000001,1.00065,0.9996400000000002,STOP,0.0004,-1.024999999999776,-1.149999999999776,-0.40999999999991044
N1_ROLLING_SWEEP_FADE,NEUTRAL,SHORT,2022-11-08 18:15:00+00:00,2022-11-08 18:20:00+00:00,2022-11-08 18:20:00+00:00,2022-11-08 18:20:00+00:00,1.00887,1.00927,1.00827,1.00828,TARGET,0.0004,1.474999999999671,1.349999999999671,0.5899999999998684
N1_ROLLING_SWEEP_FADE,NEUTRAL,LONG,2022-11-08 18:30:00+00:00,2022-11-08 18:35:00+00:00,2022-11-08 18:35:00+00:00,2022-11-08 18:35:00+00:00,1.00747,1.0070700000000001,1.00807,1.00706,STOP,0.0004,-1.0250000000000536,-1.1500000000000536,-0.41000000000002146
N3_ANCHOR_REVERSION,NEUTRAL,LONG,2022-11-09 00:15:00+00:00,2022-11-09 00:20:00+00:00,2022-11-09 00:20:00+00:00,2022-11-09 00:20:00+00:00,1.0069000000000001,1.0065000000000002,1.0075,1.00649,STOP,0.0004,-1.0250000000000536,-1.1500000000000536,-0.41000000000002146
N3_ANCHOR_REVERSION,NEUTRAL,LONG,2022-11-09 00:55:00+00:00,2022-11-09 01:00:00+00:00,2022-11-09 01:00:00+00:00,2022-11-09 01:00:00+00:00,1.0064600000000001,1.0060600000000002,1.00706,1.00605,STOP,0.0004,-1.0250000000000536,-1.1500000000000536,-0.41000000000002146
N1_ROLLING_SWEEP_FADE,NEUTRAL,LONG,2022-11-09 01:00:00+00:00,2022-11-09 01:05:00+00:00,2022-11-09 01:05:00+00:00,2022-11-09 01:30:00+00:00,1.00661,1.00621,1.00721,1.0071999999999999,TARGET,0.0004,1.474999999999671,1.349999999999671,0.5899999999998684
N3_ANCHOR_REVERSION,NEUTRAL,SHORT,2022-11-09 03:10:00+00:00,2022-11-09 03:15:00+00:00,2022-11-09 03:15:00+00:00,2022-11-09 03:35:00+00:00,1.0079399999999998,1.0083399999999998,1.00734,1.00735,TARGET,0.0004,1.474999999999671,1.349999999999671,0.5899999999998684
N1_ROLLING_SWEEP_FADE,NEUTRAL,SHORT,2022-11-10 01:05:00+00:00,2022-11-10 01:10:00+00:00,2022-11-10 01:10:00+00:00,2022-11-10 01:40:00+00:00,1.00261,1.00301,1.00201,1.0020200000000001,TARGET,0.0004,1.474999999999671,1.349999999999671,0.5899999999998684
N1_ROLLING_SWEEP_FADE,NEUTRAL,LONG,2022-11-21 12:15:00+00:00,2022-11-21 12:20:00+00:00,2022-11-21 12:20:00+00:00,2022-11-21 12:30:00+00:00,1.02366,1.02326,1.02426,1.0242499999999999,TARGET,0.0004,1.474999999999671,1.349999999999671,0.5899999999998684
N1_ROLLING_SWEEP_FADE,NEUTRAL,SHORT,2022-11-21 12:55:00+00:00,2022-11-21 13:00:00+00:00,2022-11-21 13:00:00+00:00,2022-11-21 13:00:00+00:00,1.02395,1.0243499999999999,1.02335,1.02336,TARGET,0.0004,1.474999999999671,1.349999999999671,0.5899999999998684
N1_ROLLING_SWEEP_FADE,NEUTRAL,SHORT,2022-11-21 13:05:00+00:00,2022-11-21 13:10:00+00:00,2022-11-21 13:10:00+00:00,2022-11-21 13:10:00+00:00,1.02417,1.02457,1.02357,1.02458,STOP,0.0004,-1.0250000000000536,-1.1500000000000536,-0.41000000000002146
N1_ROLLING_SWEEP_FADE,NEUTRAL,SHORT,2022-11-21 14:30:00+00:00,2022-11-21 14:35:00+00:00,2022-11-21 14:35:00+00:00,2022-11-21 14:35:00+00:00,1.02491,1.02531,1.02431,1.0243200000000001,TARGET,0.0004,1.474999999999671,1.349999999999671,0.5899999999998684
N3_ANCHOR_REVERSION,NEUTRAL,SHORT,2022-11-22 19:00:00+00:00,2022-11-22 19:05:00+00:00,2022-11-22 19:05:00+00:00,2022-11-22 19:40:00+00:00,1.02998,1.0303799999999999,1.02938,1.02939,TARGET,0.0004,1.474999999999671,1.349999999999671,0.5899999999998684
N1_ROLLING_SWEEP_FADE,NEUTRAL,SHORT,2022-12-07 05:05:00+00:00,2022-12-07 05:10:00+00:00,2022-12-07 05:10:00+00:00,2022-12-07 05:15:00+00:00,1.0467,1.0471,1.0461,1.04711,STOP,0.0004,-1.0250000000000536,-1.1500000000000536,-0.41000000000002146
N4_MICRO_BREAKOUT,NEUTRAL,SHORT,2022-12-07 06:05:00+00:00,2022-12-07 06:10:00+00:00,2022-12-07 06:10:00+00:00,2022-12-07 06:45:00+00:00,1.04531,1.04571,1.04471,1.04572,STOP,0.0004,-1.0250000000000536,-1.1500000000000536,-0.41000000000002146
N2_ASIA_RANGE_FADE,NEUTRAL,LONG,2022-12-07 06:45:00+00:00,2022-12-07 06:50:00+00:00,2022-12-07 06:50:00+00:00,2022-12-07 06:50:00+00:00,1.04573,1.04533,1.04633,1.04532,STOP,0.0004,-1.0250000000000536,-1.1500000000000536,-0.41000000000002146
N3_ANCHOR_REVERSION,NEUTRAL,LONG,2022-12-07 07:00:00+00:00,2022-12-07 07:05:00+00:00,2022-12-07 07:05:00+00:00,2022-12-07 07:10:00+00:00,1.04552,1.04512,1.04612,1.04511,STOP,0.0004,-1.0250000000000536,-1.1500000000000536,-0.41000000000002146
N1_ROLLING_SWEEP_FADE,NEUTRAL,LONG,2022-12-12 18:00:00+00:00,2022-12-12 18:05:00+00:00,2022-12-12 18:05:00+00:00,2022-12-12 18:10:00+00:00,1.05325,1.05285,1.05385,1.05284,STOP,0.0004,-1.0250000000000536,-1.1500000000000536,-0.41000000000002146
N4_MICRO_BREAKOUT,NEUTRAL,SHORT,2022-12-12 18:15:00+00:00,2022-12-12 18:20:00+00:00,2022-12-12 18:20:00+00:00,2022-12-12 18:20:00+00:00,1.0521399999999999,1.0525399999999998,1.05154,1.0525499999999999,STOP,0.0004,-1.0250000000000536,-1.1500000000000536,-0.41000000000002146
N1_ROLLING_SWEEP_FADE,NEUTRAL,LONG,2022-12-12 18:25:00+00:00,2022-12-12 18:30:00+00:00,2022-12-12 18:30:00+00:00,2022-12-12 18:30:00+00:00,1.05213,1.05173,1.05273,1.05172,STOP,0.0004,-1.0250000000000536,-1.1500000000000536,-0.41000000000002146
N1_ROLLING_SWEEP_FADE,NEUTRAL,SHORT,2022-12-12 19:55:00+00:00,2022-12-12 20:00:00+00:00,2022-12-12 20:00:00+00:00,2022-12-12 20:05:00+00:00,1.05218,1.0525799999999998,1.05158,1.05259,STOP,0.0004,-1.0250000000000536,-1.1500000000000536,-0.41000000000002146
N1_ROLLING_SWEEP_FADE,NEUTRAL,SHORT,2022-12-13 00:05:00+00:00,2022-12-13 00:10:00+00:00,2022-12-13 00:10:00+00:00,2022-12-13 00:30:00+00:00,1.05406,1.05446,1.05346,1.05447,STOP,0.0004,-1.0250000000000536,-1.1500000000000536,-0.41000000000002146
N4_MICRO_BREAKOUT,NEUTRAL,LONG,2022-12-13 00:30:00+00:00,2022-12-13 00:35:00+00:00,2022-12-13 00:35:00+00:00,2022-12-13 00:55:00+00:00,1.0545,1.0541,1.0551,1.05409,STOP,0.0004,-1.0250000000000536,-1.1500000000000536,-0.41000000000002146
N3_ANCHOR_REVERSION,NEUTRAL,SHORT,2022-12-13 01:00:00+00:00,2022-12-13 01:05:00+00:00,2022-12-13 01:05:00+00:00,2022-12-13 01:10:00+00:00,1.05429,1.05469,1.05369,1.0547,STOP,0.0004,-1.0250000000000536,-1.1500000000000536,-0.41000000000002146
N3_ANCHOR_REVERSION,NEUTRAL,SHORT,2022-12-13 01:20:00+00:00,2022-12-13 01:25:00+00:00,2022-12-13 01:25:00+00:00,2022-12-13 01:45:00+00:00,1.0544499999999999,1.0548499999999998,1.05385,1.05486,STOP,0.0004,-1.0250000000000536,-1.1500000000000536,-0.41000000000002146
N1_ROLLING_SWEEP_FADE,NEUTRAL,SHORT,2022-12-15 22:35:00+00:00,2022-12-15 22:40:00+00:00,2022-12-15 22:40:00+00:00,2022-12-15 22:40:00+00:00,1.06276,1.0631599999999999,1.06216,1.06317,STOP,0.0004,-1.0250000000000536,-1.1500000000000536,-0.41000000000002146
N4_MICRO_BREAKOUT,NEUTRAL,LONG,2022-12-15 23:45:00+00:00,2022-12-15 23:50:00+00:00,2022-12-15 23:50:00+00:00,2022-12-16 00:30:00+00:00,1.0636700000000001,1.0632700000000002,1.06427,1.06426,TARGET,0.0004,1.474999999999671,1.349999999999671,0.5899999999998684
N1_ROLLING_SWEEP_FADE,NEUTRAL,SHORT,2022-12-16 00:30:00+00:00,2022-12-16 00:35:00+00:00,2022-12-16 00:35:00+00:00,2022-12-16 00:50:00+00:00,1.06411,1.0645099999999998,1.06351,1.06352,TARGET,0.0004,1.474999999999671,1.349999999999671,0.5899999999998684
N1_ROLLING_SWEEP_FADE,NEUTRAL,LONG,2022-12-16 00:50:00+00:00,2022-12-16 00:55:00+00:00,2022-12-16 00:55:00+00:00,2022-12-16 00:55:00+00:00,1.06403,1.06363,1.06463,1.06362,STOP,0.0004,-1.0250000000000536,-1.1500000000000536,-0.41000000000002146
N4_MICRO_BREAKOUT,NEUTRAL,LONG,2022-12-16 01:00:00+00:00,2022-12-16 01:05:00+00:00,2022-12-16 01:05:00+00:00,2022-12-16 01:05:00+00:00,1.06454,1.06414,1.06514,1.06413,STOP,0.0004,-1.0250000000000536,-1.1500000000000536,-0.41000000000002146
N1_ROLLING_SWEEP_FADE,NEUTRAL,SHORT,2022-12-16 01:05:00+00:00,2022-12-16 01:10:00+00:00,2022-12-16 01:10:00+00:00,2022-12-16 01:40:00+00:00,1.06411,1.0645099999999998,1.06351,1.06452,STOP,0.0004,-1.0250000000000536,-1.1500000000000536,-0.41000000000002146
N1_ROLLING_SWEEP_FADE,NEUTRAL,SHORT,2022-12-19 06:00:00+00:00,2022-12-19 06:05:00+00:00,2022-12-19 06:05:00+00:00,2022-12-19 06:20:00+00:00,1.0606499999999999,1.0610499999999998,1.06005,1.06106,STOP,0.0004,-1.0250000000000536,-1.1500000000000536,-0.41000000000002146
N4_MICRO_BREAKOUT,NEUTRAL,LONG,2022-12-19 06:20:00+00:00,2022-12-19 06:25:00+00:00,2022-12-19 06:25:00+00:00,2022-12-19 06:25:00+00:00,1.06109,1.0606900000000001,1.06169,1.06168,TARGET,0.0004,1.474999999999671,1.349999999999671,0.5899999999998684
N4_MICRO_BREAKOUT,NEUTRAL,LONG,2022-12-19 06:35:00+00:00,2022-12-19 06:40:00+00:00,2022-12-19 06:40:00+00:00,2022-12-19 06:45:00+00:00,1.0624600000000002,1.0620600000000002,1.0630600000000001,1.06305,TARGET,0.0004,1.474999999999671,1.349999999999671,0.5899999999998684
N3_ANCHOR_REVERSION,NEUTRAL,SHORT,2022-12-19 06:55:00+00:00,2022-12-19 07:00:00+00:00,2022-12-19 07:00:00+00:00,2022-12-19 07:05:00+00:00,1.0628799999999998,1.0632799999999998,1.06228,1.0632899999999998,STOP,0.0004,-1.0250000000000536,-1.1500000000000536,-0.41000000000002146
N3_ANCHOR_REVERSION,NEUTRAL,LONG,2022-12-20 05:55:00+00:00,2022-12-20 06:00:00+00:00,2022-12-20 06:00:00+00:00,2022-12-20 06:05:00+00:00,1.0587,1.0583,1.0593,1.05829,STOP,0.0004,-1.0250000000000536,-1.1500000000000536,-0.41000000000002146
N1_ROLLING_SWEEP_FADE,NEUTRAL,SHORT,2022-12-20 06:35:00+00:00,2022-12-20 06:40:00+00:00,2022-12-20 06:40:00+00:00,2022-12-20 06:40:00+00:00,1.0596299999999998,1.0600299999999998,1.05903,1.0600399999999999,STOP,0.0004,-1.0250000000000536,-1.1500000000000536,-0.41000000000002146
N3_ANCHOR_REVERSION,NEUTRAL,SHORT,2022-12-20 09:00:00+00:00,2022-12-20 09:05:00+00:00,2022-12-20 09:05:00+00:00,2022-12-20 09:05:00+00:00,1.0628,1.0632,1.0622,1.06321,STOP,0.0004,-1.0250000000000536,-1.1500000000000536,-0.41000000000002146
N1_ROLLING_SWEEP_FADE,NEUTRAL,SHORT,2022-12-20 09:30:00+00:00,2022-12-20 09:35:00+00:00,2022-12-20 09:35:00+00:00,2022-12-20 09:35:00+00:00,1.0631899999999999,1.0635899999999998,1.06259,1.0635999999999999,STOP,0.0004,-1.0250000000000536,-1.1500000000000536,-0.41000000000002146
N3_ANCHOR_REVERSION,NEUTRAL,LONG,2022-12-22 15:10:00+00:00,2022-12-22 15:15:00+00:00,2022-12-22 15:15:00+00:00,2022-12-22 15:20:00+00:00,1.06004,1.0596400000000001,1.06064,1.05963,STOP,0.0004,-1.0250000000000536,-1.1500000000000536,-0.41000000000002146
N3_ANCHOR_REVERSION,NEUTRAL,LONG,2022-12-22 18:15:00+00:00,2022-12-22 18:20:00+00:00,2022-12-22 18:20:00+00:00,2022-12-22 18:20:00+00:00,1.05881,1.05841,1.05941,1.0584,STOP,0.0004,-1.0250000000000536,-1.1500000000000536,-0.41000000000002146
N1_ROLLING_SWEEP_FADE,NEUTRAL,LONG,2022-12-22 18:50:00+00:00,2022-12-22 18:55:00+00:00,2022-12-22 18:55:00+00:00,2022-12-22 19:25:00+00:00,1.05799,1.05759,1.05859,1.05758,STOP,0.0004,-1.0250000000000536,-1.1500000000000536,-0.41000000000002146
N4_MICRO_BREAKOUT,NEUTRAL,SHORT,2022-12-22 19:25:00+00:00,2022-12-22 19:30:00+00:00,2022-12-22 19:30:00+00:00,2022-12-22 19:45:00+00:00,1.05752,1.05792,1.05692,1.05793,STOP,0.0004,-1.0250000000000536,-1.1500000000000536,-0.41000000000002146
N3_ANCHOR_REVERSION,NEUTRAL,SHORT,2022-12-23 00:00:00+00:00,2022-12-23 00:05:00+00:00,2022-12-23 00:05:00+00:00,2022-12-23 00:15:00+00:00,1.0599999999999998,1.0603999999999998,1.0594,1.0604099999999999,STOP,0.0004,-1.0250000000000536,-1.1500000000000536,-0.41000000000002146
N3_ANCHOR_REVERSION,NEUTRAL,SHORT,2022-12-23 00:20:00+00:00,2022-12-23 00:25:00+00:00,2022-12-23 00:25:00+00:00,2022-12-23 00:50:00+00:00,1.06013,1.06053,1.05953,1.0595400000000001,TARGET,0.0004,1.474999999999671,1.349999999999671,0.5899999999998684
N1_ROLLING_SWEEP_FADE,NEUTRAL,LONG,2022-12-23 00:50:00+00:00,2022-12-23 00:55:00+00:00,2022-12-23 00:55:00+00:00,2022-12-23 00:55:00+00:00,1.0596700000000001,1.0592700000000002,1.06027,1.05926,STOP,0.0004,-1.0250000000000536,-1.1500000000000536,-0.41000000000002146
N3_ANCHOR_REVERSION,NEUTRAL,LONG,2022-12-23 01:05:00+00:00,2022-12-23 01:10:00+00:00,2022-12-23 01:10:00+00:00,2022-12-23 01:30:00+00:00,1.05928,1.05888,1.05988,1.0598699999999999,TARGET,0.0004,1.474999999999671,1.349999999999671,0.5899999999998684
N4_MICRO_BREAKOUT,NEUTRAL,LONG,2022-12-27 02:00:00+00:00,2022-12-27 02:05:00+00:00,2022-12-27 02:05:00+00:00,2022-12-27 02:10:00+00:00,1.06572,1.06532,1.06632,1.06531,STOP,0.0004,-1.0250000000000536,-1.1500000000000536,-0.41000000000002146
N1_ROLLING_SWEEP_FADE,NEUTRAL,LONG,2022-12-27 03:35:00+00:00,2022-12-27 03:40:00+00:00,2022-12-27 03:40:00+00:00,2022-12-27 04:15:00+00:00,1.06383,1.06343,1.06443,1.06442,TARGET,0.0004,1.474999999999671,1.349999999999671,0.5899999999998684
N4_MICRO_BREAKOUT,NEUTRAL,LONG,2022-12-27 06:00:00+00:00,2022-12-27 06:05:00+00:00,2022-12-27 06:05:00+00:00,2022-12-27 06:10:00+00:00,1.06593,1.06553,1.06653,1.06552,STOP,0.0004,-1.0250000000000536,-1.1500000000000536,-0.41000000000002146
N3_ANCHOR_REVERSION,NEUTRAL,SHORT,2022-12-27 06:25:00+00:00,2022-12-27 06:30:00+00:00,2022-12-27 06:30:00+00:00,2022-12-27 06:30:00+00:00,1.0653599999999999,1.0657599999999998,1.06476,1.0657699999999999,STOP,0.0004,-1.0250000000000536,-1.1500000000000536,-0.41000000000002146
N4_MICRO_BREAKOUT,NEUTRAL,SHORT,2022-12-28 00:20:00+00:00,2022-12-28 00:25:00+00:00,2022-12-28 00:25:00+00:00,2022-12-28 01:15:00+00:00,1.06304,1.06344,1.06244,1.06345,STOP,0.0004,-1.0250000000000536,-1.1500000000000536,-0.41000000000002146
N1_ROLLING_SWEEP_FADE,NEUTRAL,SHORT,2022-12-28 01:35:00+00:00,2022-12-28 01:40:00+00:00,2022-12-28 01:40:00+00:00,2022-12-28 01:55:00+00:00,1.0638699999999999,1.0642699999999998,1.06327,1.06428,STOP,0.0004,-1.0250000000000536,-1.1500000000000536,-0.41000000000002146
N1_ROLLING_SWEEP_FADE,NEUTRAL,LONG,2022-12-28 19:00:00+00:00,2022-12-28 19:05:00+00:00,2022-12-28 19:05:00+00:00,2022-12-28 19:25:00+00:00,1.06207,1.0616700000000001,1.06267,1.06266,TARGET,0.0004,1.474999999999671,1.349999999999671,0.5899999999998684
N3_ANCHOR_REVERSION,NEUTRAL,LONG,2022-12-28 19:40:00+00:00,2022-12-28 19:45:00+00:00,2022-12-28 19:45:00+00:00,2022-12-28 19:50:00+00:00,1.0623900000000002,1.0619900000000002,1.06299,1.0619800000000001,STOP,0.0004,-1.0250000000000536,-1.1500000000000536,-0.41000000000002146
N1_ROLLING_SWEEP_FADE,NEUTRAL,LONG,2022-12-29 15:00:00+00:00,2022-12-29 15:05:00+00:00,2022-12-29 15:05:00+00:00,2022-12-29 15:05:00+00:00,1.0643500000000001,1.0639500000000002,1.06495,1.06494,TARGET,0.0004,1.474999999999671,1.349999999999671,0.5899999999998684
N4_MICRO_BREAKOUT,NEUTRAL,LONG,2022-12-29 15:55:00+00:00,2022-12-29 16:00:00+00:00,2022-12-29 16:00:00+00:00,2022-12-29 16:00:00+00:00,1.0667600000000002,1.0663600000000002,1.06736,1.0663500000000001,STOP,0.0004,-1.0250000000000536,-1.1500000000000536,-0.41000000000002146
N1_ROLLING_SWEEP_FADE,NEUTRAL,SHORT,2022-12-29 17:55:00+00:00,2022-12-29 18:00:00+00:00,2022-12-29 18:00:00+00:00,2022-12-29 18:05:00+00:00,1.06819,1.06859,1.06759,1.0676,TARGET,0.0004,1.474999999999671,1.349999999999671,0.5899999999998684
N3_ANCHOR_REVERSION,NEUTRAL,SHORT,2022-12-29 18:10:00+00:00,2022-12-29 18:15:00+00:00,2022-12-29 18:15:00+00:00,2022-12-29 20:10:00+00:00,1.06767,1.0680699999999999,1.06707,1.06708,TARGET,0.0004,1.474999999999671,1.349999999999671,0.5899999999998684
N1_ROLLING_SWEEP_FADE,NEUTRAL,SHORT,2022-12-30 00:05:00+00:00,2022-12-30 00:10:00+00:00,2022-12-30 00:10:00+00:00,2022-12-30 00:55:00+00:00,1.06633,1.06673,1.06573,1.06674,STOP,0.0004,-1.0250000000000536,-1.1500000000000536,-0.41000000000002146
N1_ROLLING_SWEEP_FADE,NEUTRAL,SHORT,2022-12-30 01:00:00+00:00,2022-12-30 01:05:00+00:00,2022-12-30 01:05:00+00:00,2022-12-30 02:00:00+00:00,1.0663099999999999,1.0667099999999998,1.06571,1.06572,TARGET,0.0004,1.474999999999671,1.349999999999671,0.5899999999998684
N3_ANCHOR_REVERSION,NEUTRAL,SHORT,2022-12-30 12:50:00+00:00,2022-12-30 12:55:00+00:00,2022-12-30 12:55:00+00:00,2022-12-30 12:55:00+00:00,1.0681399999999999,1.0685399999999998,1.06754,1.06755,TARGET,0.0004,1.474999999999671,1.349999999999671,0.5899999999998684
N1_ROLLING_SWEEP_FADE,NEUTRAL,LONG,2022-12-30 13:00:00+00:00,2022-12-30 13:05:00+00:00,2022-12-30 13:05:00+00:00,2022-12-30 13:05:00+00:00,1.0678500000000002,1.0674500000000002,1.0684500000000001,1.0674400000000002,STOP,0.0004,-1.0250000000000536,-1.1500000000000536,-0.41000000000002146
N1_ROLLING_SWEEP_FADE,NEUTRAL,SHORT,2023-01-02 01:00:00+00:00,2023-01-02 01:05:00+00:00,2023-01-02 01:05:00+00:00,2023-01-02 01:05:00+00:00,1.07045,1.0708499999999999,1.06985,1.07115,STOP,0.0004,-1.7500000000003624,-1.8750000000003624,-0.700000000000145
N3_ANCHOR_REVERSION,NEUTRAL,LONG,2023-01-02 02:20:00+00:00,2023-01-02 02:25:00+00:00,2023-01-02 02:25:00+00:00,2023-01-02 02:25:00+00:00,1.07007,1.0696700000000001,1.07067,1.06908,STOP,0.0004,-2.475000000000116,-2.600000000000116,-0.9900000000000464
N1_ROLLING_SWEEP_FADE,NEUTRAL,SHORT,2023-01-02 03:40:00+00:00,2023-01-02 03:45:00+00:00,2023-01-02 03:45:00+00:00,2023-01-02 03:45:00+00:00,1.06901,1.06941,1.06841,1.06997,STOP,0.0004,-2.4000000000001798,-2.5250000000001798,-0.9600000000000719
N3_ANCHOR_REVERSION,NEUTRAL,SHORT,2023-01-02 04:20:00+00:00,2023-01-02 04:25:00+00:00,2023-01-02 04:25:00+00:00,2023-01-02 04:25:00+00:00,1.06994,1.0703399999999998,1.06934,1.07058,STOP,0.0004,-1.60000000000049,-1.72500000000049,-0.640000000000196
N1_ROLLING_SWEEP_FADE,NEUTRAL,LONG,2023-01-03 01:05:00+00:00,2023-01-03 01:10:00+00:00,2023-01-03 01:10:00+00:00,2023-01-03 01:15:00+00:00,1.0667300000000002,1.0663300000000002,1.0673300000000001,1.06732,TARGET,0.0004,1.474999999999671,1.349999999999671,0.5899999999998684
N4_MICRO_BREAKOUT,NEUTRAL,SHORT,2023-01-03 01:35:00+00:00,2023-01-03 01:40:00+00:00,2023-01-03 01:40:00+00:00,2023-01-03 01:55:00+00:00,1.0653899999999998,1.0657899999999998,1.06479,1.0657999999999999,STOP,0.0004,-1.0250000000000536,-1.1500000000000536,-0.41000000000002146
N1_ROLLING_SWEEP_FADE,NEUTRAL,LONG,2023-01-03 10:30:00+00:00,2023-01-03 10:35:00+00:00,2023-01-03 10:35:00+00:00,2023-01-03 10:40:00+00:00,1.05411,1.0537100000000001,1.05471,1.0537,STOP,0.0004,-1.0250000000000536,-1.1500000000000536,-0.41000000000002146
N3_ANCHOR_REVERSION,NEUTRAL,LONG,2023-01-03 12:10:00+00:00,2023-01-03 12:15:00+00:00,2023-01-03 12:15:00+00:00,2023-01-03 12:25:00+00:00,1.05336,1.0529600000000001,1.05396,1.05395,TARGET,0.0004,1.474999999999671,1.349999999999671,0.5899999999998684
N1_ROLLING_SWEEP_FADE,NEUTRAL,LONG,2023-01-04 12:40:00+00:00,2023-01-04 12:45:00+00:00,2023-01-04 12:45:00+00:00,2023-01-04 12:45:00+00:00,1.06075,1.0603500000000001,1.06135,1.06034,STOP,0.0004,-1.0250000000000536,-1.1500000000000536,-0.41000000000002146
N1_ROLLING_SWEEP_FADE,NEUTRAL,LONG,2023-01-04 12:50:00+00:00,2023-01-04 12:55:00+00:00,2023-01-04 12:55:00+00:00,2023-01-04 13:10:00+00:00,1.0604600000000002,1.0600600000000002,1.0610600000000001,1.0600500000000002,STOP,0.0004,-1.0250000000000536,-1.1500000000000536,-0.41000000000002146
N4_MICRO_BREAKOUT,NEUTRAL,SHORT,2023-01-04 13:10:00+00:00,2023-01-04 13:15:00+00:00,2023-01-04 13:15:00+00:00,2023-01-04 13:20:00+00:00,1.0597299999999998,1.0601299999999998,1.05913,1.0601399999999999,STOP,0.0004,-1.0250000000000536,-1.1500000000000536,-0.41000000000002146
N4_MICRO_BREAKOUT,NEUTRAL,LONG,2023-01-04 14:50:00+00:00,2023-01-04 14:55:00+00:00,2023-01-04 14:55:00+00:00,2023-01-04 15:00:00+00:00,1.0625200000000001,1.0621200000000002,1.06312,1.06211,STOP,0.0004,-1.0250000000000536,-1.1500000000000536,-0.41000000000002146
N1_ROLLING_SWEEP_FADE,NEUTRAL,SHORT,2023-01-05 15:05:00+00:00,2023-01-05 15:10:00+00:00,2023-01-05 15:10:00+00:00,2023-01-05 15:10:00+00:00,1.05422,1.05462,1.05362,1.05463,STOP,0.0004,-1.0250000000000536,-1.1500000000000536,-0.41000000000002146
N1_ROLLING_SWEEP_FADE,NEUTRAL,LONG,2023-01-05 15:10:00+00:00,2023-01-05 15:15:00+00:00,2023-01-05 15:15:00+00:00,2023-01-05 15:15:00+00:00,1.0543600000000002,1.0539600000000002,1.0549600000000001,1.0539500000000002,STOP,0.0004,-1.0250000000000536,-1.1500000000000536,-0.41000000000002146
N1_ROLLING_SWEEP_FADE,NEUTRAL,SHORT,2023-01-05 22:30:00+00:00,2023-01-05 22:35:00+00:00,2023-01-05 22:35:00+00:00,2023-01-05 23:00:00+00:00,1.0521,1.0525,1.0515,1.05251,STOP,0.0004,-1.0250000000000536,-1.1500000000000536,-0.41000000000002146
N3_ANCHOR_REVERSION,NEUTRAL,LONG,2023-01-06 00:00:00+00:00,2023-01-06 00:05:00+00:00,2023-01-06 00:05:00+00:00,2023-01-06 00:30:00+00:00,1.0522,1.0518,1.0528,1.05279,TARGET,0.0004,1.474999999999671,1.349999999999671,0.5899999999998684
N4_MICRO_BREAKOUT,NEUTRAL,LONG,2023-01-06 01:00:00+00:00,2023-01-06 01:05:00+00:00,2023-01-06 01:05:00+00:00,2023-01-06 01:05:00+00:00,1.05329,1.05289,1.05389,1.05288,STOP,0.0004,-1.0250000000000536,-1.1500000000000536,-0.41000000000002146
N3_ANCHOR_REVERSION,NEUTRAL,SHORT,2023-01-06 01:05:00+00:00,2023-01-06 01:10:00+00:00,2023-01-06 01:10:00+00:00,2023-01-06 02:10:00+00:00,1.0528499999999998,1.0532499999999998,1.05225,1.0532599999999999,STOP,0.0004,-1.0250000000000536,-1.1500000000000536,-0.41000000000002146
N4_MICRO_BREAKOUT,NEUTRAL,LONG,2023-01-06 03:00:00+00:00,2023-01-06 03:05:00+00:00,2023-01-06 03:05:00+00:00,2023-01-06 03:05:00+00:00,1.05352,1.05312,1.05412,1.05311,STOP,0.0004,-1.0250000000000536,-1.1500000000000536,-0.41000000000002146
N4_MICRO_BREAKOUT,NEUTRAL,LONG,2023-01-08 23:00:00+00:00,2023-01-08 23:05:00+00:00,2023-01-08 23:05:00+00:00,2023-01-08 23:20:00+00:00,1.0646900000000001,1.0642900000000002,1.06529,1.06528,TARGET,0.0004,1.474999999999671,1.349999999999671,0.5899999999998684
N4_MICRO_BREAKOUT,NEUTRAL,LONG,2023-01-08 23:25:00+00:00,2023-01-08 23:30:00+00:00,2023-01-08 23:30:00+00:00,2023-01-08 23:30:00+00:00,1.0657,1.0653000000000001,1.0663,1.06529,STOP,0.0004,-1.0250000000000536,-1.1500000000000536,-0.41000000000002146
N1_ROLLING_SWEEP_FADE,NEUTRAL,SHORT,2023-01-08 23:30:00+00:00,2023-01-08 23:35:00+00:00,2023-01-08 23:35:00+00:00,2023-01-08 23:35:00+00:00,1.0651599999999999,1.0655599999999998,1.06456,1.06557,STOP,0.0004,-1.0250000000000536,-1.1500000000000536,-0.41000000000002146
N4_MICRO_BREAKOUT,NEUTRAL,LONG,2023-01-08 23:50:00+00:00,2023-01-08 23:55:00+00:00,2023-01-08 23:55:00+00:00,2023-01-09 00:00:00+00:00,1.0659,1.0655000000000001,1.0665,1.06649,TARGET,0.0004,1.474999999999671,1.349999999999671,0.5899999999998684
N3_ANCHOR_REVERSION,NEUTRAL,SHORT,2023-01-09 00:15:00+00:00,2023-01-09 00:20:00+00:00,2023-01-09 00:20:00+00:00,2023-01-09 00:25:00+00:00,1.06605,1.06645,1.06545,1.06546,TARGET,0.0004,1.474999999999671,1.349999999999671,0.5899999999998684
N1_ROLLING_SWEEP_FADE,NEUTRAL,SHORT,2023-01-09 01:05:00+00:00,2023-01-09 01:10:00+00:00,2023-01-09 01:10:00+00:00,2023-01-09 01:15:00+00:00,1.0663,1.0667,1.0657,1.0657100000000002,TARGET,0.0004,1.474999999999671,1.349999999999671,0.5899999999998684
N3_ANCHOR_REVERSION,NEUTRAL,SHORT,2023-01-09 01:30:00+00:00,2023-01-09 01:35:00+00:00,2023-01-09 01:35:00+00:00,2023-01-09 01:35:00+00:00,1.06613,1.06653,1.06553,1.06654,STOP,0.0004,-1.0250000000000536,-1.1500000000000536,-0.41000000000002146
N4_MICRO_BREAKOUT,NEUTRAL,LONG,2023-01-09 01:40:00+00:00,2023-01-09 01:45:00+00:00,2023-01-09 01:45:00+00:00,2023-01-09 02:45:00+00:00,1.0670000000000002,1.0666000000000002,1.0676,1.06759,TARGET,0.0004,1.474999999999671,1.349999999999671,0.5899999999998684
N3_ANCHOR_REVERSION,NEUTRAL,SHORT,2023-01-17 13:05:00+00:00,2023-01-17 13:10:00+00:00,2023-01-17 13:10:00+00:00,2023-01-17 13:20:00+00:00,1.08452,1.0849199999999999,1.08392,1.08393,TARGET,0.0004,1.474999999999671,1.349999999999671,0.5899999999998684
N1_ROLLING_SWEEP_FADE,NEUTRAL,SHORT,2023-01-17 13:35:00+00:00,2023-01-17 13:40:00+00:00,2023-01-17 13:40:00+00:00,2023-01-17 13:45:00+00:00,1.08506,1.0854599999999999,1.08446,1.08547,STOP,0.0004,-1.0250000000000536,-1.1500000000000536,-0.41000000000002146
N1_ROLLING_SWEEP_FADE,NEUTRAL,SHORT,2023-01-17 14:25:00+00:00,2023-01-17 14:30:00+00:00,2023-01-17 14:30:00+00:00,2023-01-17 14:30:00+00:00,1.08623,1.08663,1.08563,1.08664,STOP,0.0004,-1.0250000000000536,-1.1500000000000536,-0.41000000000002146
N3_ANCHOR_REVERSION,NEUTRAL,SHORT,2023-01-23 08:05:00+00:00,2023-01-23 08:10:00+00:00,2023-01-23 08:10:00+00:00,2023-01-23 08:10:00+00:00,1.0909,1.0913,1.0903,1.0903100000000001,TARGET,0.0004,1.474999999999671,1.349999999999671,0.5899999999998684
N2_ASIA_RANGE_FADE,NEUTRAL,SHORT,2023-01-23 08:10:00+00:00,2023-01-23 08:15:00+00:00,2023-01-23 08:15:00+00:00,2023-01-23 08:15:00+00:00,1.0902999999999998,1.0906999999999998,1.0897,1.0907099999999998,STOP,0.0004,-1.0250000000000536,-1.1500000000000536,-0.41000000000002146
N2_ASIA_RANGE_FADE,NEUTRAL,SHORT,2023-01-23 08:20:00+00:00,2023-01-23 08:25:00+00:00,2023-01-23 08:25:00+00:00,2023-01-23 08:25:00+00:00,1.08954,1.08994,1.08894,1.08995,STOP,0.0004,-1.0250000000000536,-1.1500000000000536,-0.41000000000002146
N1_ROLLING_SWEEP_FADE,NEUTRAL,LONG,2023-01-23 08:40:00+00:00,2023-01-23 08:45:00+00:00,2023-01-23 08:45:00+00:00,2023-01-23 08:45:00+00:00,1.09007,1.0896700000000001,1.09067,1.08966,STOP,0.0004,-1.0250000000000536,-1.1500000000000536,-0.41000000000002146
N3_ANCHOR_REVERSION,NEUTRAL,SHORT,2023-01-24 00:20:00+00:00,2023-01-24 00:25:00+00:00,2023-01-24 00:25:00+00:00,2023-01-24 01:15:00+00:00,1.08731,1.08771,1.08671,1.08772,STOP,0.0004,-1.0250000000000536,-1.1500000000000536,-0.41000000000002146
N3_ANCHOR_REVERSION,NEUTRAL,SHORT,2023-01-24 01:25:00+00:00,2023-01-24 01:30:00+00:00,2023-01-24 01:30:00+00:00,2023-01-24 01:35:00+00:00,1.08743,1.0878299999999999,1.08683,1.08784,STOP,0.0004,-1.0250000000000536,-1.1500000000000536,-0.41000000000002146
N4_MICRO_BREAKOUT,NEUTRAL,LONG,2023-01-24 01:40:00+00:00,2023-01-24 01:45:00+00:00,2023-01-24 01:45:00+00:00,2023-01-24 02:45:00+00:00,1.0881500000000002,1.0877500000000002,1.08875,1.0877400000000002,STOP,0.0004,-1.0250000000000536,-1.1500000000000536,-0.41000000000002146
N4_MICRO_BREAKOUT,NEUTRAL,LONG,2023-01-24 23:55:00+00:00,2023-01-25 00:00:00+00:00,2023-01-25 00:00:00+00:00,2023-01-25 00:00:00+00:00,1.08907,1.08867,1.08967,1.08866,STOP,0.0004,-1.0250000000000536,-1.1500000000000536,-0.41000000000002146
N1_ROLLING_SWEEP_FADE,NEUTRAL,SHORT,2023-01-25 01:05:00+00:00,2023-01-25 01:10:00+00:00,2023-01-25 01:10:00+00:00,2023-01-25 01:30:00+00:00,1.08883,1.08923,1.08823,1.08924,STOP,0.0004,-1.0250000000000536,-1.1500000000000536,-0.41000000000002146
N1_ROLLING_SWEEP_FADE,NEUTRAL,SHORT,2023-01-25 02:35:00+00:00,2023-01-25 02:40:00+00:00,2023-01-25 02:40:00+00:00,2023-01-25 03:05:00+00:00,1.08996,1.09036,1.08936,1.0893700000000002,TARGET,0.0004,1.474999999999671,1.349999999999671,0.5899999999998684
N3_ANCHOR_REVERSION,NEUTRAL,SHORT,2023-01-25 03:25:00+00:00,2023-01-25 03:30:00+00:00,2023-01-25 03:30:00+00:00,2023-01-25 04:05:00+00:00,1.0897599999999998,1.0901599999999998,1.08916,1.0901699999999999,STOP,0.0004,-1.0250000000000536,-1.1500000000000536,-0.41000000000002146
N1_ROLLING_SWEEP_FADE,NEUTRAL,LONG,2023-01-26 19:55:00+00:00,2023-01-26 20:00:00+00:00,2023-01-26 20:00:00+00:00,2023-01-26 23:20:00+00:00,1.08898,1.08858,1.08958,1.08957,TARGET,0.0004,1.474999999999671,1.349999999999671,0.5899999999998684
N3_ANCHOR_REVERSION,NEUTRAL,SHORT,2023-01-26 23:25:00+00:00,2023-01-26 23:30:00+00:00,2023-01-26 23:30:00+00:00,2023-01-26 23:35:00+00:00,1.0892899999999999,1.0896899999999998,1.08869,1.0897,STOP,0.0004,-1.0250000000000536,-1.1500000000000536,-0.41000000000002146
N1_ROLLING_SWEEP_FADE,NEUTRAL,SHORT,2023-01-26 23:35:00+00:00,2023-01-26 23:40:00+00:00,2023-01-26 23:40:00+00:00,2023-01-27 00:00:00+00:00,1.0894199999999998,1.0898199999999998,1.08882,1.0898299999999999,STOP,0.0004,-1.0250000000000536,-1.1500000000000536,-0.41000000000002146
N4_MICRO_BREAKOUT,NEUTRAL,LONG,2023-01-27 00:00:00+00:00,2023-01-27 00:05:00+00:00,2023-01-27 00:05:00+00:00,2023-01-27 00:50:00+00:00,1.08983,1.0894300000000001,1.09043,1.08942,STOP,0.0004,-1.0250000000000536,-1.1500000000000536,-0.41000000000002146
N1_ROLLING_SWEEP_FADE,NEUTRAL,SHORT,2023-01-27 00:50:00+00:00,2023-01-27 00:55:00+00:00,2023-01-27 00:55:00+00:00,2023-01-27 01:00:00+00:00,1.08945,1.08985,1.08885,1.08986,STOP,0.0004,-1.0250000000000536,-1.1500000000000536,-0.41000000000002146
N1_ROLLING_SWEEP_FADE,NEUTRAL,LONG,2023-01-27 01:25:00+00:00,2023-01-27 01:30:00+00:00,2023-01-27 01:30:00+00:00,2023-01-27 01:50:00+00:00,1.0890300000000002,1.0886300000000002,1.08963,1.0886200000000001,STOP,0.0004,-1.0250000000000536,-1.1500000000000536,-0.41000000000002146
N3_ANCHOR_REVERSION,NEUTRAL,LONG,2023-01-27 01:50:00+00:00,2023-01-27 01:55:00+00:00,2023-01-27 01:55:00+00:00,2023-01-27 02:15:00+00:00,1.0889300000000002,1.0885300000000002,1.08953,1.0885200000000002,STOP,0.0004,-1.0250000000000536,-1.1500000000000536,-0.41000000000002146
N1_ROLLING_SWEEP_FADE,NEUTRAL,SHORT,2023-01-27 21:55:00+00:00,2023-01-27 22:00:00+00:00,2023-01-29 22:00:00+00:00,2023-01-29 22:00:00+00:00,1.08642,1.08682,1.08582,1.08683,STOP,0.0004,-1.0250000000000536,-1.1500000000000536,-0.41000000000002146
N1_ROLLING_SWEEP_FADE,NEUTRAL,SHORT,2023-01-29 23:45:00+00:00,2023-01-29 23:50:00+00:00,2023-01-29 23:50:00+00:00,2023-01-30 00:00:00+00:00,1.0870799999999998,1.0874799999999998,1.08648,1.0874899999999998,STOP,0.0004,-1.0250000000000536,-1.1500000000000536,-0.41000000000002146
N4_MICRO_BREAKOUT,NEUTRAL,LONG,2023-01-30 00:00:00+00:00,2023-01-30 00:05:00+00:00,2023-01-30 00:05:00+00:00,2023-01-30 00:10:00+00:00,1.0875000000000001,1.0871000000000002,1.0881,1.0870900000000001,STOP,0.0004,-1.0250000000000536,-1.1500000000000536,-0.41000000000002146
N3_ANCHOR_REVERSION,NEUTRAL,LONG,2023-01-30 01:35:00+00:00,2023-01-30 01:40:00+00:00,2023-01-30 01:40:00+00:00,2023-01-30 01:45:00+00:00,1.0865200000000002,1.0861200000000002,1.08712,1.08711,TARGET,0.0004,1.474999999999671,1.349999999999671,0.5899999999998684
N3_ANCHOR_REVERSION,NEUTRAL,SHORT,2023-01-30 11:00:00+00:00,2023-01-30 11:05:00+00:00,2023-01-30 11:05:00+00:00,2023-01-30 11:20:00+00:00,1.0906799999999999,1.0910799999999998,1.09008,1.09009,TARGET,0.0004,1.474999999999671,1.349999999999671,0.5899999999998684
N1_ROLLING_SWEEP_FADE,NEUTRAL,SHORT,2023-01-30 13:10:00+00:00,2023-01-30 13:15:00+00:00,2023-01-30 13:15:00+00:00,2023-01-30 13:25:00+00:00,1.09023,1.09063,1.08963,1.0896400000000002,TARGET,0.0004,1.474999999999671,1.349999999999671,0.5899999999998684
N1_ROLLING_SWEEP_FADE,NEUTRAL,SHORT,2023-02-01 13:55:00+00:00,2023-02-01 14:00:00+00:00,2023-02-01 14:00:00+00:00,2023-02-01 14:05:00+00:00,1.09038,1.0907799999999999,1.08978,1.09079,STOP,0.0004,-1.0250000000000536,-1.1500000000000536,-0.41000000000002146
N3_ANCHOR_REVERSION,NEUTRAL,SHORT,2023-02-01 14:20:00+00:00,2023-02-01 14:25:00+00:00,2023-02-01 14:25:00+00:00,2023-02-01 14:45:00+00:00,1.0903699999999998,1.0907699999999998,1.08977,1.0907799999999999,STOP,0.0004,-1.0250000000000536,-1.1500000000000536,-0.41000000000002146
N4_MICRO_BREAKOUT,NEUTRAL,SHORT,2023-02-03 15:00:00+00:00,2023-02-03 15:05:00+00:00,2023-02-03 15:05:00+00:00,2023-02-03 15:05:00+00:00,1.08255,1.0829499999999999,1.08195,1.08196,TARGET,0.0004,1.474999999999671,1.349999999999671,0.5899999999998684
N1_ROLLING_SWEEP_FADE,NEUTRAL,LONG,2023-02-03 15:10:00+00:00,2023-02-03 15:15:00+00:00,2023-02-03 15:15:00+00:00,2023-02-03 15:15:00+00:00,1.0836400000000002,1.0832400000000002,1.08424,1.08423,TARGET,0.0004,1.474999999999671,1.349999999999671,0.5899999999998684
N3_ANCHOR_REVERSION,NEUTRAL,LONG,2023-02-03 18:15:00+00:00,2023-02-03 18:20:00+00:00,2023-02-03 18:20:00+00:00,2023-02-03 18:40:00+00:00,1.0813300000000001,1.0809300000000002,1.08193,1.08092,STOP,0.0004,-1.0250000000000536,-1.1500000000000536,-0.41000000000002146
N3_ANCHOR_REVERSION,NEUTRAL,LONG,2023-02-03 19:55:00+00:00,2023-02-03 20:00:00+00:00,2023-02-03 20:00:00+00:00,2023-02-03 20:00:00+00:00,1.08054,1.08014,1.08114,1.08013,STOP,0.0004,-1.0250000000000536,-1.1500000000000536,-0.41000000000002146
N3_ANCHOR_REVERSION,NEUTRAL,LONG,2023-02-05 23:05:00+00:00,2023-02-05 23:10:00+00:00,2023-02-05 23:10:00+00:00,2023-02-05 23:15:00+00:00,1.07885,1.0784500000000001,1.07945,1.07944,TARGET,0.0004,1.474999999999671,1.349999999999671,0.5899999999998684
N1_ROLLING_SWEEP_FADE,NEUTRAL,SHORT,2023-02-05 23:25:00+00:00,2023-02-05 23:30:00+00:00,2023-02-05 23:30:00+00:00,2023-02-05 23:40:00+00:00,1.07938,1.07978,1.07878,1.0787900000000001,TARGET,0.0004,1.474999999999671,1.349999999999671,0.5899999999998684
N3_ANCHOR_REVERSION,NEUTRAL,LONG,2023-02-05 23:50:00+00:00,2023-02-05 23:55:00+00:00,2023-02-05 23:55:00+00:00,2023-02-06 00:05:00+00:00,1.07888,1.07848,1.07948,1.07947,TARGET,0.0004,1.474999999999671,1.349999999999671,0.5899999999998684
N3_ANCHOR_REVERSION,NEUTRAL,LONG,2023-02-06 00:40:00+00:00,2023-02-06 00:45:00+00:00,2023-02-06 00:45:00+00:00,2023-02-06 01:10:00+00:00,1.0783800000000001,1.0779800000000002,1.07898,1.07897,TARGET,0.0004,1.474999999999671,1.349999999999671,0.5899999999998684
N4_MICRO_BREAKOUT,NEUTRAL,SHORT,2023-02-15 00:10:00+00:00,2023-02-15 00:15:00+00:00,2023-02-15 00:15:00+00:00,2023-02-15 00:20:00+00:00,1.0733,1.0736999999999999,1.0727,1.07371,STOP,0.0004,-1.0250000000000536,-1.1500000000000536,-0.41000000000002146
N4_MICRO_BREAKOUT,NEUTRAL,LONG,2023-02-15 00:50:00+00:00,2023-02-15 00:55:00+00:00,2023-02-15 00:55:00+00:00,2023-02-15 02:00:00+00:00,1.0739500000000002,1.0735500000000002,1.0745500000000001,1.0735400000000002,STOP,0.0004,-1.0250000000000536,-1.1500000000000536,-0.41000000000002146
N4_MICRO_BREAKOUT,NEUTRAL,SHORT,2023-02-15 02:15:00+00:00,2023-02-15 02:20:00+00:00,2023-02-15 02:20:00+00:00,2023-02-15 02:25:00+00:00,1.0726799999999999,1.0730799999999998,1.07208,1.0730899999999999,STOP,0.0004,-1.0250000000000536,-1.1500000000000536,-0.41000000000002146
N3_ANCHOR_REVERSION,NEUTRAL,LONG,2023-02-15 03:10:00+00:00,2023-02-15 03:15:00+00:00,2023-02-15 03:15:00+00:00,2023-02-15 03:30:00+00:00,1.0726900000000001,1.0722900000000002,1.07329,1.0722800000000001,STOP,0.0004,-1.0250000000000536,-1.1500000000000536,-0.41000000000002146
N4_MICRO_BREAKOUT,NEUTRAL,LONG,2023-02-27 15:15:00+00:00,2023-02-27 15:20:00+00:00,2023-02-27 15:20:00+00:00,2023-02-27 15:20:00+00:00,1.0615400000000002,1.0611400000000002,1.06214,1.0611300000000001,STOP,0.0004,-1.0250000000000536,-1.1500000000000536,-0.41000000000002146
N3_ANCHOR_REVERSION,NEUTRAL,SHORT,2023-02-27 15:50:00+00:00,2023-02-27 15:55:00+00:00,2023-02-27 15:55:00+00:00,2023-02-27 16:10:00+00:00,1.06016,1.06056,1.05956,1.0595700000000001,TARGET,0.0004,1.474999999999671,1.349999999999671,0.5899999999998684
N3_ANCHOR_REVERSION,NEUTRAL,SHORT,2023-02-27 19:15:00+00:00,2023-02-27 19:20:00+00:00,2023-02-27 19:20:00+00:00,2023-02-28 00:10:00+00:00,1.06098,1.06138,1.06038,1.06139,STOP,0.0004,-1.0250000000000536,-1.1500000000000536,-0.41000000000002146
N3_ANCHOR_REVERSION,NEUTRAL,SHORT,2023-02-28 00:30:00+00:00,2023-02-28 00:35:00+00:00,2023-02-28 00:35:00+00:00,2023-02-28 01:00:00+00:00,1.0610499999999998,1.0614499999999998,1.06045,1.06046,TARGET,0.0004,1.474999999999671,1.349999999999671,0.5899999999998684
N4_MICRO_BREAKOUT,NEUTRAL,SHORT,2023-02-28 01:40:00+00:00,2023-02-28 01:45:00+00:00,2023-02-28 01:45:00+00:00,2023-02-28 01:55:00+00:00,1.05958,1.05998,1.05898,1.05899,TARGET,0.0004,1.474999999999671,1.349999999999671,0.5899999999998684
N4_MICRO_BREAKOUT,NEUTRAL,SHORT,2023-02-28 01:55:00+00:00,2023-02-28 02:00:00+00:00,2023-02-28 02:00:00+00:00,2023-02-28 02:00:00+00:00,1.05864,1.05904,1.05804,1.05905,STOP,0.0004,-1.0250000000000536,-1.1500000000000536,-0.41000000000002146
N1_ROLLING_SWEEP_FADE,NEUTRAL,LONG,2023-02-28 02:00:00+00:00,2023-02-28 02:05:00+00:00,2023-02-28 02:05:00+00:00,2023-02-28 02:45:00+00:00,1.05898,1.05858,1.05958,1.05957,TARGET,0.0004,1.474999999999671,1.349999999999671,0.5899999999998684
N4_MICRO_BREAKOUT,NEUTRAL,SHORT,2023-03-01 00:00:00+00:00,2023-03-01 00:05:00+00:00,2023-03-01 00:05:00+00:00,2023-03-01 00:30:00+00:00,1.05731,1.05771,1.05671,1.05672,TARGET,0.0004,1.474999999999671,1.349999999999671,0.5899999999998684
N4_MICRO_BREAKOUT,NEUTRAL,SHORT,2023-03-01 00:30:00+00:00,2023-03-01 00:35:00+00:00,2023-03-01 00:35:00+00:00,2023-03-01 01:05:00+00:00,1.0566499999999999,1.0570499999999998,1.05605,1.0570599999999999,STOP,0.0004,-1.0250000000000536,-1.1500000000000536,-0.41000000000002146
N1_ROLLING_SWEEP_FADE,NEUTRAL,SHORT,2023-03-01 01:20:00+00:00,2023-03-01 01:25:00+00:00,2023-03-01 01:25:00+00:00,2023-03-01 01:30:00+00:00,1.0573899999999998,1.0577899999999998,1.05679,1.0577999999999999,STOP,0.0004,-1.0250000000000536,-1.1500000000000536,-0.41000000000002146
N4_MICRO_BREAKOUT,NEUTRAL,LONG,2023-03-01 01:50:00+00:00,2023-03-01 01:55:00+00:00,2023-03-01 01:55:00+00:00,2023-03-01 03:25:00+00:00,1.0584500000000001,1.0580500000000002,1.05905,1.05904,TARGET,0.0004,1.474999999999671,1.349999999999671,0.5899999999998684
N3_ANCHOR_REVERSION,NEUTRAL,LONG,2023-03-02 11:00:00+00:00,2023-03-02 11:05:00+00:00,2023-03-02 11:05:00+00:00,2023-03-02 11:05:00+00:00,1.06187,1.0614700000000001,1.06247,1.06246,TARGET,0.0004,1.474999999999671,1.349999999999671,0.5899999999998684
N4_MICRO_BREAKOUT,NEUTRAL,LONG,2023-03-06 02:40:00+00:00,2023-03-06 02:45:00+00:00,2023-03-06 02:45:00+00:00,2023-03-06 05:00:00+00:00,1.06451,1.0641100000000001,1.06511,1.0641,STOP,0.0004,-1.0250000000000536,-1.1500000000000536,-0.41000000000002146
N3_ANCHOR_REVERSION,NEUTRAL,SHORT,2023-03-06 05:50:00+00:00,2023-03-06 05:55:00+00:00,2023-03-06 05:55:00+00:00,2023-03-06 05:55:00+00:00,1.0644799999999999,1.0648799999999998,1.06388,1.06489,STOP,0.0004,-1.0250000000000536,-1.1500000000000536,-0.41000000000002146
N4_MICRO_BREAKOUT,NEUTRAL,LONG,2023-03-06 05:55:00+00:00,2023-03-06 06:00:00+00:00,2023-03-06 06:00:00+00:00,2023-03-06 06:00:00+00:00,1.06491,1.06451,1.06551,1.0645,STOP,0.0004,-1.0250000000000536,-1.1500000000000536,-0.41000000000002146
N2_ASIA_RANGE_FADE,NEUTRAL,SHORT,2023-03-06 06:10:00+00:00,2023-03-06 06:15:00+00:00,2023-03-06 06:15:00+00:00,2023-03-06 06:20:00+00:00,1.0647,1.0651,1.0641,1.0641100000000001,TARGET,0.0004,1.474999999999671,1.349999999999671,0.5899999999998684
N3_ANCHOR_REVERSION,NEUTRAL,LONG,2023-03-07 23:10:00+00:00,2023-03-07 23:15:00+00:00,2023-03-07 23:15:00+00:00,2023-03-08 00:00:00+00:00,1.05515,1.05475,1.05575,1.05474,STOP,0.0004,-1.0250000000000536,-1.1500000000000536,-0.41000000000002146
N4_MICRO_BREAKOUT,NEUTRAL,SHORT,2023-03-08 00:00:00+00:00,2023-03-08 00:05:00+00:00,2023-03-08 00:05:00+00:00,2023-03-08 00:30:00+00:00,1.05442,1.0548199999999999,1.05382,1.05483,STOP,0.0004,-1.0250000000000536,-1.1500000000000536,-0.41000000000002146
N4_MICRO_BREAKOUT,NEUTRAL,SHORT,2023-03-08 02:50:00+00:00,2023-03-08 02:55:00+00:00,2023-03-08 02:55:00+00:00,2023-03-08 03:05:00+00:00,1.05334,1.05374,1.05274,1.05375,STOP,0.0004,-1.0250000000000536,-1.1500000000000536,-0.41000000000002146
N3_ANCHOR_REVERSION,NEUTRAL,LONG,2023-03-08 04:00:00+00:00,2023-03-08 04:05:00+00:00,2023-03-08 04:05:00+00:00,2023-03-08 04:35:00+00:00,1.05336,1.0529600000000001,1.05396,1.05295,STOP,0.0004,-1.0250000000000536,-1.1500000000000536,-0.41000000000002146
N3_ANCHOR_REVERSION,NEUTRAL,LONG,2023-03-08 04:50:00+00:00,2023-03-08 04:55:00+00:00,2023-03-08 04:55:00+00:00,2023-03-08 05:15:00+00:00,1.05339,1.05299,1.05399,1.05298,STOP,0.0004,-1.0250000000000536,-1.1500000000000536,-0.41000000000002146
N3_ANCHOR_REVERSION,NEUTRAL,SHORT,2023-03-09 11:55:00+00:00,2023-03-09 12:00:00+00:00,2023-03-09 12:00:00+00:00,2023-03-09 12:30:00+00:00,1.0570899999999999,1.0574899999999998,1.05649,1.0565,TARGET,0.0004,1.474999999999671,1.349999999999671,0.5899999999998684
N1_ROLLING_SWEEP_FADE,NEUTRAL,SHORT,2023-03-10 04:30:00+00:00,2023-03-10 04:35:00+00:00,2023-03-10 04:35:00+00:00,2023-03-10 05:15:00+00:00,1.05974,1.0601399999999999,1.05914,1.05915,TARGET,0.0004,1.474999999999671,1.349999999999671,0.5899999999998684
N1_ROLLING_SWEEP_FADE,NEUTRAL,LONG,2023-03-10 05:25:00+00:00,2023-03-10 05:30:00+00:00,2023-03-10 05:30:00+00:00,2023-03-10 06:40:00+00:00,1.05885,1.0584500000000001,1.05945,1.05844,STOP,0.0004,-1.0250000000000536,-1.1500000000000536,-0.41000000000002146
N4_MICRO_BREAKOUT,NEUTRAL,SHORT,2023-03-10 06:40:00+00:00,2023-03-10 06:45:00+00:00,2023-03-10 06:45:00+00:00,2023-03-10 06:45:00+00:00,1.05813,1.05853,1.05753,1.05854,STOP,0.0004,-1.0250000000000536,-1.1500000000000536,-0.41000000000002146
N3_ANCHOR_REVERSION,NEUTRAL,LONG,2023-03-10 06:45:00+00:00,2023-03-10 06:50:00+00:00,2023-03-10 06:50:00+00:00,2023-03-10 07:00:00+00:00,1.0585900000000001,1.0581900000000002,1.05919,1.05918,TARGET,0.0004,1.474999999999671,1.349999999999671,0.5899999999998684
N4_MICRO_BREAKOUT,NEUTRAL,LONG,2023-03-17 01:15:00+00:00,2023-03-17 01:20:00+00:00,2023-03-17 01:20:00+00:00,2023-03-17 01:30:00+00:00,1.06251,1.06211,1.06311,1.0631,TARGET,0.0004,1.474999999999671,1.349999999999671,0.5899999999998684
N1_ROLLING_SWEEP_FADE,NEUTRAL,SHORT,2023-03-17 01:30:00+00:00,2023-03-17 01:35:00+00:00,2023-03-17 01:35:00+00:00,2023-03-17 02:00:00+00:00,1.0626499999999999,1.0630499999999998,1.06205,1.06306,STOP,0.0004,-1.0250000000000536,-1.1500000000000536,-0.41000000000002146
N4_MICRO_BREAKOUT,NEUTRAL,LONG,2023-03-21 23:05:00+00:00,2023-03-21 23:10:00+00:00,2023-03-21 23:10:00+00:00,2023-03-22 00:35:00+00:00,1.07712,1.0767200000000001,1.07772,1.07671,STOP,0.0004,-1.0250000000000536,-1.1500000000000536,-0.41000000000002146
N1_ROLLING_SWEEP_FADE,NEUTRAL,LONG,2023-03-22 15:55:00+00:00,2023-03-22 16:00:00+00:00,2023-03-22 16:00:00+00:00,2023-03-22 16:00:00+00:00,1.0792000000000002,1.0788000000000002,1.0798,1.07979,TARGET,0.0004,1.474999999999671,1.349999999999671,0.5899999999998684
N3_ANCHOR_REVERSION,NEUTRAL,SHORT,2023-03-22 17:00:00+00:00,2023-03-22 17:05:00+00:00,2023-03-22 17:05:00+00:00,2023-03-22 17:35:00+00:00,1.0796599999999998,1.0800599999999998,1.07906,1.07907,TARGET,0.0004,1.474999999999671,1.349999999999671,0.5899999999998684
N4_MICRO_BREAKOUT,NEUTRAL,LONG,2023-03-22 18:00:00+00:00,2023-03-22 18:05:00+00:00,2023-03-22 18:05:00+00:00,2023-03-22 18:05:00+00:00,1.0854400000000002,1.0850400000000002,1.0860400000000001,1.0850300000000002,STOP,0.0004,-1.0250000000000536,-1.1500000000000536,-0.41000000000002146
N1_ROLLING_SWEEP_FADE,NEUTRAL,SHORT,2023-03-22 18:05:00+00:00,2023-03-22 18:10:00+00:00,2023-03-22 18:10:00+00:00,2023-03-22 18:10:00+00:00,1.0839299999999998,1.0843299999999998,1.08333,1.0843399999999999,STOP,0.0004,-1.0250000000000536,-1.1500000000000536,-0.41000000000002146
N4_MICRO_BREAKOUT,NEUTRAL,LONG,2023-03-23 00:00:00+00:00,2023-03-23 00:05:00+00:00,2023-03-23 00:05:00+00:00,2023-03-23 00:20:00+00:00,1.08748,1.08708,1.08808,1.08707,STOP,0.0004,-1.0250000000000536,-1.1500000000000536,-0.41000000000002146
N1_ROLLING_SWEEP_FADE,NEUTRAL,SHORT,2023-03-23 00:30:00+00:00,2023-03-23 00:35:00+00:00,2023-03-23 00:35:00+00:00,2023-03-23 00:40:00+00:00,1.08721,1.08761,1.08661,1.08762,STOP,0.0004,-1.0250000000000536,-1.1500000000000536,-0.41000000000002146
N3_ANCHOR_REVERSION,NEUTRAL,SHORT,2023-03-23 00:40:00+00:00,2023-03-23 00:45:00+00:00,2023-03-23 00:45:00+00:00,2023-03-23 00:50:00+00:00,1.0873199999999998,1.0877199999999998,1.08672,1.0877299999999999,STOP,0.0004,-1.0250000000000536,-1.1500000000000536,-0.41000000000002146
N3_ANCHOR_REVERSION,NEUTRAL,SHORT,2023-03-23 01:20:00+00:00,2023-03-23 01:25:00+00:00,2023-03-23 01:25:00+00:00,2023-03-23 01:50:00+00:00,1.08825,1.08865,1.08765,1.08866,STOP,0.0004,-1.0250000000000536,-1.1500000000000536,-0.41000000000002146
N3_ANCHOR_REVERSION,NEUTRAL,SHORT,2023-03-27 19:05:00+00:00,2023-03-27 19:10:00+00:00,2023-03-27 19:10:00+00:00,2023-03-27 20:10:00+00:00,1.07948,1.07988,1.07888,1.07989,STOP,0.0004,-1.0250000000000536,-1.1500000000000536,-0.41000000000002146
N3_ANCHOR_REVERSION,NEUTRAL,SHORT,2023-03-28 01:10:00+00:00,2023-03-28 01:15:00+00:00,2023-03-28 01:15:00+00:00,2023-03-28 01:30:00+00:00,1.08131,1.08171,1.08071,1.08172,STOP,0.0004,-1.0250000000000536,-1.1500000000000536,-0.41000000000002146
N3_ANCHOR_REVERSION,NEUTRAL,SHORT,2023-03-28 01:30:00+00:00,2023-03-28 01:35:00+00:00,2023-03-28 01:35:00+00:00,2023-03-28 02:45:00+00:00,1.08133,1.0817299999999999,1.08073,1.08174,STOP,0.0004,-1.0250000000000536,-1.1500000000000536,-0.41000000000002146
N3_ANCHOR_REVERSION,NEUTRAL,SHORT,2023-03-28 03:10:00+00:00,2023-03-28 03:15:00+00:00,2023-03-28 03:15:00+00:00,2023-03-28 05:10:00+00:00,1.08158,1.08198,1.08098,1.0809900000000001,TARGET,0.0004,1.474999999999671,1.349999999999671,0.5899999999998684
N3_ANCHOR_REVERSION,NEUTRAL,LONG,2023-03-28 05:25:00+00:00,2023-03-28 05:30:00+00:00,2023-03-28 05:30:00+00:00,2023-03-28 05:45:00+00:00,1.08087,1.08047,1.08147,1.0814599999999999,TARGET,0.0004,1.474999999999671,1.349999999999671,0.5899999999998684
N3_ANCHOR_REVERSION,NEUTRAL,SHORT,2023-03-29 11:05:00+00:00,2023-03-29 11:10:00+00:00,2023-03-29 11:10:00+00:00,2023-03-29 11:15:00+00:00,1.0853599999999999,1.0857599999999998,1.08476,1.08577,STOP,0.0004,-1.0250000000000536,-1.1500000000000536,-0.41000000000002146
N3_ANCHOR_REVERSION,NEUTRAL,SHORT,2023-03-29 11:45:00+00:00,2023-03-29 11:50:00+00:00,2023-03-29 11:50:00+00:00,2023-03-29 11:55:00+00:00,1.08649,1.08689,1.08589,1.0859,TARGET,0.0004,1.474999999999671,1.349999999999671,0.5899999999998684
N1_ROLLING_SWEEP_FADE,NEUTRAL,SHORT,2023-03-29 13:05:00+00:00,2023-03-29 13:10:00+00:00,2023-03-29 13:10:00+00:00,2023-03-29 13:20:00+00:00,1.08521,1.08561,1.08461,1.0846200000000001,TARGET,0.0004,1.474999999999671,1.349999999999671,0.5899999999998684
N3_ANCHOR_REVERSION,NEUTRAL,LONG,2023-03-29 13:35:00+00:00,2023-03-29 13:40:00+00:00,2023-03-29 13:40:00+00:00,2023-03-29 13:45:00+00:00,1.0839100000000002,1.0835100000000002,1.08451,1.0845,TARGET,0.0004,1.474999999999671,1.349999999999671,0.5899999999998684
N4_MICRO_BREAKOUT,NEUTRAL,LONG,2023-03-30 10:40:00+00:00,2023-03-30 10:45:00+00:00,2023-03-30 10:45:00+00:00,2023-03-30 10:50:00+00:00,1.08833,1.08793,1.08893,1.08792,STOP,0.0004,-1.0250000000000536,-1.1500000000000536,-0.41000000000002146
N3_ANCHOR_REVERSION,NEUTRAL,SHORT,2023-03-30 10:55:00+00:00,2023-03-30 11:00:00+00:00,2023-03-30 11:00:00+00:00,2023-03-30 12:00:00+00:00,1.08784,1.0882399999999999,1.08724,1.08825,STOP,0.0004,-1.0250000000000536,-1.1500000000000536,-0.41000000000002146
N4_MICRO_BREAKOUT,NEUTRAL,LONG,2023-03-30 12:00:00+00:00,2023-03-30 12:05:00+00:00,2023-03-30 12:05:00+00:00,2023-03-30 12:15:00+00:00,1.08887,1.08847,1.08947,1.08846,STOP,0.0004,-1.0250000000000536,-1.1500000000000536,-0.41000000000002146
N4_MICRO_BREAKOUT,NEUTRAL,LONG,2023-03-30 12:30:00+00:00,2023-03-30 12:35:00+00:00,2023-03-30 12:35:00+00:00,2023-03-30 12:35:00+00:00,1.0902800000000001,1.0898800000000002,1.09088,1.09087,TARGET,0.0004,1.474999999999671,1.349999999999671,0.5899999999998684
N4_MICRO_BREAKOUT,NEUTRAL,LONG,2023-03-31 00:15:00+00:00,2023-03-31 00:20:00+00:00,2023-03-31 00:20:00+00:00,2023-03-31 00:55:00+00:00,1.091,1.0906,1.0916,1.0915899999999998,TARGET,0.0004,1.474999999999671,1.349999999999671,0.5899999999998684
N3_ANCHOR_REVERSION,NEUTRAL,SHORT,2023-03-31 01:00:00+00:00,2023-03-31 01:05:00+00:00,2023-03-31 01:05:00+00:00,2023-03-31 01:10:00+00:00,1.09131,1.09171,1.09071,1.09172,STOP,0.0004,-1.0250000000000536,-1.1500000000000536,-0.41000000000002146
N1_ROLLING_SWEEP_FADE,NEUTRAL,SHORT,2023-03-31 01:10:00+00:00,2023-03-31 01:15:00+00:00,2023-03-31 01:15:00+00:00,2023-03-31 01:20:00+00:00,1.0916,1.0919999999999999,1.091,1.09201,STOP,0.0004,-1.0250000000000536,-1.1500000000000536,-0.41000000000002146
N3_ANCHOR_REVERSION,NEUTRAL,SHORT,2023-03-31 01:25:00+00:00,2023-03-31 01:30:00+00:00,2023-03-31 01:30:00+00:00,2023-03-31 01:30:00+00:00,1.09204,1.0924399999999999,1.09144,1.09245,STOP,0.0004,-1.0250000000000536,-1.1500000000000536,-0.41000000000002146
N3_ANCHOR_REVERSION,NEUTRAL,LONG,2023-04-03 05:00:00+00:00,2023-04-03 05:05:00+00:00,2023-04-03 05:05:00+00:00,2023-04-03 05:50:00+00:00,1.07938,1.07898,1.07998,1.07897,STOP,0.0004,-1.0250000000000536,-1.1500000000000536,-0.41000000000002146
N1_ROLLING_SWEEP_FADE,NEUTRAL,SHORT,2023-04-03 06:05:00+00:00,2023-04-03 06:10:00+00:00,2023-04-03 06:10:00+00:00,2023-04-03 06:10:00+00:00,1.0793599999999999,1.0797599999999998,1.07876,1.07977,STOP,0.0004,-1.0250000000000536,-1.1500000000000536,-0.41000000000002146
N1_ROLLING_SWEEP_FADE,NEUTRAL,SHORT,2023-04-03 06:20:00+00:00,2023-04-03 06:25:00+00:00,2023-04-03 06:25:00+00:00,2023-04-03 06:25:00+00:00,1.0804099999999999,1.0808099999999998,1.07981,1.08082,STOP,0.0004,-1.0250000000000536,-1.1500000000000536,-0.41000000000002146
N4_MICRO_BREAKOUT,NEUTRAL,LONG,2023-04-03 06:25:00+00:00,2023-04-03 06:30:00+00:00,2023-04-03 06:30:00+00:00,2023-04-03 06:35:00+00:00,1.08077,1.08037,1.08137,1.0813599999999999,TARGET,0.0004,1.474999999999671,1.349999999999671,0.5899999999998684
N4_MICRO_BREAKOUT,NEUTRAL,SHORT,2023-04-10 04:00:00+00:00,2023-04-10 04:05:00+00:00,2023-04-10 04:05:00+00:00,2023-04-10 04:30:00+00:00,1.08957,1.0899699999999999,1.08897,1.08998,STOP,0.0004,-1.0250000000000536,-1.1500000000000536,-0.41000000000002146
N1_ROLLING_SWEEP_FADE,NEUTRAL,LONG,2023-04-10 14:00:00+00:00,2023-04-10 14:05:00+00:00,2023-04-10 14:05:00+00:00,2023-04-10 14:05:00+00:00,1.08434,1.0839400000000001,1.08494,1.08393,STOP,0.0004,-1.0250000000000536,-1.1500000000000536,-0.41000000000002146
N1_ROLLING_SWEEP_FADE,NEUTRAL,SHORT,2023-04-10 17:50:00+00:00,2023-04-10 17:55:00+00:00,2023-04-10 17:55:00+00:00,2023-04-10 18:55:00+00:00,1.0854899999999998,1.0858899999999998,1.08489,1.0858999999999999,STOP,0.0004,-1.0250000000000536,-1.1500000000000536,-0.41000000000002146
N4_MICRO_BREAKOUT,NEUTRAL,LONG,2023-04-10 18:55:00+00:00,2023-04-10 19:00:00+00:00,2023-04-10 19:00:00+00:00,2023-04-10 19:20:00+00:00,1.08599,1.08559,1.08659,1.08558,STOP,0.0004,-1.0250000000000536,-1.1500000000000536,-0.41000000000002146
N1_ROLLING_SWEEP_FADE,NEUTRAL,SHORT,2023-04-10 23:55:00+00:00,2023-04-11 00:00:00+00:00,2023-04-11 00:00:00+00:00,2023-04-11 00:00:00+00:00,1.08686,1.08726,1.08626,1.08727,STOP,0.0004,-1.0250000000000536,-1.1500000000000536,-0.41000000000002146
N4_MICRO_BREAKOUT,NEUTRAL,LONG,2023-04-11 00:05:00+00:00,2023-04-11 00:10:00+00:00,2023-04-11 00:10:00+00:00,2023-04-11 01:10:00+00:00,1.08741,1.08701,1.08801,1.087,STOP,0.0004,-1.0250000000000536,-1.1500000000000536,-0.41000000000002146
N1_ROLLING_SWEEP_FADE,NEUTRAL,LONG,2023-04-11 01:35:00+00:00,2023-04-11 01:40:00+00:00,2023-04-11 01:40:00+00:00,2023-04-11 02:05:00+00:00,1.08766,1.0872600000000001,1.08826,1.08825,TARGET,0.0004,1.474999999999671,1.349999999999671,0.5899999999998684
N4_MICRO_BREAKOUT,NEUTRAL,LONG,2023-04-11 02:05:00+00:00,2023-04-11 02:10:00+00:00,2023-04-11 02:10:00+00:00,2023-04-11 03:45:00+00:00,1.08836,1.08796,1.08896,1.08795,STOP,0.0004,-1.0250000000000536,-1.1500000000000536,-0.41000000000002146
N1_ROLLING_SWEEP_FADE,NEUTRAL,SHORT,2023-04-12 14:15:00+00:00,2023-04-12 14:20:00+00:00,2023-04-12 14:20:00+00:00,2023-04-12 14:20:00+00:00,1.09934,1.09974,1.09874,1.09975,STOP,0.0004,-1.0250000000000536,-1.1500000000000536,-0.41000000000002146
N3_ANCHOR_REVERSION,NEUTRAL,SHORT,2023-04-12 14:50:00+00:00,2023-04-12 14:55:00+00:00,2023-04-12 14:55:00+00:00,2023-04-12 15:05:00+00:00,1.09798,1.09838,1.09738,1.09739,TARGET,0.0004,1.474999999999671,1.349999999999671,0.5899999999998684
N1_ROLLING_SWEEP_FADE,NEUTRAL,SHORT,2023-04-12 17:00:00+00:00,2023-04-12 17:05:00+00:00,2023-04-12 17:05:00+00:00,2023-04-12 17:10:00+00:00,1.09937,1.09977,1.09877,1.09978,STOP,0.0004,-1.0250000000000536,-1.1500000000000536,-0.41000000000002146
N3_ANCHOR_REVERSION,NEUTRAL,SHORT,2023-04-12 17:55:00+00:00,2023-04-12 18:00:00+00:00,2023-04-12 18:00:00+00:00,2023-04-12 18:00:00+00:00,1.0993199999999999,1.0997199999999998,1.09872,1.0997299999999999,STOP,0.0004,-1.0250000000000536,-1.1500000000000536,-0.41000000000002146
N3_ANCHOR_REVERSION,NEUTRAL,SHORT,2023-04-12 23:55:00+00:00,2023-04-13 00:00:00+00:00,2023-04-13 00:00:00+00:00,2023-04-13 00:05:00+00:00,1.0996599999999999,1.1000599999999998,1.09906,1.09907,TARGET,0.0004,1.474999999999671,1.349999999999671,0.5899999999998684
N3_ANCHOR_REVERSION,NEUTRAL,SHORT,2023-04-13 00:35:00+00:00,2023-04-13 00:40:00+00:00,2023-04-13 00:40:00+00:00,2023-04-13 00:50:00+00:00,1.0998299999999999,1.1002299999999998,1.09923,1.1002399999999999,STOP,0.0004,-1.0250000000000536,-1.1500000000000536,-0.41000000000002146
N4_MICRO_BREAKOUT,NEUTRAL,LONG,2023-04-13 00:50:00+00:00,2023-04-13 00:55:00+00:00,2023-04-13 00:55:00+00:00,2023-04-13 01:00:00+00:00,1.10026,1.09986,1.10086,1.09985,STOP,0.0004,-1.0250000000000536,-1.1500000000000536,-0.41000000000002146
N1_ROLLING_SWEEP_FADE,NEUTRAL,LONG,2023-04-13 02:00:00+00:00,2023-04-13 02:05:00+00:00,2023-04-13 02:05:00+00:00,2023-04-13 02:30:00+00:00,1.0996700000000001,1.0992700000000002,1.10027,1.0992600000000001,STOP,0.0004,-1.0250000000000536,-1.1500000000000536,-0.41000000000002146
N4_MICRO_BREAKOUT,NEUTRAL,LONG,2023-04-13 23:55:00+00:00,2023-04-14 00:00:00+00:00,2023-04-14 00:00:00+00:00,2023-04-14 00:55:00+00:00,1.10525,1.10485,1.10585,1.10584,TARGET,0.0004,1.474999999999671,1.349999999999671,0.5899999999998684
N1_ROLLING_SWEEP_FADE,NEUTRAL,SHORT,2023-04-14 00:55:00+00:00,2023-04-14 01:00:00+00:00,2023-04-14 01:00:00+00:00,2023-04-14 01:15:00+00:00,1.10543,1.1058299999999999,1.10483,1.10584,STOP,0.0004,-1.0250000000000536,-1.1500000000000536,-0.41000000000002146
N3_ANCHOR_REVERSION,NEUTRAL,SHORT,2023-04-14 01:25:00+00:00,2023-04-14 01:30:00+00:00,2023-04-14 01:30:00+00:00,2023-04-14 01:55:00+00:00,1.1059999999999999,1.1063999999999998,1.1054,1.10641,STOP,0.0004,-1.0250000000000536,-1.1500000000000536,-0.41000000000002146
N4_MICRO_BREAKOUT,NEUTRAL,LONG,2023-04-14 02:05:00+00:00,2023-04-14 02:10:00+00:00,2023-04-14 02:10:00+00:00,2023-04-14 02:10:00+00:00,1.1073700000000002,1.1069700000000002,1.1079700000000001,1.1069600000000002,STOP,0.0004,-1.0250000000000536,-1.1500000000000536,-0.41000000000002146
N1_ROLLING_SWEEP_FADE,NEUTRAL,LONG,2023-04-16 22:50:00+00:00,2023-04-16 22:55:00+00:00,2023-04-16 22:55:00+00:00,2023-04-16 23:20:00+00:00,1.09885,1.0984500000000001,1.09945,1.09844,STOP,0.0004,-1.0250000000000536,-1.1500000000000536,-0.41000000000002146
N3_ANCHOR_REVERSION,NEUTRAL,LONG,2023-04-17 00:10:00+00:00,2023-04-17 00:15:00+00:00,2023-04-17 00:15:00+00:00,2023-04-17 00:45:00+00:00,1.0985900000000002,1.0981900000000002,1.0991900000000001,1.0981800000000002,STOP,0.0004,-1.0250000000000536,-1.1500000000000536,-0.41000000000002146
N4_MICRO_BREAKOUT,NEUTRAL,SHORT,2023-04-17 00:50:00+00:00,2023-04-17 00:55:00+00:00,2023-04-17 00:55:00+00:00,2023-04-17 01:00:00+00:00,1.09787,1.0982699999999999,1.09727,1.09728,TARGET,0.0004,1.474999999999671,1.349999999999671,0.5899999999998684
N4_MICRO_BREAKOUT,NEUTRAL,SHORT,2023-04-17 01:05:00+00:00,2023-04-17 01:10:00+00:00,2023-04-17 01:10:00+00:00,2023-04-17 01:20:00+00:00,1.0965799999999999,1.0969799999999998,1.09598,1.09699,STOP,0.0004,-1.0250000000000536,-1.1500000000000536,-0.41000000000002146
N3_ANCHOR_REVERSION,NEUTRAL,LONG,2023-04-17 01:35:00+00:00,2023-04-17 01:40:00+00:00,2023-04-17 01:40:00+00:00,2023-04-17 02:35:00+00:00,1.09718,1.09678,1.09778,1.09777,TARGET,0.0004,1.474999999999671,1.349999999999671,0.5899999999998684
N4_MICRO_BREAKOUT,NEUTRAL,SHORT,2023-04-20 18:40:00+00:00,2023-04-20 18:45:00+00:00,2023-04-20 18:45:00+00:00,2023-04-20 18:55:00+00:00,1.0959699999999999,1.0963699999999998,1.09537,1.09638,STOP,0.0004,-1.0250000000000536,-1.1500000000000536,-0.41000000000002146
N4_MICRO_BREAKOUT,NEUTRAL,SHORT,2023-04-20 19:10:00+00:00,2023-04-20 19:15:00+00:00,2023-04-20 19:15:00+00:00,2023-04-20 19:50:00+00:00,1.09577,1.0961699999999999,1.09517,1.09618,STOP,0.0004,-1.0250000000000536,-1.1500000000000536,-0.41000000000002146
N4_MICRO_BREAKOUT,NEUTRAL,LONG,2023-04-20 22:15:00+00:00,2023-04-20 22:20:00+00:00,2023-04-20 22:20:00+00:00,2023-04-20 22:55:00+00:00,1.09715,1.0967500000000001,1.09775,1.09674,STOP,0.0004,-1.0250000000000536,-1.1500000000000536,-0.41000000000002146
N1_ROLLING_SWEEP_FADE,NEUTRAL,LONG,2023-04-20 23:35:00+00:00,2023-04-20 23:40:00+00:00,2023-04-20 23:40:00+00:00,2023-04-21 00:15:00+00:00,1.09677,1.09637,1.09737,1.09636,STOP,0.0004,-1.0250000000000536,-1.1500000000000536,-0.41000000000002146
N4_MICRO_BREAKOUT,NEUTRAL,SHORT,2023-04-21 00:15:00+00:00,2023-04-21 00:20:00+00:00,2023-04-21 00:20:00+00:00,2023-04-21 00:35:00+00:00,1.09633,1.09673,1.09573,1.09674,STOP,0.0004,-1.0250000000000536,-1.1500000000000536,-0.41000000000002146
N1_ROLLING_SWEEP_FADE,NEUTRAL,SHORT,2023-04-21 01:15:00+00:00,2023-04-21 01:20:00+00:00,2023-04-21 01:20:00+00:00,2023-04-21 01:55:00+00:00,1.09718,1.09758,1.09658,1.0965900000000002,TARGET,0.0004,1.474999999999671,1.349999999999671,0.5899999999998684
N1_ROLLING_SWEEP_FADE,NEUTRAL,LONG,2023-04-21 02:00:00+00:00,2023-04-21 02:05:00+00:00,2023-04-21 02:05:00+00:00,2023-04-21 02:05:00+00:00,1.0970900000000001,1.0966900000000002,1.09769,1.09668,STOP,0.0004,-1.0250000000000536,-1.1500000000000536,-0.41000000000002146
N1_ROLLING_SWEEP_FADE,NEUTRAL,SHORT,2023-04-21 13:00:00+00:00,2023-04-21 13:05:00+00:00,2023-04-21 13:05:00+00:00,2023-04-21 13:35:00+00:00,1.09879,1.09919,1.09819,1.0992,STOP,0.0004,-1.0250000000000536,-1.1500000000000536,-0.41000000000002146
N3_ANCHOR_REVERSION,NEUTRAL,SHORT,2023-04-24 14:00:00+00:00,2023-04-24 14:05:00+00:00,2023-04-24 14:05:00+00:00,2023-04-24 14:05:00+00:00,1.10218,1.10258,1.10158,1.10259,STOP,0.0004,-1.0250000000000536,-1.1500000000000536,-0.41000000000002146
N3_ANCHOR_REVERSION,NEUTRAL,SHORT,2023-04-24 14:45:00+00:00,2023-04-24 14:50:00+00:00,2023-04-24 14:50:00+00:00,2023-04-24 15:00:00+00:00,1.10323,1.1036299999999999,1.10263,1.10264,TARGET,0.0004,1.474999999999671,1.349999999999671,0.5899999999998684
N3_ANCHOR_REVERSION,NEUTRAL,SHORT,2023-04-24 19:45:00+00:00,2023-04-24 19:50:00+00:00,2023-04-24 19:50:00+00:00,2023-04-24 21:25:00+00:00,1.10438,1.1047799999999999,1.10378,1.10481,STOP,0.0004,-1.0750000000003812,-1.2000000000003812,-0.4300000000001525
N4_MICRO_BREAKOUT,NEUTRAL,SHORT,2023-04-26 01:10:00+00:00,2023-04-26 01:15:00+00:00,2023-04-26 01:15:00+00:00,2023-04-26 01:30:00+00:00,1.0971199999999999,1.0975199999999998,1.09652,1.09753,STOP,0.0004,-1.0250000000000536,-1.1500000000000536,-0.41000000000002146
N3_ANCHOR_REVERSION,NEUTRAL,SHORT,2023-04-26 08:00:00+00:00,2023-04-26 08:05:00+00:00,2023-04-26 08:05:00+00:00,2023-04-26 08:15:00+00:00,1.10178,1.10218,1.10118,1.10219,STOP,0.0004,-1.0250000000000536,-1.1500000000000536,-0.41000000000002146
N4_MICRO_BREAKOUT,NEUTRAL,LONG,2023-04-26 08:25:00+00:00,2023-04-26 08:30:00+00:00,2023-04-26 08:30:00+00:00,2023-04-26 08:40:00+00:00,1.1037100000000002,1.1033100000000002,1.1043100000000001,1.1033000000000002,STOP,0.0004,-1.0250000000000536,-1.1500000000000536,-0.41000000000002146
N4_MICRO_BREAKOUT,NEUTRAL,LONG,2023-04-26 09:05:00+00:00,2023-04-26 09:10:00+00:00,2023-04-26 09:10:00+00:00,2023-04-26 09:10:00+00:00,1.10529,1.1048900000000001,1.10589,1.10488,STOP,0.0004,-1.0250000000000536,-1.1500000000000536,-0.41000000000002146
N4_MICRO_BREAKOUT,NEUTRAL,LONG,2023-04-27 18:55:00+00:00,2023-04-27 19:00:00+00:00,2023-04-27 19:00:00+00:00,2023-04-27 19:35:00+00:00,1.1027600000000002,1.1023600000000002,1.1033600000000001,1.1023500000000002,STOP,0.0004,-1.0250000000000536,-1.1500000000000536,-0.41000000000002146
N1_ROLLING_SWEEP_FADE,NEUTRAL,LONG,2023-04-27 19:55:00+00:00,2023-04-27 20:00:00+00:00,2023-04-27 20:00:00+00:00,2023-04-27 23:30:00+00:00,1.10249,1.10209,1.10309,1.1030799999999998,TARGET,0.0004,1.474999999999671,1.349999999999671,0.5899999999998684
N4_MICRO_BREAKOUT,NEUTRAL,LONG,2023-04-27 23:30:00+00:00,2023-04-27 23:35:00+00:00,2023-04-27 23:35:00+00:00,2023-04-28 00:50:00+00:00,1.10317,1.10277,1.10377,1.1037599999999999,TARGET,0.0004,1.474999999999671,1.349999999999671,0.5899999999998684
N3_ANCHOR_REVERSION,NEUTRAL,SHORT,2023-04-28 00:55:00+00:00,2023-04-28 01:00:00+00:00,2023-04-28 01:00:00+00:00,2023-04-28 01:50:00+00:00,1.10344,1.10384,1.10284,1.10285,TARGET,0.0004,1.474999999999671,1.349999999999671,0.5899999999998684
N3_ANCHOR_REVERSION,NEUTRAL,LONG,2023-04-28 03:00:00+00:00,2023-04-28 03:05:00+00:00,2023-04-28 03:05:00+00:00,2023-04-28 03:10:00+00:00,1.1019,1.1015000000000001,1.1025,1.10149,STOP,0.0004,-1.0250000000000536,-1.1500000000000536,-0.41000000000002146
N3_ANCHOR_REVERSION,NEUTRAL,LONG,2023-04-28 03:25:00+00:00,2023-04-28 03:30:00+00:00,2023-04-28 03:30:00+00:00,2023-04-28 04:00:00+00:00,1.10188,1.10148,1.10248,1.10147,STOP,0.0004,-1.0250000000000536,-1.1500000000000536,-0.41000000000002146
N3_ANCHOR_REVERSION,NEUTRAL,LONG,2023-04-28 12:40:00+00:00,2023-04-28 12:45:00+00:00,2023-04-28 12:45:00+00:00,2023-04-28 12:50:00+00:00,1.09721,1.09681,1.09781,1.0977999999999999,TARGET,0.0004,1.474999999999671,1.349999999999671,0.5899999999998684
N4_MICRO_BREAKOUT,NEUTRAL,SHORT,2023-04-30 22:00:00+00:00,2023-04-30 22:05:00+00:00,2023-04-30 22:05:00+00:00,2023-04-30 22:10:00+00:00,1.1013899999999999,1.1017899999999998,1.10079,1.1018,STOP,0.0004,-1.0250000000000536,-1.1500000000000536,-0.41000000000002146
N1_ROLLING_SWEEP_FADE,NEUTRAL,LONG,2023-04-30 22:30:00+00:00,2023-04-30 22:35:00+00:00,2023-04-30 22:35:00+00:00,2023-04-30 22:35:00+00:00,1.1015400000000002,1.1011400000000002,1.1021400000000001,1.1011300000000002,STOP,0.0004,-1.0250000000000536,-1.1500000000000536,-0.41000000000002146
N4_MICRO_BREAKOUT,NEUTRAL,SHORT,2023-04-30 22:35:00+00:00,2023-04-30 22:40:00+00:00,2023-04-30 22:40:00+00:00,2023-05-01 00:05:00+00:00,1.1011,1.1015,1.1005,1.10151,STOP,0.0004,-1.0250000000000536,-1.1500000000000536,-0.41000000000002146
N3_ANCHOR_REVERSION,NEUTRAL,LONG,2023-05-01 00:20:00+00:00,2023-05-01 00:25:00+00:00,2023-05-01 00:25:00+00:00,2023-05-01 00:50:00+00:00,1.1009900000000001,1.1005900000000002,1.10159,1.1005800000000001,STOP,0.0004,-1.0250000000000536,-1.1500000000000536,-0.41000000000002146
N4_MICRO_BREAKOUT,NEUTRAL,SHORT,2023-05-01 00:50:00+00:00,2023-05-01 00:55:00+00:00,2023-05-01 00:55:00+00:00,2023-05-01 01:40:00+00:00,1.1005,1.1009,1.0999,1.10091,STOP,0.0004,-1.0250000000000536,-1.1500000000000536,-0.41000000000002146
N3_ANCHOR_REVERSION,NEUTRAL,SHORT,2023-05-03 01:00:00+00:00,2023-05-03 01:05:00+00:00,2023-05-03 01:05:00+00:00,2023-05-03 01:20:00+00:00,1.10145,1.10185,1.10085,1.10186,STOP,0.0004,-1.0250000000000536,-1.1500000000000536,-0.41000000000002146
N1_ROLLING_SWEEP_FADE,NEUTRAL,SHORT,2023-05-03 01:40:00+00:00,2023-05-03 01:45:00+00:00,2023-05-03 01:45:00+00:00,2023-05-03 01:50:00+00:00,1.10189,1.10229,1.10129,1.1023,STOP,0.0004,-1.0250000000000536,-1.1500000000000536,-0.41000000000002146
N3_ANCHOR_REVERSION,NEUTRAL,SHORT,2023-05-03 02:10:00+00:00,2023-05-03 02:15:00+00:00,2023-05-03 02:15:00+00:00,2023-05-03 02:50:00+00:00,1.10221,1.1026099999999999,1.10161,1.10262,STOP,0.0004,-1.0250000000000536,-1.1500000000000536,-0.41000000000002146
N3_ANCHOR_REVERSION,NEUTRAL,SHORT,2023-05-03 04:05:00+00:00,2023-05-03 04:10:00+00:00,2023-05-03 04:10:00+00:00,2023-05-03 04:55:00+00:00,1.10283,1.10323,1.10223,1.10224,TARGET,0.0004,1.474999999999671,1.349999999999671,0.5899999999998684
N4_MICRO_BREAKOUT,NEUTRAL,SHORT,2023-05-07 22:30:00+00:00,2023-05-07 22:35:00+00:00,2023-05-07 22:35:00+00:00,2023-05-07 23:25:00+00:00,1.1016599999999999,1.1020599999999998,1.10106,1.1020699999999999,STOP,0.0004,-1.0250000000000536,-1.1500000000000536,-0.41000000000002146
N1_ROLLING_SWEEP_FADE,NEUTRAL,SHORT,2023-05-08 00:30:00+00:00,2023-05-08 00:35:00+00:00,2023-05-08 00:35:00+00:00,2023-05-08 01:30:00+00:00,1.10236,1.10276,1.10176,1.10277,STOP,0.0004,-1.0250000000000536,-1.1500000000000536,-0.41000000000002146
N4_MICRO_BREAKOUT,NEUTRAL,LONG,2023-05-08 02:25:00+00:00,2023-05-08 02:30:00+00:00,2023-05-08 02:30:00+00:00,2023-05-08 03:45:00+00:00,1.10335,1.10295,1.10395,1.10394,TARGET,0.0004,1.474999999999671,1.349999999999671,0.5899999999998684
N3_ANCHOR_REVERSION,NEUTRAL,SHORT,2023-05-08 03:55:00+00:00,2023-05-08 04:00:00+00:00,2023-05-08 04:00:00+00:00,2023-05-08 04:35:00+00:00,1.10389,1.10429,1.10329,1.1043,STOP,0.0004,-1.0250000000000536,-1.1500000000000536,-0.41000000000002146
N3_ANCHOR_REVERSION,NEUTRAL,LONG,2023-05-09 00:55:00+00:00,2023-05-09 01:00:00+00:00,2023-05-09 01:00:00+00:00,2023-05-09 02:05:00+00:00,1.0990600000000001,1.0986600000000002,1.09966,1.0986500000000001,STOP,0.0004,-1.0250000000000536,-1.1500000000000536,-0.41000000000002146
N4_MICRO_BREAKOUT,NEUTRAL,SHORT,2023-05-09 12:55:00+00:00,2023-05-09 13:00:00+00:00,2023-05-09 13:00:00+00:00,2023-05-09 13:15:00+00:00,1.09499,1.0953899999999999,1.09439,1.0944,TARGET,0.0004,1.474999999999671,1.349999999999671,0.5899999999998684
N3_ANCHOR_REVERSION,NEUTRAL,LONG,2023-05-09 13:20:00+00:00,2023-05-09 13:25:00+00:00,2023-05-09 13:25:00+00:00,2023-05-09 13:35:00+00:00,1.09474,1.09434,1.09534,1.09433,STOP,0.0004,-1.0250000000000536,-1.1500000000000536,-0.41000000000002146
N3_ANCHOR_REVERSION,NEUTRAL,LONG,2023-05-09 13:35:00+00:00,2023-05-09 13:40:00+00:00,2023-05-09 13:40:00+00:00,2023-05-09 13:40:00+00:00,1.09488,1.0944800000000001,1.09548,1.09547,TARGET,0.0004,1.474999999999671,1.349999999999671,0.5899999999998684
N3_ANCHOR_REVERSION,NEUTRAL,LONG,2023-05-10 17:45:00+00:00,2023-05-10 17:50:00+00:00,2023-05-10 17:50:00+00:00,2023-05-10 18:10:00+00:00,1.09661,1.0962100000000001,1.09721,1.0972,TARGET,0.0004,1.474999999999671,1.349999999999671,0.5899999999998684
N1_ROLLING_SWEEP_FADE,NEUTRAL,SHORT,2023-05-10 18:30:00+00:00,2023-05-10 18:35:00+00:00,2023-05-10 18:35:00+00:00,2023-05-10 18:35:00+00:00,1.0973199999999999,1.0977199999999998,1.09672,1.0977299999999999,STOP,0.0004,-1.0250000000000536,-1.1500000000000536,-0.41000000000002146
N3_ANCHOR_REVERSION,NEUTRAL,SHORT,2023-05-10 21:45:00+00:00,2023-05-10 21:50:00+00:00,2023-05-10 21:50:00+00:00,2023-05-10 22:00:00+00:00,1.09814,1.0985399999999998,1.09754,1.09855,STOP,0.0004,-1.0250000000000536,-1.1500000000000536,-0.41000000000002146
N4_MICRO_BREAKOUT,NEUTRAL,LONG,2023-05-10 22:00:00+00:00,2023-05-10 22:05:00+00:00,2023-05-10 22:05:00+00:00,2023-05-10 22:10:00+00:00,1.09863,1.09823,1.09923,1.09822,STOP,0.0004,-1.0250000000000536,-1.1500000000000536,-0.41000000000002146
N4_MICRO_BREAKOUT,NEUTRAL,LONG,2023-05-11 00:15:00+00:00,2023-05-11 00:20:00+00:00,2023-05-11 00:20:00+00:00,2023-05-11 01:10:00+00:00,1.09873,1.09833,1.09933,1.0993199999999999,TARGET,0.0004,1.474999999999671,1.349999999999671,0.5899999999998684
N3_ANCHOR_REVERSION,NEUTRAL,SHORT,2023-05-11 01:30:00+00:00,2023-05-11 01:35:00+00:00,2023-05-11 01:35:00+00:00,2023-05-11 02:00:00+00:00,1.09899,1.0993899999999999,1.09839,1.0984,TARGET,0.0004,1.474999999999671,1.349999999999671,0.5899999999998684
N1_ROLLING_SWEEP_FADE,NEUTRAL,LONG,2023-05-11 02:10:00+00:00,2023-05-11 02:15:00+00:00,2023-05-11 02:15:00+00:00,2023-05-11 02:25:00+00:00,1.0980100000000002,1.0976100000000002,1.09861,1.0976000000000001,STOP,0.0004,-1.0250000000000536,-1.1500000000000536,-0.41000000000002146
N4_MICRO_BREAKOUT,NEUTRAL,SHORT,2023-05-11 08:00:00+00:00,2023-05-11 08:05:00+00:00,2023-05-11 08:05:00+00:00,2023-05-11 08:05:00+00:00,1.0920999999999998,1.0924999999999998,1.0915,1.0925099999999999,STOP,0.0004,-1.0250000000000536,-1.1500000000000536,-0.41000000000002146
N1_ROLLING_SWEEP_FADE,NEUTRAL,SHORT,2023-05-12 00:20:00+00:00,2023-05-12 00:25:00+00:00,2023-05-12 00:25:00+00:00,2023-05-12 00:55:00+00:00,1.09172,1.09212,1.09112,1.09213,STOP,0.0004,-1.0250000000000536,-1.1500000000000536,-0.41000000000002146
N4_MICRO_BREAKOUT,NEUTRAL,LONG,2023-05-12 00:55:00+00:00,2023-05-12 01:00:00+00:00,2023-05-12 01:00:00+00:00,2023-05-12 01:15:00+00:00,1.0922200000000002,1.0918200000000002,1.0928200000000001,1.0918100000000002,STOP,0.0004,-1.0250000000000536,-1.1500000000000536,-0.41000000000002146
N3_ANCHOR_REVERSION,NEUTRAL,SHORT,2023-05-12 01:35:00+00:00,2023-05-12 01:40:00+00:00,2023-05-12 01:40:00+00:00,2023-05-12 01:55:00+00:00,1.09198,1.09238,1.09138,1.09239,STOP,0.0004,-1.0250000000000536,-1.1500000000000536,-0.41000000000002146
N1_ROLLING_SWEEP_FADE,NEUTRAL,SHORT,2023-05-12 02:00:00+00:00,2023-05-12 02:05:00+00:00,2023-05-12 02:05:00+00:00,2023-05-12 03:05:00+00:00,1.09226,1.09266,1.09166,1.0916700000000001,TARGET,0.0004,1.474999999999671,1.349999999999671,0.5899999999998684
N4_MICRO_BREAKOUT,NEUTRAL,SHORT,2023-05-12 20:55:00+00:00,2023-05-12 21:00:00+00:00,2023-05-14 21:00:00+00:00,2023-05-14 21:00:00+00:00,1.08609,1.08649,1.08549,1.0855000000000001,TARGET,0.0004,1.474999999999671,1.349999999999671,0.5899999999998684
N4_MICRO_BREAKOUT,NEUTRAL,SHORT,2023-05-14 22:00:00+00:00,2023-05-14 22:05:00+00:00,2023-05-14 22:05:00+00:00,2023-05-14 22:10:00+00:00,1.0846099999999999,1.0850099999999998,1.08401,1.0850199999999999,STOP,0.0004,-1.0250000000000536,-1.1500000000000536,-0.41000000000002146
N1_ROLLING_SWEEP_FADE,NEUTRAL,SHORT,2023-05-15 00:10:00+00:00,2023-05-15 00:15:00+00:00,2023-05-15 00:15:00+00:00,2023-05-15 01:05:00+00:00,1.08521,1.08561,1.08461,1.08562,STOP,0.0004,-1.0250000000000536,-1.1500000000000536,-0.41000000000002146
N4_MICRO_BREAKOUT,NEUTRAL,LONG,2023-05-15 01:10:00+00:00,2023-05-15 01:15:00+00:00,2023-05-15 01:15:00+00:00,2023-05-15 01:55:00+00:00,1.08573,1.0853300000000001,1.08633,1.08632,TARGET,0.0004,1.474999999999671,1.349999999999671,0.5899999999998684
N3_ANCHOR_REVERSION,NEUTRAL,SHORT,2023-05-15 03:35:00+00:00,2023-05-15 03:40:00+00:00,2023-05-15 03:40:00+00:00,2023-05-15 04:55:00+00:00,1.08602,1.08642,1.08542,1.08643,STOP,0.0004,-1.0250000000000536,-1.1500000000000536,-0.41000000000002146
N4_MICRO_BREAKOUT,NEUTRAL,LONG,2023-05-15 04:55:00+00:00,2023-05-15 05:00:00+00:00,2023-05-15 05:00:00+00:00,2023-05-15 06:10:00+00:00,1.08637,1.08597,1.08697,1.08696,TARGET,0.0004,1.474999999999671,1.349999999999671,0.5899999999998684
N1_ROLLING_SWEEP_FADE,NEUTRAL,SHORT,2023-05-30 09:30:00+00:00,2023-05-30 09:35:00+00:00,2023-05-30 09:35:00+00:00,2023-05-30 09:35:00+00:00,1.0715299999999999,1.0719299999999998,1.07093,1.07194,STOP,0.0004,-1.0250000000000536,-1.1500000000000536,-0.41000000000002146
N1_ROLLING_SWEEP_FADE,NEUTRAL,SHORT,2023-05-30 11:40:00+00:00,2023-05-30 11:45:00+00:00,2023-05-30 11:45:00+00:00,2023-05-30 11:55:00+00:00,1.0736599999999998,1.0740599999999998,1.07306,1.0740699999999999,STOP,0.0004,-1.0250000000000536,-1.1500000000000536,-0.41000000000002146
N3_ANCHOR_REVERSION,NEUTRAL,SHORT,2023-05-30 12:10:00+00:00,2023-05-30 12:15:00+00:00,2023-05-30 12:15:00+00:00,2023-05-30 12:20:00+00:00,1.0742699999999998,1.0746699999999998,1.07367,1.07368,TARGET,0.0004,1.474999999999671,1.349999999999671,0.5899999999998684
N1_ROLLING_SWEEP_FADE,NEUTRAL,LONG,2023-05-30 13:00:00+00:00,2023-05-30 13:05:00+00:00,2023-05-30 13:05:00+00:00,2023-05-30 13:05:00+00:00,1.0723200000000002,1.0719200000000002,1.07292,1.07291,TARGET,0.0004,1.474999999999671,1.349999999999671,0.5899999999998684
N4_MICRO_BREAKOUT,NEUTRAL,SHORT,2023-05-31 07:00:00+00:00,2023-05-31 07:05:00+00:00,2023-05-31 07:05:00+00:00,2023-05-31 07:05:00+00:00,1.0677699999999999,1.0681699999999998,1.06717,1.06818,STOP,0.0004,-1.0250000000000536,-1.1500000000000536,-0.41000000000002146
N1_ROLLING_SWEEP_FADE,NEUTRAL,LONG,2023-05-31 07:10:00+00:00,2023-05-31 07:15:00+00:00,2023-05-31 07:15:00+00:00,2023-05-31 07:20:00+00:00,1.06782,1.06742,1.06842,1.06741,STOP,0.0004,-1.0250000000000536,-1.1500000000000536,-0.41000000000002146
N1_ROLLING_SWEEP_FADE,NEUTRAL,LONG,2023-05-31 07:20:00+00:00,2023-05-31 07:25:00+00:00,2023-05-31 07:25:00+00:00,2023-05-31 07:40:00+00:00,1.06787,1.0674700000000001,1.06847,1.06746,STOP,0.0004,-1.0250000000000536,-1.1500000000000536,-0.41000000000002146
N3_ANCHOR_REVERSION,NEUTRAL,LONG,2023-05-31 09:00:00+00:00,2023-05-31 09:05:00+00:00,2023-05-31 09:05:00+00:00,2023-05-31 09:10:00+00:00,1.06681,1.06641,1.06741,1.0664,STOP,0.0004,-1.0250000000000536,-1.1500000000000536,-0.41000000000002146
N3_ANCHOR_REVERSION,NEUTRAL,SHORT,2023-06-01 00:00:00+00:00,2023-06-01 00:05:00+00:00,2023-06-01 00:05:00+00:00,2023-06-01 00:25:00+00:00,1.0691599999999999,1.0695599999999998,1.06856,1.06957,STOP,0.0004,-1.0250000000000536,-1.1500000000000536,-0.41000000000002146
N3_ANCHOR_REVERSION,NEUTRAL,SHORT,2023-06-01 00:25:00+00:00,2023-06-01 00:30:00+00:00,2023-06-01 00:30:00+00:00,2023-06-01 00:55:00+00:00,1.06931,1.06971,1.06871,1.0687200000000001,TARGET,0.0004,1.474999999999671,1.349999999999671,0.5899999999998684
N1_ROLLING_SWEEP_FADE,NEUTRAL,LONG,2023-06-01 01:10:00+00:00,2023-06-01 01:15:00+00:00,2023-06-01 01:15:00+00:00,2023-06-01 01:35:00+00:00,1.0687,1.0683,1.0693,1.06829,STOP,0.0004,-1.0250000000000536,-1.1500000000000536,-0.41000000000002146
N4_MICRO_BREAKOUT,NEUTRAL,SHORT,2023-06-01 01:40:00+00:00,2023-06-01 01:45:00+00:00,2023-06-01 01:45:00+00:00,2023-06-01 01:45:00+00:00,1.06813,1.06853,1.06753,1.06854,STOP,0.0004,-1.0250000000000536,-1.1500000000000536,-0.41000000000002146
N3_ANCHOR_REVERSION,NEUTRAL,LONG,2023-06-05 01:20:00+00:00,2023-06-05 01:25:00+00:00,2023-06-05 01:25:00+00:00,2023-06-05 01:55:00+00:00,1.06948,1.06908,1.07008,1.0700699999999999,TARGET,0.0004,1.474999999999671,1.349999999999671,0.5899999999998684
N1_ROLLING_SWEEP_FADE,NEUTRAL,LONG,2023-06-05 04:15:00+00:00,2023-06-05 04:20:00+00:00,2023-06-05 04:20:00+00:00,2023-06-05 05:15:00+00:00,1.0698500000000002,1.0694500000000002,1.0704500000000001,1.0694400000000002,STOP,0.0004,-1.0250000000000536,-1.1500000000000536,-0.41000000000002146
N1_ROLLING_SWEEP_FADE,NEUTRAL,LONG,2023-06-05 05:20:00+00:00,2023-06-05 05:25:00+00:00,2023-06-05 05:25:00+00:00,2023-06-05 05:50:00+00:00,1.06962,1.06922,1.07022,1.0702099999999999,TARGET,0.0004,1.474999999999671,1.349999999999671,0.5899999999998684
N3_ANCHOR_REVERSION,NEUTRAL,SHORT,2023-06-06 01:00:00+00:00,2023-06-06 01:05:00+00:00,2023-06-06 01:05:00+00:00,2023-06-06 02:05:00+00:00,1.0715,1.0718999999999999,1.0709,1.07191,STOP,0.0004,-1.0250000000000536,-1.1500000000000536,-0.41000000000002146
N4_MICRO_BREAKOUT,NEUTRAL,LONG,2023-06-06 02:05:00+00:00,2023-06-06 02:10:00+00:00,2023-06-06 02:10:00+00:00,2023-06-06 02:40:00+00:00,1.0720500000000002,1.0716500000000002,1.07265,1.0716400000000001,STOP,0.0004,-1.0250000000000536,-1.1500000000000536,-0.41000000000002146
N1_ROLLING_SWEEP_FADE,NEUTRAL,SHORT,2023-06-06 04:30:00+00:00,2023-06-06 04:35:00+00:00,2023-06-06 04:35:00+00:00,2023-06-06 04:35:00+00:00,1.07195,1.07235,1.07135,1.07236,STOP,0.0004,-1.0250000000000536,-1.1500000000000536,-0.41000000000002146
N1_ROLLING_SWEEP_FADE,NEUTRAL,SHORT,2023-06-06 11:00:00+00:00,2023-06-06 11:05:00+00:00,2023-06-06 11:05:00+00:00,2023-06-06 11:10:00+00:00,1.06955,1.06995,1.06895,1.0689600000000001,TARGET,0.0004,1.474999999999671,1.349999999999671,0.5899999999998684
N1_ROLLING_SWEEP_FADE,NEUTRAL,SHORT,2023-06-07 10:55:00+00:00,2023-06-07 11:00:00+00:00,2023-06-07 11:00:00+00:00,2023-06-07 11:00:00+00:00,1.07148,1.07188,1.07088,1.07189,STOP,0.0004,-1.0250000000000536,-1.1500000000000536,-0.41000000000002146
N3_ANCHOR_REVERSION,NEUTRAL,SHORT,2023-06-07 11:15:00+00:00,2023-06-07 11:20:00+00:00,2023-06-07 11:20:00+00:00,2023-06-07 11:35:00+00:00,1.0716599999999998,1.0720599999999998,1.07106,1.0720699999999999,STOP,0.0004,-1.0250000000000536,-1.1500000000000536,-0.41000000000002146
N1_ROLLING_SWEEP_FADE,NEUTRAL,SHORT,2023-06-07 11:40:00+00:00,2023-06-07 11:45:00+00:00,2023-06-07 11:45:00+00:00,2023-06-07 12:25:00+00:00,1.0718699999999999,1.0722699999999998,1.07127,1.07128,TARGET,0.0004,1.474999999999671,1.349999999999671,0.5899999999998684
N1_ROLLING_SWEEP_FADE,NEUTRAL,SHORT,2023-06-07 13:00:00+00:00,2023-06-07 13:05:00+00:00,2023-06-07 13:05:00+00:00,2023-06-07 13:10:00+00:00,1.07144,1.07184,1.07084,1.07185,STOP,0.0004,-1.0250000000000536,-1.1500000000000536,-0.41000000000002146
N3_ANCHOR_REVERSION,NEUTRAL,SHORT,2023-06-08 14:55:00+00:00,2023-06-08 15:00:00+00:00,2023-06-08 15:00:00+00:00,2023-06-08 15:10:00+00:00,1.0769,1.0773,1.0763,1.07731,STOP,0.0004,-1.0250000000000536,-1.1500000000000536,-0.41000000000002146
N3_ANCHOR_REVERSION,NEUTRAL,SHORT,2023-06-08 18:30:00+00:00,2023-06-08 18:35:00+00:00,2023-06-08 18:35:00+00:00,2023-06-08 19:25:00+00:00,1.07812,1.07852,1.07752,1.07753,TARGET,0.0004,1.474999999999671,1.349999999999671,0.5899999999998684
N3_ANCHOR_REVERSION,NEUTRAL,SHORT,2023-06-08 21:45:00+00:00,2023-06-08 21:50:00+00:00,2023-06-08 21:50:00+00:00,2023-06-08 23:40:00+00:00,1.0781399999999999,1.0785399999999998,1.07754,1.07855,STOP,0.0004,-1.0250000000000536,-1.1500000000000536,-0.41000000000002146
N3_ANCHOR_REVERSION,NEUTRAL,SHORT,2023-06-08 23:50:00+00:00,2023-06-08 23:55:00+00:00,2023-06-08 23:55:00+00:00,2023-06-09 02:40:00+00:00,1.07832,1.07872,1.07772,1.07773,TARGET,0.0004,1.474999999999671,1.349999999999671,0.5899999999998684
N1_ROLLING_SWEEP_FADE,NEUTRAL,LONG,2023-06-09 04:10:00+00:00,2023-06-09 04:15:00+00:00,2023-06-09 04:15:00+00:00,2023-06-09 06:05:00+00:00,1.0778,1.0774000000000001,1.0784,1.07739,STOP,0.0004,-1.0250000000000536,-1.1500000000000536,-0.41000000000002146
N3_ANCHOR_REVERSION,NEUTRAL,LONG,2023-06-09 18:50:00+00:00,2023-06-09 18:55:00+00:00,2023-06-09 18:55:00+00:00,2023-06-09 19:35:00+00:00,1.0749600000000001,1.0745600000000002,1.07556,1.0745500000000001,STOP,0.0004,-1.0250000000000536,-1.1500000000000536,-0.41000000000002146
N1_ROLLING_SWEEP_FADE,NEUTRAL,LONG,2023-06-09 19:35:00+00:00,2023-06-09 19:40:00+00:00,2023-06-09 19:40:00+00:00,2023-06-09 19:50:00+00:00,1.07482,1.0744200000000002,1.07542,1.07441,STOP,0.0004,-1.0250000000000536,-1.1500000000000536,-0.41000000000002146
N3_ANCHOR_REVERSION,NEUTRAL,LONG,2023-06-09 19:55:00+00:00,2023-06-09 20:00:00+00:00,2023-06-09 20:00:00+00:00,2023-06-09 20:55:00+00:00,1.0744900000000002,1.0740900000000002,1.07509,1.07455,TIME_12H,0.0004,0.14999999999931735,0.024999999999317346,0.05999999999972694
N1_ROLLING_SWEEP_FADE,NEUTRAL,LONG,2023-06-11 22:10:00+00:00,2023-06-11 22:15:00+00:00,2023-06-11 22:15:00+00:00,2023-06-11 22:40:00+00:00,1.0747900000000001,1.0743900000000002,1.07539,1.0743800000000001,STOP,0.0004,-1.0250000000000536,-1.1500000000000536,-0.41000000000002146
N1_ROLLING_SWEEP_FADE,NEUTRAL,LONG,2023-06-11 22:45:00+00:00,2023-06-11 22:50:00+00:00,2023-06-11 22:50:00+00:00,2023-06-11 23:55:00+00:00,1.07451,1.0741100000000001,1.07511,1.0751,TARGET,0.0004,1.474999999999671,1.349999999999671,0.5899999999998684
N1_ROLLING_SWEEP_FADE,NEUTRAL,LONG,2023-06-12 00:10:00+00:00,2023-06-12 00:15:00+00:00,2023-06-12 00:15:00+00:00,2023-06-12 01:00:00+00:00,1.0747300000000002,1.0743300000000002,1.0753300000000001,1.0743200000000002,STOP,0.0004,-1.0250000000000536,-1.1500000000000536,-0.41000000000002146
N3_ANCHOR_REVERSION,NEUTRAL,LONG,2023-06-12 02:20:00+00:00,2023-06-12 02:25:00+00:00,2023-06-12 02:25:00+00:00,2023-06-12 02:35:00+00:00,1.07393,1.07353,1.07453,1.07352,STOP,0.0004,-1.0250000000000536,-1.1500000000000536,-0.41000000000002146
N3_ANCHOR_REVERSION,NEUTRAL,LONG,2023-06-12 02:50:00+00:00,2023-06-12 02:55:00+00:00,2023-06-12 02:55:00+00:00,2023-06-12 04:05:00+00:00,1.0737800000000002,1.0733800000000002,1.0743800000000001,1.07437,TARGET,0.0004,1.474999999999671,1.349999999999671,0.5899999999998684
N1_ROLLING_SWEEP_FADE,NEUTRAL,SHORT,2023-06-12 09:40:00+00:00,2023-06-12 09:45:00+00:00,2023-06-12 09:45:00+00:00,2023-06-12 09:45:00+00:00,1.07859,1.07899,1.07799,1.078,TARGET,0.0004,1.474999999999671,1.349999999999671,0.5899999999998684
N3_ANCHOR_REVERSION,NEUTRAL,SHORT,2023-06-12 23:55:00+00:00,2023-06-13 00:00:00+00:00,2023-06-13 00:00:00+00:00,2023-06-13 00:05:00+00:00,1.0762,1.0766,1.0756000000000001,1.07661,STOP,0.0004,-1.0250000000000536,-1.1500000000000536,-0.41000000000002146
N4_MICRO_BREAKOUT,NEUTRAL,LONG,2023-06-13 00:05:00+00:00,2023-06-13 00:10:00+00:00,2023-06-13 00:10:00+00:00,2023-06-13 00:45:00+00:00,1.0765900000000002,1.0761900000000002,1.07719,1.0761800000000001,STOP,0.0004,-1.0250000000000536,-1.1500000000000536,-0.41000000000002146
N1_ROLLING_SWEEP_FADE,NEUTRAL,LONG,2023-06-13 00:45:00+00:00,2023-06-13 00:50:00+00:00,2023-06-13 00:50:00+00:00,2023-06-13 00:50:00+00:00,1.0764,1.076,1.077,1.07599,STOP,0.0004,-1.0250000000000536,-1.1500000000000536,-0.41000000000002146
N4_MICRO_BREAKOUT,NEUTRAL,LONG,2023-06-13 01:30:00+00:00,2023-06-13 01:35:00+00:00,2023-06-13 01:35:00+00:00,2023-06-13 02:45:00+00:00,1.07678,1.0763800000000001,1.07738,1.07737,TARGET,0.0004,1.474999999999671,1.349999999999671,0.5899999999998684
N4_MICRO_BREAKOUT,NEUTRAL,LONG,2023-06-14 14:55:00+00:00,2023-06-14 15:00:00+00:00,2023-06-14 15:00:00+00:00,2023-06-14 15:00:00+00:00,1.08563,1.0852300000000001,1.08623,1.08522,STOP,0.0004,-1.0250000000000536,-1.1500000000000536,-0.41000000000002146
N3_ANCHOR_REVERSION,NEUTRAL,SHORT,2023-06-14 15:00:00+00:00,2023-06-14 15:05:00+00:00,2023-06-14 15:05:00+00:00,2023-06-14 15:15:00+00:00,1.08496,1.0853599999999999,1.08436,1.08537,STOP,0.0004,-1.0250000000000536,-1.1500000000000536,-0.41000000000002146
N3_ANCHOR_REVERSION,NEUTRAL,SHORT,2023-06-14 17:00:00+00:00,2023-06-14 17:05:00+00:00,2023-06-14 17:05:00+00:00,2023-06-14 17:30:00+00:00,1.0860699999999999,1.0864699999999998,1.08547,1.08548,TARGET,0.0004,1.474999999999671,1.349999999999671,0.5899999999998684
N1_ROLLING_SWEEP_FADE,NEUTRAL,LONG,2023-06-14 17:50:00+00:00,2023-06-14 17:55:00+00:00,2023-06-14 17:55:00+00:00,2023-06-14 18:00:00+00:00,1.08559,1.08519,1.08619,1.08518,STOP,0.0004,-1.0250000000000536,-1.1500000000000536,-0.41000000000002146
N1_ROLLING_SWEEP_FADE,NEUTRAL,SHORT,2023-06-15 00:00:00+00:00,2023-06-15 00:05:00+00:00,2023-06-15 00:05:00+00:00,2023-06-15 01:00:00+00:00,1.0841999999999998,1.0845999999999998,1.0836,1.08361,TARGET,0.0004,1.474999999999671,1.349999999999671,0.5899999999998684
N4_MICRO_BREAKOUT,NEUTRAL,SHORT,2023-06-15 05:05:00+00:00,2023-06-15 05:10:00+00:00,2023-06-15 05:10:00+00:00,2023-06-15 05:15:00+00:00,1.0806099999999998,1.0810099999999998,1.08001,1.0810199999999999,STOP,0.0004,-1.0250000000000536,-1.1500000000000536,-0.41000000000002146
N1_ROLLING_SWEEP_FADE,NEUTRAL,SHORT,2023-06-15 05:35:00+00:00,2023-06-15 05:40:00+00:00,2023-06-15 05:40:00+00:00,2023-06-15 05:45:00+00:00,1.08171,1.08211,1.08111,1.08212,STOP,0.0004,-1.0250000000000536,-1.1500000000000536,-0.41000000000002146
N1_ROLLING_SWEEP_FADE,NEUTRAL,SHORT,2023-06-15 05:50:00+00:00,2023-06-15 05:55:00+00:00,2023-06-15 05:55:00+00:00,2023-06-15 06:25:00+00:00,1.08202,1.08242,1.08142,1.0814300000000001,TARGET,0.0004,1.474999999999671,1.349999999999671,0.5899999999998684
N1_ROLLING_SWEEP_FADE,NEUTRAL,LONG,2023-06-22 20:55:00+00:00,2023-06-22 21:00:00+00:00,2023-06-22 21:00:00+00:00,2023-06-23 00:30:00+00:00,1.09568,1.09528,1.09628,1.09527,STOP,0.0004,-1.0250000000000536,-1.1500000000000536,-0.41000000000002146
N1_ROLLING_SWEEP_FADE,NEUTRAL,SHORT,2023-06-23 00:55:00+00:00,2023-06-23 01:00:00+00:00,2023-06-23 01:00:00+00:00,2023-06-23 01:40:00+00:00,1.0954899999999999,1.0958899999999998,1.09489,1.0949,TARGET,0.0004,1.474999999999671,1.349999999999671,0.5899999999998684
N3_ANCHOR_REVERSION,NEUTRAL,LONG,2023-06-23 01:45:00+00:00,2023-06-23 01:50:00+00:00,2023-06-23 01:50:00+00:00,2023-06-23 02:00:00+00:00,1.0948600000000002,1.0944600000000002,1.09546,1.0944500000000001,STOP,0.0004,-1.0250000000000536,-1.1500000000000536,-0.41000000000002146
N4_MICRO_BREAKOUT,NEUTRAL,SHORT,2023-06-23 02:00:00+00:00,2023-06-23 02:05:00+00:00,2023-06-23 02:05:00+00:00,2023-06-23 02:35:00+00:00,1.09422,1.09462,1.09362,1.09363,TARGET,0.0004,1.474999999999671,1.349999999999671,0.5899999999998684
N3_ANCHOR_REVERSION,NEUTRAL,LONG,2023-06-23 04:20:00+00:00,2023-06-23 04:25:00+00:00,2023-06-23 04:25:00+00:00,2023-06-23 04:40:00+00:00,1.09336,1.0929600000000002,1.09396,1.09295,STOP,0.0004,-1.0250000000000536,-1.1500000000000536,-0.41000000000002146
N4_MICRO_BREAKOUT,NEUTRAL,LONG,2023-06-27 12:10:00+00:00,2023-06-27 12:15:00+00:00,2023-06-27 12:15:00+00:00,2023-06-27 12:30:00+00:00,1.0953700000000002,1.0949700000000002,1.09597,1.0949600000000002,STOP,0.0004,-1.0250000000000536,-1.1500000000000536,-0.41000000000002146
N4_MICRO_BREAKOUT,NEUTRAL,LONG,2023-06-27 12:40:00+00:00,2023-06-27 12:45:00+00:00,2023-06-27 12:45:00+00:00,2023-06-27 12:45:00+00:00,1.0971600000000001,1.0967600000000002,1.09776,1.0967500000000001,STOP,0.0004,-1.0250000000000536,-1.1500000000000536,-0.41000000000002146
N3_ANCHOR_REVERSION,NEUTRAL,SHORT,2023-06-27 12:45:00+00:00,2023-06-27 12:50:00+00:00,2023-06-27 12:50:00+00:00,2023-06-27 12:55:00+00:00,1.09638,1.0967799999999999,1.09578,1.09679,STOP,0.0004,-1.0250000000000536,-1.1500000000000536,-0.41000000000002146
N1_ROLLING_SWEEP_FADE,NEUTRAL,SHORT,2023-06-27 21:40:00+00:00,2023-06-27 21:45:00+00:00,2023-06-27 21:45:00+00:00,2023-06-28 00:50:00+00:00,1.09604,1.0964399999999999,1.09544,1.09545,TARGET,0.0004,1.474999999999671,1.349999999999671,0.5899999999998684
N4_MICRO_BREAKOUT,NEUTRAL,SHORT,2023-06-28 00:50:00+00:00,2023-06-28 00:55:00+00:00,2023-06-28 00:55:00+00:00,2023-06-28 00:55:00+00:00,1.0952499999999998,1.0956499999999998,1.09465,1.0956599999999999,STOP,0.0004,-1.0250000000000536,-1.1500000000000536,-0.41000000000002146
N1_ROLLING_SWEEP_FADE,NEUTRAL,LONG,2023-06-28 19:55:00+00:00,2023-06-28 20:00:00+00:00,2023-06-28 20:00:00+00:00,2023-06-28 20:25:00+00:00,1.09168,1.09128,1.09228,1.09127,STOP,0.0004,-1.0250000000000536,-1.1500000000000536,-0.41000000000002146
N1_ROLLING_SWEEP_FADE,NEUTRAL,SHORT,2023-06-28 23:10:00+00:00,2023-06-28 23:15:00+00:00,2023-06-28 23:15:00+00:00,2023-06-29 00:15:00+00:00,1.0915899999999998,1.0919899999999998,1.09099,1.091,TARGET,0.0004,1.474999999999671,1.349999999999671,0.5899999999998684
N4_MICRO_BREAKOUT,NEUTRAL,SHORT,2023-06-29 00:25:00+00:00,2023-06-29 00:30:00+00:00,2023-06-29 00:30:00+00:00,2023-06-29 01:00:00+00:00,1.09048,1.0908799999999998,1.08988,1.09089,STOP,0.0004,-1.0250000000000536,-1.1500000000000536,-0.41000000000002146
N1_ROLLING_SWEEP_FADE,NEUTRAL,SHORT,2023-06-29 01:25:00+00:00,2023-06-29 01:30:00+00:00,2023-06-29 01:30:00+00:00,2023-06-29 02:00:00+00:00,1.09124,1.09164,1.09064,1.0906500000000001,TARGET,0.0004,1.474999999999671,1.349999999999671,0.5899999999998684
N4_MICRO_BREAKOUT,NEUTRAL,SHORT,2023-06-29 02:00:00+00:00,2023-06-29 02:05:00+00:00,2023-06-29 02:05:00+00:00,2023-06-29 02:15:00+00:00,1.09002,1.09042,1.08942,1.0894300000000001,TARGET,0.0004,1.474999999999671,1.349999999999671,0.5899999999998684
N1_ROLLING_SWEEP_FADE,NEUTRAL,LONG,2023-06-29 02:15:00+00:00,2023-06-29 02:20:00+00:00,2023-06-29 02:20:00+00:00,2023-06-29 03:35:00+00:00,1.08952,1.08912,1.09012,1.08911,STOP,0.0004,-1.0250000000000536,-1.1500000000000536,-0.41000000000002146
N1_ROLLING_SWEEP_FADE,NEUTRAL,LONG,2023-07-04 01:45:00+00:00,2023-07-04 01:50:00+00:00,2023-07-04 01:50:00+00:00,2023-07-04 02:10:00+00:00,1.0910900000000001,1.0906900000000002,1.09169,1.09068,STOP,0.0004,-1.0250000000000536,-1.1500000000000536,-0.41000000000002146
N1_ROLLING_SWEEP_FADE,NEUTRAL,SHORT,2023-07-06 12:10:00+00:00,2023-07-06 12:15:00+00:00,2023-07-06 12:15:00+00:00,2023-07-06 12:15:00+00:00,1.08964,1.09004,1.08904,1.08905,TARGET,0.0004,1.474999999999671,1.349999999999671,0.5899999999998684
N1_ROLLING_SWEEP_FADE,NEUTRAL,LONG,2023-07-06 12:35:00+00:00,2023-07-06 12:40:00+00:00,2023-07-06 12:40:00+00:00,2023-07-06 12:40:00+00:00,1.08685,1.0864500000000001,1.08745,1.08644,STOP,0.0004,-1.0250000000000536,-1.1500000000000536,-0.41000000000002146
N4_MICRO_BREAKOUT,NEUTRAL,SHORT,2023-07-06 14:05:00+00:00,2023-07-06 14:10:00+00:00,2023-07-06 14:10:00+00:00,2023-07-06 14:10:00+00:00,1.08486,1.08526,1.08426,1.08527,STOP,0.0004,-1.0250000000000536,-1.1500000000000536,-0.41000000000002146
N3_ANCHOR_REVERSION,NEUTRAL,LONG,2023-07-06 14:10:00+00:00,2023-07-06 14:15:00+00:00,2023-07-06 14:15:00+00:00,2023-07-06 14:15:00+00:00,1.0856700000000001,1.0852700000000002,1.08627,1.0852600000000001,STOP,0.0004,-1.0250000000000536,-1.1500000000000536,-0.41000000000002146
N1_ROLLING_SWEEP_FADE,NEUTRAL,LONG,2023-07-07 00:00:00+00:00,2023-07-07 00:05:00+00:00,2023-07-07 00:05:00+00:00,2023-07-07 00:10:00+00:00,1.0890900000000001,1.0886900000000002,1.08969,1.08868,STOP,0.0004,-1.0250000000000536,-1.1500000000000536,-0.41000000000002146
N4_MICRO_BREAKOUT,NEUTRAL,SHORT,2023-07-07 00:25:00+00:00,2023-07-07 00:30:00+00:00,2023-07-07 00:30:00+00:00,2023-07-07 01:05:00+00:00,1.08859,1.08899,1.08799,1.089,STOP,0.0004,-1.0250000000000536,-1.1500000000000536,-0.41000000000002146
N1_ROLLING_SWEEP_FADE,NEUTRAL,SHORT,2023-07-07 01:15:00+00:00,2023-07-07 01:20:00+00:00,2023-07-07 01:20:00+00:00,2023-07-07 03:10:00+00:00,1.0887799999999999,1.0891799999999998,1.08818,1.0891899999999999,STOP,0.0004,-1.0250000000000536,-1.1500000000000536,-0.41000000000002146
N3_ANCHOR_REVERSION,NEUTRAL,SHORT,2023-07-07 05:15:00+00:00,2023-07-07 05:20:00+00:00,2023-07-07 05:20:00+00:00,2023-07-07 06:05:00+00:00,1.0892899999999999,1.0896899999999998,1.08869,1.0897,STOP,0.0004,-1.0250000000000536,-1.1500000000000536,-0.41000000000002146
N1_ROLLING_SWEEP_FADE,NEUTRAL,SHORT,2023-07-09 23:55:00+00:00,2023-07-10 00:00:00+00:00,2023-07-10 00:00:00+00:00,2023-07-10 00:10:00+00:00,1.09669,1.09709,1.09609,1.0961,TARGET,0.0004,1.474999999999671,1.349999999999671,0.5899999999998684
N4_MICRO_BREAKOUT,NEUTRAL,SHORT,2023-07-10 00:10:00+00:00,2023-07-10 00:15:00+00:00,2023-07-10 00:15:00+00:00,2023-07-10 00:50:00+00:00,1.0959999999999999,1.0963999999999998,1.0954,1.0964099999999999,STOP,0.0004,-1.0250000000000536,-1.1500000000000536,-0.41000000000002146
N1_ROLLING_SWEEP_FADE,NEUTRAL,SHORT,2023-07-10 01:10:00+00:00,2023-07-10 01:15:00+00:00,2023-07-10 01:15:00+00:00,2023-07-10 01:25:00+00:00,1.0966,1.097,1.096,1.09701,STOP,0.0004,-1.0250000000000536,-1.1500000000000536,-0.41000000000002146
N3_ANCHOR_REVERSION,NEUTRAL,SHORT,2023-07-10 16:00:00+00:00,2023-07-10 16:05:00+00:00,2023-07-10 16:05:00+00:00,2023-07-10 16:30:00+00:00,1.09858,1.0989799999999998,1.09798,1.09899,STOP,0.0004,-1.0250000000000536,-1.1500000000000536,-0.41000000000002146
N1_ROLLING_SWEEP_FADE,NEUTRAL,LONG,2023-07-11 00:05:00+00:00,2023-07-11 00:10:00+00:00,2023-07-11 00:10:00+00:00,2023-07-11 01:25:00+00:00,1.10046,1.10006,1.10106,1.1010499999999999,TARGET,0.0004,1.474999999999671,1.349999999999671,0.5899999999998684
N1_ROLLING_SWEEP_FADE,NEUTRAL,SHORT,2023-07-11 01:30:00+00:00,2023-07-11 01:35:00+00:00,2023-07-11 01:35:00+00:00,2023-07-11 02:35:00+00:00,1.10094,1.10134,1.10034,1.10135,STOP,0.0004,-1.0250000000000536,-1.1500000000000536,-0.41000000000002146
N1_ROLLING_SWEEP_FADE,NEUTRAL,SHORT,2023-07-11 02:45:00+00:00,2023-07-11 02:50:00+00:00,2023-07-11 02:50:00+00:00,2023-07-11 02:55:00+00:00,1.1014199999999998,1.1018199999999998,1.10082,1.1018299999999999,STOP,0.0004,-1.0250000000000536,-1.1500000000000536,-0.41000000000002146
N1_ROLLING_SWEEP_FADE,NEUTRAL,SHORT,2023-07-11 04:40:00+00:00,2023-07-11 04:45:00+00:00,2023-07-11 04:45:00+00:00,2023-07-11 05:15:00+00:00,1.10184,1.1022399999999999,1.10124,1.10225,STOP,0.0004,-1.0250000000000536,-1.1500000000000536,-0.41000000000002146
N3_ANCHOR_REVERSION,NEUTRAL,SHORT,2023-07-12 05:00:00+00:00,2023-07-12 05:05:00+00:00,2023-07-12 05:05:00+00:00,2023-07-12 05:40:00+00:00,1.1033499999999998,1.1037499999999998,1.10275,1.10276,TARGET,0.0004,1.474999999999671,1.349999999999671,0.5899999999998684
N1_ROLLING_SWEEP_FADE,NEUTRAL,LONG,2023-07-12 05:40:00+00:00,2023-07-12 05:45:00+00:00,2023-07-12 05:45:00+00:00,2023-07-12 05:55:00+00:00,1.10305,1.1026500000000001,1.10365,1.10264,STOP,0.0004,-1.0250000000000536,-1.1500000000000536,-0.41000000000002146
N3_ANCHOR_REVERSION,NEUTRAL,SHORT,2023-07-19 20:00:00+00:00,2023-07-19 20:05:00+00:00,2023-07-19 20:05:00+00:00,2023-07-20 00:00:00+00:00,1.12031,1.1207099999999999,1.11971,1.12072,STOP,0.0004,-1.0250000000000536,-1.1500000000000536,-0.41000000000002146
N4_MICRO_BREAKOUT,NEUTRAL,LONG,2023-07-20 00:10:00+00:00,2023-07-20 00:15:00+00:00,2023-07-20 00:15:00+00:00,2023-07-20 00:45:00+00:00,1.12081,1.1204100000000001,1.12141,1.1214,TARGET,0.0004,1.474999999999671,1.349999999999671,0.5899999999998684
N1_ROLLING_SWEEP_FADE,NEUTRAL,SHORT,2023-07-20 00:45:00+00:00,2023-07-20 00:50:00+00:00,2023-07-20 00:50:00+00:00,2023-07-20 00:50:00+00:00,1.12124,1.12164,1.12064,1.12165,STOP,0.0004,-1.0250000000000536,-1.1500000000000536,-0.41000000000002146
N4_MICRO_BREAKOUT,NEUTRAL,LONG,2023-07-20 00:50:00+00:00,2023-07-20 00:55:00+00:00,2023-07-20 00:55:00+00:00,2023-07-20 01:10:00+00:00,1.12202,1.12162,1.12262,1.12161,STOP,0.0004,-1.0250000000000536,-1.1500000000000536,-0.41000000000002146
N3_ANCHOR_REVERSION,NEUTRAL,SHORT,2023-07-20 01:55:00+00:00,2023-07-20 02:00:00+00:00,2023-07-20 02:00:00+00:00,2023-07-20 02:00:00+00:00,1.12256,1.12296,1.12196,1.12297,STOP,0.0004,-1.0250000000000536,-1.1500000000000536,-0.41000000000002146
N1_ROLLING_SWEEP_FADE,NEUTRAL,LONG,2023-07-20 23:55:00+00:00,2023-07-21 00:00:00+00:00,2023-07-21 00:00:00+00:00,2023-07-21 00:00:00+00:00,1.1135300000000001,1.1131300000000002,1.11413,1.11312,STOP,0.0004,-1.0250000000000536,-1.1500000000000536,-0.41000000000002146
N4_MICRO_BREAKOUT,NEUTRAL,LONG,2023-07-21 00:55:00+00:00,2023-07-21 01:00:00+00:00,2023-07-21 01:00:00+00:00,2023-07-21 01:05:00+00:00,1.11382,1.11342,1.11442,1.11341,STOP,0.0004,-1.0250000000000536,-1.1500000000000536,-0.41000000000002146
N4_MICRO_BREAKOUT,NEUTRAL,LONG,2023-07-21 01:30:00+00:00,2023-07-21 01:35:00+00:00,2023-07-21 01:35:00+00:00,2023-07-21 02:35:00+00:00,1.11405,1.11365,1.11465,1.11364,STOP,0.0004,-1.0250000000000536,-1.1500000000000536,-0.41000000000002146
N3_ANCHOR_REVERSION,NEUTRAL,LONG,2023-07-24 13:25:00+00:00,2023-07-24 13:30:00+00:00,2023-07-24 13:30:00+00:00,2023-07-24 13:35:00+00:00,1.10809,1.10769,1.10869,1.1086799999999999,TARGET,0.0004,1.474999999999671,1.349999999999671,0.5899999999998684
N4_MICRO_BREAKOUT,NEUTRAL,SHORT,2023-07-27 05:25:00+00:00,2023-07-27 05:30:00+00:00,2023-07-27 05:30:00+00:00,2023-07-27 05:35:00+00:00,1.1092199999999999,1.1096199999999998,1.10862,1.10963,STOP,0.0004,-1.0250000000000536,-1.1500000000000536,-0.41000000000002146
N4_MICRO_BREAKOUT,NEUTRAL,SHORT,2023-07-27 05:55:00+00:00,2023-07-27 06:00:00+00:00,2023-07-27 06:00:00+00:00,2023-07-27 06:05:00+00:00,1.10887,1.10927,1.10827,1.10928,STOP,0.0004,-1.0250000000000536,-1.1500000000000536,-0.41000000000002146
N4_MICRO_BREAKOUT,NEUTRAL,LONG,2023-07-27 07:10:00+00:00,2023-07-27 07:15:00+00:00,2023-07-27 07:15:00+00:00,2023-07-27 07:20:00+00:00,1.1108500000000001,1.1104500000000002,1.11145,1.11144,TARGET,0.0004,1.474999999999671,1.349999999999671,0.5899999999998684
N4_MICRO_BREAKOUT,NEUTRAL,LONG,2023-07-27 07:20:00+00:00,2023-07-27 07:25:00+00:00,2023-07-27 07:25:00+00:00,2023-07-27 07:25:00+00:00,1.11176,1.1113600000000001,1.11236,1.11135,STOP,0.0004,-1.0250000000000536,-1.1500000000000536,-0.41000000000002146
N3_ANCHOR_REVERSION,NEUTRAL,LONG,2023-08-04 20:10:00+00:00,2023-08-04 20:15:00+00:00,2023-08-04 20:15:00+00:00,2023-08-04 20:55:00+00:00,1.10083,1.10043,1.10143,1.10042,STOP,0.0004,-1.0250000000000536,-1.1500000000000536,-0.41000000000002146
N1_ROLLING_SWEEP_FADE,NEUTRAL,SHORT,2023-08-04 20:55:00+00:00,2023-08-04 21:00:00+00:00,2023-08-06 21:00:00+00:00,2023-08-06 21:00:00+00:00,1.1014,1.1018,1.1008,1.1020800000000002,STOP,0.0004,-1.70000000000059,-1.82500000000059,-0.680000000000236
N4_MICRO_BREAKOUT,NEUTRAL,SHORT,2023-08-06 22:25:00+00:00,2023-08-06 22:30:00+00:00,2023-08-06 22:30:00+00:00,2023-08-07 00:00:00+00:00,1.10075,1.1011499999999999,1.10015,1.10016,TARGET,0.0004,1.474999999999671,1.349999999999671,0.5899999999998684
N1_ROLLING_SWEEP_FADE,NEUTRAL,SHORT,2023-08-07 00:25:00+00:00,2023-08-07 00:30:00+00:00,2023-08-07 00:30:00+00:00,2023-08-07 00:40:00+00:00,1.1007,1.1011,1.1001,1.10111,STOP,0.0004,-1.0250000000000536,-1.1500000000000536,-0.41000000000002146
N4_MICRO_BREAKOUT,NEUTRAL,SHORT,2023-08-07 01:20:00+00:00,2023-08-07 01:25:00+00:00,2023-08-07 01:25:00+00:00,2023-08-07 04:00:00+00:00,1.1000699999999999,1.1004699999999998,1.09947,1.09948,TARGET,0.0004,1.474999999999671,1.349999999999671,0.5899999999998684
N3_ANCHOR_REVERSION,NEUTRAL,LONG,2023-08-07 06:55:00+00:00,2023-08-07 07:00:00+00:00,2023-08-07 07:00:00+00:00,2023-08-07 07:00:00+00:00,1.0981,1.0977000000000001,1.0987,1.09769,STOP,0.0004,-1.0250000000000536,-1.1500000000000536,-0.41000000000002146
N2_ASIA_RANGE_FADE,NEUTRAL,LONG,2023-08-07 07:10:00+00:00,2023-08-07 07:15:00+00:00,2023-08-07 07:15:00+00:00,2023-08-07 07:25:00+00:00,1.09834,1.0979400000000001,1.09894,1.09893,TARGET,0.0004,1.474999999999671,1.349999999999671,0.5899999999998684
N3_ANCHOR_REVERSION,NEUTRAL,LONG,2023-08-08 13:00:00+00:00,2023-08-08 13:05:00+00:00,2023-08-08 13:05:00+00:00,2023-08-08 13:10:00+00:00,1.09467,1.09427,1.09527,1.09526,TARGET,0.0004,1.474999999999671,1.349999999999671,0.5899999999998684
N1_ROLLING_SWEEP_FADE,NEUTRAL,SHORT,2023-08-08 13:10:00+00:00,2023-08-08 13:15:00+00:00,2023-08-08 13:15:00+00:00,2023-08-08 13:20:00+00:00,1.09511,1.09551,1.09451,1.09552,STOP,0.0004,-1.0250000000000536,-1.1500000000000536,-0.41000000000002146
N3_ANCHOR_REVERSION,NEUTRAL,SHORT,2023-08-08 18:15:00+00:00,2023-08-08 18:20:00+00:00,2023-08-08 18:20:00+00:00,2023-08-08 19:00:00+00:00,1.09565,1.09605,1.09505,1.09606,STOP,0.0004,-1.0250000000000536,-1.1500000000000536,-0.41000000000002146
N3_ANCHOR_REVERSION,NEUTRAL,SHORT,2023-08-08 19:05:00+00:00,2023-08-08 19:10:00+00:00,2023-08-08 19:10:00+00:00,2023-08-08 19:20:00+00:00,1.0957999999999999,1.0961999999999998,1.0952,1.09621,STOP,0.0004,-1.0250000000000536,-1.1500000000000536,-0.41000000000002146
N4_MICRO_BREAKOUT,NEUTRAL,LONG,2023-08-09 00:00:00+00:00,2023-08-09 00:05:00+00:00,2023-08-09 00:05:00+00:00,2023-08-09 01:00:00+00:00,1.0961400000000001,1.0957400000000002,1.09674,1.09573,STOP,0.0004,-1.0250000000000536,-1.1500000000000536,-0.41000000000002146
N1_ROLLING_SWEEP_FADE,NEUTRAL,SHORT,2023-08-10 08:25:00+00:00,2023-08-10 08:30:00+00:00,2023-08-10 08:30:00+00:00,2023-08-10 10:35:00+00:00,1.10225,1.10265,1.10165,1.10266,STOP,0.0004,-1.0250000000000536,-1.1500000000000536,-0.41000000000002146
N1_ROLLING_SWEEP_FADE,NEUTRAL,SHORT,2023-08-10 11:00:00+00:00,2023-08-10 11:05:00+00:00,2023-08-10 11:05:00+00:00,2023-08-10 11:45:00+00:00,1.1027,1.1031,1.1021,1.1021100000000001,TARGET,0.0004,1.474999999999671,1.349999999999671,0.5899999999998684
N4_MICRO_BREAKOUT,NEUTRAL,LONG,2023-08-10 12:25:00+00:00,2023-08-10 12:30:00+00:00,2023-08-10 12:30:00+00:00,2023-08-10 12:30:00+00:00,1.10304,1.10264,1.10364,1.1036299999999999,TARGET,0.0004,1.474999999999671,1.349999999999671,0.5899999999998684
N3_ANCHOR_REVERSION,NEUTRAL,SHORT,2023-08-10 12:35:00+00:00,2023-08-10 12:40:00+00:00,2023-08-10 12:40:00+00:00,2023-08-10 12:40:00+00:00,1.10331,1.10371,1.10271,1.1027200000000001,TARGET,0.0004,1.474999999999671,1.349999999999671,0.5899999999998684
N4_MICRO_BREAKOUT,NEUTRAL,SHORT,2023-08-11 00:05:00+00:00,2023-08-11 00:10:00+00:00,2023-08-11 00:10:00+00:00,2023-08-11 00:15:00+00:00,1.0979599999999998,1.0983599999999998,1.09736,1.0983699999999998,STOP,0.0004,-1.0250000000000536,-1.1500000000000536,-0.41000000000002146
N4_MICRO_BREAKOUT,NEUTRAL,LONG,2023-08-11 00:35:00+00:00,2023-08-11 00:40:00+00:00,2023-08-11 00:40:00+00:00,2023-08-11 01:45:00+00:00,1.09877,1.09837,1.09937,1.09936,TARGET,0.0004,1.474999999999671,1.349999999999671,0.5899999999998684
N1_ROLLING_SWEEP_FADE,NEUTRAL,SHORT,2023-08-22 11:55:00+00:00,2023-08-22 12:00:00+00:00,2023-08-22 12:00:00+00:00,2023-08-22 12:00:00+00:00,1.08848,1.0888799999999998,1.08788,1.08889,STOP,0.0004,-1.0250000000000536,-1.1500000000000536,-0.41000000000002146
N3_ANCHOR_REVERSION,NEUTRAL,LONG,2023-08-22 12:20:00+00:00,2023-08-22 12:25:00+00:00,2023-08-22 12:25:00+00:00,2023-08-22 12:25:00+00:00,1.0887900000000001,1.0883900000000002,1.08939,1.0883800000000001,STOP,0.0004,-1.0250000000000536,-1.1500000000000536,-0.41000000000002146
N4_MICRO_BREAKOUT,NEUTRAL,SHORT,2023-08-22 12:40:00+00:00,2023-08-22 12:45:00+00:00,2023-08-22 12:45:00+00:00,2023-08-22 12:50:00+00:00,1.0875599999999999,1.0879599999999998,1.08696,1.08697,TARGET,0.0004,1.474999999999671,1.349999999999671,0.5899999999998684
N4_MICRO_BREAKOUT,NEUTRAL,SHORT,2023-08-22 12:50:00+00:00,2023-08-22 12:55:00+00:00,2023-08-22 12:55:00+00:00,2023-08-22 12:55:00+00:00,1.0865799999999999,1.0869799999999998,1.08598,1.08699,STOP,0.0004,-1.0250000000000536,-1.1500000000000536,-0.41000000000002146
N1_ROLLING_SWEEP_FADE,NEUTRAL,LONG,2023-08-23 18:35:00+00:00,2023-08-23 18:40:00+00:00,2023-08-23 18:40:00+00:00,2023-08-23 19:25:00+00:00,1.08589,1.08549,1.08649,1.08648,TARGET,0.0004,1.474999999999671,1.349999999999671,0.5899999999998684
N3_ANCHOR_REVERSION,NEUTRAL,SHORT,2023-08-23 19:50:00+00:00,2023-08-23 19:55:00+00:00,2023-08-23 19:55:00+00:00,2023-08-23 22:15:00+00:00,1.08639,1.08679,1.08579,1.0868,STOP,0.0004,-1.0250000000000536,-1.1500000000000536,-0.41000000000002146
N1_ROLLING_SWEEP_FADE,NEUTRAL,SHORT,2023-08-24 00:00:00+00:00,2023-08-24 00:05:00+00:00,2023-08-24 00:05:00+00:00,2023-08-24 00:10:00+00:00,1.0864699999999998,1.0868699999999998,1.08587,1.0868799999999998,STOP,0.0004,-1.0250000000000536,-1.1500000000000536,-0.41000000000002146
N4_MICRO_BREAKOUT,NEUTRAL,LONG,2023-08-24 00:10:00+00:00,2023-08-24 00:15:00+00:00,2023-08-24 00:15:00+00:00,2023-08-24 01:10:00+00:00,1.08692,1.0865200000000002,1.08752,1.08651,STOP,0.0004,-1.0250000000000536,-1.1500000000000536,-0.41000000000002146
N1_ROLLING_SWEEP_FADE,NEUTRAL,LONG,2023-08-24 01:45:00+00:00,2023-08-24 01:50:00+00:00,2023-08-24 01:50:00+00:00,2023-08-24 02:55:00+00:00,1.08612,1.08572,1.08672,1.0867099999999998,TARGET,0.0004,1.474999999999671,1.349999999999671,0.5899999999998684
N1_ROLLING_SWEEP_FADE,NEUTRAL,SHORT,2023-08-24 02:55:00+00:00,2023-08-24 03:00:00+00:00,2023-08-24 03:00:00+00:00,2023-08-24 03:15:00+00:00,1.08649,1.08689,1.08589,1.0869,STOP,0.0004,-1.0250000000000536,-1.1500000000000536,-0.41000000000002146
N3_ANCHOR_REVERSION,NEUTRAL,LONG,2023-08-25 00:00:00+00:00,2023-08-25 00:05:00+00:00,2023-08-25 00:05:00+00:00,2023-08-25 00:25:00+00:00,1.0801800000000001,1.0797800000000002,1.08078,1.0797700000000001,STOP,0.0004,-1.0250000000000536,-1.1500000000000536,-0.41000000000002146
N3_ANCHOR_REVERSION,NEUTRAL,LONG,2023-08-25 00:50:00+00:00,2023-08-25 00:55:00+00:00,2023-08-25 00:55:00+00:00,2023-08-25 00:55:00+00:00,1.07976,1.07936,1.08036,1.07935,STOP,0.0004,-1.0250000000000536,-1.1500000000000536,-0.41000000000002146
N1_ROLLING_SWEEP_FADE,NEUTRAL,LONG,2023-08-25 01:05:00+00:00,2023-08-25 01:10:00+00:00,2023-08-25 01:10:00+00:00,2023-08-25 01:30:00+00:00,1.07951,1.07911,1.08011,1.0791,STOP,0.0004,-1.0250000000000536,-1.1500000000000536,-0.41000000000002146
N4_MICRO_BREAKOUT,NEUTRAL,SHORT,2023-08-25 01:30:00+00:00,2023-08-25 01:35:00+00:00,2023-08-25 01:35:00+00:00,2023-08-25 02:15:00+00:00,1.07897,1.07937,1.07837,1.0783800000000001,TARGET,0.0004,1.474999999999671,1.349999999999671,0.5899999999998684
N4_MICRO_BREAKOUT,NEUTRAL,SHORT,2023-08-25 20:55:00+00:00,2023-08-25 21:00:00+00:00,2023-08-27 21:00:00+00:00,2023-08-27 21:15:00+00:00,1.0795599999999999,1.0799599999999998,1.07896,1.0799699999999999,STOP,0.0004,-1.0250000000000536,-1.1500000000000536,-0.41000000000002146
N4_MICRO_BREAKOUT,NEUTRAL,SHORT,2023-08-27 22:55:00+00:00,2023-08-27 23:00:00+00:00,2023-08-27 23:00:00+00:00,2023-08-27 23:10:00+00:00,1.0794599999999999,1.0798599999999998,1.07886,1.0798699999999999,STOP,0.0004,-1.0250000000000536,-1.1500000000000536,-0.41000000000002146
N1_ROLLING_SWEEP_FADE,NEUTRAL,SHORT,2023-08-27 23:20:00+00:00,2023-08-27 23:25:00+00:00,2023-08-27 23:25:00+00:00,2023-08-28 00:00:00+00:00,1.0798699999999999,1.0802699999999998,1.07927,1.08028,STOP,0.0004,-1.0250000000000536,-1.1500000000000536,-0.41000000000002146
N1_ROLLING_SWEEP_FADE,NEUTRAL,SHORT,2023-08-28 00:05:00+00:00,2023-08-28 00:10:00+00:00,2023-08-28 00:10:00+00:00,2023-08-28 00:30:00+00:00,1.08006,1.08046,1.07946,1.08047,STOP,0.0004,-1.0250000000000536,-1.1500000000000536,-0.41000000000002146
N1_ROLLING_SWEEP_FADE,NEUTRAL,SHORT,2023-08-28 00:30:00+00:00,2023-08-28 00:35:00+00:00,2023-08-28 00:35:00+00:00,2023-08-28 01:00:00+00:00,1.0801999999999998,1.0805999999999998,1.0796,1.0806099999999998,STOP,0.0004,-1.0250000000000536,-1.1500000000000536,-0.41000000000002146
N3_ANCHOR_REVERSION,NEUTRAL,SHORT,2023-08-28 01:10:00+00:00,2023-08-28 01:15:00+00:00,2023-08-28 01:15:00+00:00,2023-08-28 01:15:00+00:00,1.08046,1.08086,1.07986,1.08087,STOP,0.0004,-1.0250000000000536,-1.1500000000000536,-0.41000000000002146
N4_MICRO_BREAKOUT,NEUTRAL,LONG,2023-08-28 01:15:00+00:00,2023-08-28 01:20:00+00:00,2023-08-28 01:20:00+00:00,2023-08-28 01:30:00+00:00,1.08097,1.08057,1.08157,1.08056,STOP,0.0004,-1.0250000000000536,-1.1500000000000536,-0.41000000000002146
N3_ANCHOR_REVERSION,NEUTRAL,SHORT,2023-08-29 02:05:00+00:00,2023-08-29 02:10:00+00:00,2023-08-29 02:10:00+00:00,2023-08-29 03:25:00+00:00,1.08341,1.08381,1.08281,1.08382,STOP,0.0004,-1.0250000000000536,-1.1500000000000536,-0.41000000000002146
N4_MICRO_BREAKOUT,NEUTRAL,SHORT,2023-08-29 05:25:00+00:00,2023-08-29 05:30:00+00:00,2023-08-29 05:30:00+00:00,2023-08-29 06:45:00+00:00,1.08216,1.08256,1.08156,1.0815700000000001,TARGET,0.0004,1.474999999999671,1.349999999999671,0.5899999999998684
N4_MICRO_BREAKOUT,NEUTRAL,SHORT,2023-08-29 06:45:00+00:00,2023-08-29 06:50:00+00:00,2023-08-29 06:50:00+00:00,2023-08-29 07:15:00+00:00,1.08121,1.08161,1.08061,1.08162,STOP,0.0004,-1.0250000000000536,-1.1500000000000536,-0.41000000000002146
N4_MICRO_BREAKOUT,NEUTRAL,SHORT,2023-08-29 12:15:00+00:00,2023-08-29 12:20:00+00:00,2023-08-29 12:20:00+00:00,2023-08-29 12:20:00+00:00,1.0791499999999998,1.0795499999999998,1.07855,1.0795599999999999,STOP,0.0004,-1.0250000000000536,-1.1500000000000536,-0.41000000000002146
N4_MICRO_BREAKOUT,NEUTRAL,SHORT,2023-08-30 00:00:00+00:00,2023-08-30 00:05:00+00:00,2023-08-30 00:05:00+00:00,2023-08-30 00:20:00+00:00,1.0868099999999998,1.0872099999999998,1.08621,1.0872199999999999,STOP,0.0004,-1.0250000000000536,-1.1500000000000536,-0.41000000000002146
N3_ANCHOR_REVERSION,NEUTRAL,LONG,2023-08-30 00:25:00+00:00,2023-08-30 00:30:00+00:00,2023-08-30 00:30:00+00:00,2023-08-30 02:20:00+00:00,1.08704,1.08664,1.08764,1.08663,STOP,0.0004,-1.0250000000000536,-1.1500000000000536,-0.41000000000002146
N4_MICRO_BREAKOUT,NEUTRAL,SHORT,2023-08-30 02:35:00+00:00,2023-08-30 02:40:00+00:00,2023-08-30 02:40:00+00:00,2023-08-30 02:45:00+00:00,1.0863699999999998,1.0867699999999998,1.08577,1.0867799999999999,STOP,0.0004,-1.0250000000000536,-1.1500000000000536,-0.41000000000002146
N4_MICRO_BREAKOUT,NEUTRAL,SHORT,2023-08-30 04:55:00+00:00,2023-08-30 05:00:00+00:00,2023-08-30 05:00:00+00:00,2023-08-30 05:30:00+00:00,1.08604,1.0864399999999999,1.08544,1.08645,STOP,0.0004,-1.0250000000000536,-1.1500000000000536,-0.41000000000002146
N1_ROLLING_SWEEP_FADE,NEUTRAL,LONG,2023-09-01 18:40:00+00:00,2023-09-01 18:45:00+00:00,2023-09-01 18:45:00+00:00,2023-09-01 19:20:00+00:00,1.0778100000000002,1.0774100000000002,1.07841,1.0774000000000001,STOP,0.0004,-1.0250000000000536,-1.1500000000000536,-0.41000000000002146
N3_ANCHOR_REVERSION,NEUTRAL,LONG,2023-09-01 19:55:00+00:00,2023-09-01 20:00:00+00:00,2023-09-01 20:00:00+00:00,2023-09-01 20:55:00+00:00,1.0775700000000001,1.0771700000000002,1.07817,1.0771600000000001,STOP,0.0004,-1.0250000000000536,-1.1500000000000536,-0.41000000000002146
N4_MICRO_BREAKOUT,NEUTRAL,SHORT,2023-09-03 22:20:00+00:00,2023-09-03 22:25:00+00:00,2023-09-03 22:25:00+00:00,2023-09-03 23:05:00+00:00,1.07723,1.0776299999999999,1.07663,1.07764,STOP,0.0004,-1.0250000000000536,-1.1500000000000536,-0.41000000000002146
N4_MICRO_BREAKOUT,NEUTRAL,SHORT,2023-09-03 23:25:00+00:00,2023-09-03 23:30:00+00:00,2023-09-03 23:30:00+00:00,2023-09-03 23:45:00+00:00,1.07716,1.0775599999999999,1.07656,1.07757,STOP,0.0004,-1.0250000000000536,-1.1500000000000536,-0.41000000000002146
N4_MICRO_BREAKOUT,NEUTRAL,LONG,2023-09-04 00:45:00+00:00,2023-09-04 00:50:00+00:00,2023-09-04 00:50:00+00:00,2023-09-04 01:35:00+00:00,1.07802,1.07762,1.07862,1.07761,STOP,0.0004,-1.0250000000000536,-1.1500000000000536,-0.41000000000002146
N1_ROLLING_SWEEP_FADE,NEUTRAL,LONG,2023-09-04 01:40:00+00:00,2023-09-04 01:45:00+00:00,2023-09-04 01:45:00+00:00,2023-09-04 02:25:00+00:00,1.0778800000000002,1.0774800000000002,1.07848,1.07847,TARGET,0.0004,1.474999999999671,1.349999999999671,0.5899999999998684
N1_ROLLING_SWEEP_FADE,NEUTRAL,LONG,2023-09-14 17:50:00+00:00,2023-09-14 17:55:00+00:00,2023-09-14 17:55:00+00:00,2023-09-14 19:40:00+00:00,1.06359,1.06319,1.06419,1.06418,TARGET,0.0004,1.474999999999671,1.349999999999671,0.5899999999998684
N4_MICRO_BREAKOUT,NEUTRAL,SHORT,2023-09-14 22:05:00+00:00,2023-09-14 22:10:00+00:00,2023-09-14 22:10:00+00:00,2023-09-14 22:20:00+00:00,1.06396,1.06436,1.06336,1.06437,STOP,0.0004,-1.0250000000000536,-1.1500000000000536,-0.41000000000002146
N4_MICRO_BREAKOUT,NEUTRAL,SHORT,2023-09-14 23:05:00+00:00,2023-09-14 23:10:00+00:00,2023-09-14 23:10:00+00:00,2023-09-15 00:05:00+00:00,1.06385,1.06425,1.06325,1.06426,STOP,0.0004,-1.0250000000000536,-1.1500000000000536,-0.41000000000002146
N1_ROLLING_SWEEP_FADE,NEUTRAL,SHORT,2023-09-15 00:10:00+00:00,2023-09-15 00:15:00+00:00,2023-09-15 00:15:00+00:00,2023-09-15 01:25:00+00:00,1.0641399999999999,1.0645399999999998,1.06354,1.06355,TARGET,0.0004,1.474999999999671,1.349999999999671,0.5899999999998684
N4_MICRO_BREAKOUT,NEUTRAL,SHORT,2023-09-19 13:10:00+00:00,2023-09-19 13:15:00+00:00,2023-09-19 13:15:00+00:00,2023-09-19 13:20:00+00:00,1.0685099999999998,1.0689099999999998,1.06791,1.0689199999999999,STOP,0.0004,-1.0250000000000536,-1.1500000000000536,-0.41000000000002146
N3_ANCHOR_REVERSION,NEUTRAL,LONG,2023-09-19 18:35:00+00:00,2023-09-19 18:40:00+00:00,2023-09-19 18:40:00+00:00,2023-09-19 18:50:00+00:00,1.0682200000000002,1.0678200000000002,1.06882,1.0678100000000001,STOP,0.0004,-1.0250000000000536,-1.1500000000000536,-0.41000000000002146
N1_ROLLING_SWEEP_FADE,NEUTRAL,LONG,2023-09-19 18:50:00+00:00,2023-09-19 18:55:00+00:00,2023-09-19 18:55:00+00:00,2023-09-19 19:00:00+00:00,1.06807,1.0676700000000001,1.06867,1.06766,STOP,0.0004,-1.0250000000000536,-1.1500000000000536,-0.41000000000002146
N1_ROLLING_SWEEP_FADE,NEUTRAL,SHORT,2023-09-19 23:10:00+00:00,2023-09-19 23:15:00+00:00,2023-09-19 23:15:00+00:00,2023-09-20 01:40:00+00:00,1.06828,1.0686799999999999,1.06768,1.06869,STOP,0.0004,-1.0250000000000536,-1.1500000000000536,-0.41000000000002146
N1_ROLLING_SWEEP_FADE,NEUTRAL,SHORT,2023-09-20 01:40:00+00:00,2023-09-20 01:45:00+00:00,2023-09-20 01:45:00+00:00,2023-09-20 02:10:00+00:00,1.0685,1.0689,1.0679,1.06891,STOP,0.0004,-1.0250000000000536,-1.1500000000000536,-0.41000000000002146
N3_ANCHOR_REVERSION,NEUTRAL,SHORT,2023-09-20 14:10:00+00:00,2023-09-20 14:15:00+00:00,2023-09-20 14:15:00+00:00,2023-09-20 14:15:00+00:00,1.07203,1.07243,1.07143,1.0714400000000002,TARGET,0.0004,1.474999999999671,1.349999999999671,0.5899999999998684
N3_ANCHOR_REVERSION,NEUTRAL,SHORT,2023-09-20 16:50:00+00:00,2023-09-20 16:55:00+00:00,2023-09-20 16:55:00+00:00,2023-09-20 17:35:00+00:00,1.07328,1.07368,1.07268,1.0726900000000001,TARGET,0.0004,1.474999999999671,1.349999999999671,0.5899999999998684
N4_MICRO_BREAKOUT,NEUTRAL,SHORT,2023-09-20 18:00:00+00:00,2023-09-20 18:05:00+00:00,2023-09-20 18:05:00+00:00,2023-09-20 18:05:00+00:00,1.06832,1.06872,1.06772,1.06873,STOP,0.0004,-1.0250000000000536,-1.1500000000000536,-0.41000000000002146
N3_ANCHOR_REVERSION,NEUTRAL,LONG,2023-09-21 02:45:00+00:00,2023-09-21 02:50:00+00:00,2023-09-21 02:50:00+00:00,2023-09-21 03:05:00+00:00,1.06236,1.06196,1.06296,1.0629499999999998,TARGET,0.0004,1.474999999999671,1.349999999999671,0.5899999999998684
N3_ANCHOR_REVERSION,NEUTRAL,SHORT,2023-10-05 20:55:00+00:00,2023-10-05 21:00:00+00:00,2023-10-05 21:00:00+00:00,2023-10-05 21:00:00+00:00,1.05474,1.05514,1.05414,1.05515,STOP,0.0004,-1.0250000000000536,-1.1500000000000536,-0.41000000000002146
N4_MICRO_BREAKOUT,NEUTRAL,SHORT,2023-10-06 00:00:00+00:00,2023-10-06 00:05:00+00:00,2023-10-06 00:05:00+00:00,2023-10-06 05:35:00+00:00,1.05447,1.05487,1.05387,1.0538800000000001,TARGET,0.0004,1.474999999999671,1.349999999999671,0.5899999999998684
N3_ANCHOR_REVERSION,NEUTRAL,SHORT,2023-10-06 18:50:00+00:00,2023-10-06 18:55:00+00:00,2023-10-06 18:55:00+00:00,2023-10-06 19:30:00+00:00,1.05918,1.05958,1.05858,1.05959,STOP,0.0004,-1.0250000000000536,-1.1500000000000536,-0.41000000000002146
N3_ANCHOR_REVERSION,NEUTRAL,SHORT,2023-10-06 19:30:00+00:00,2023-10-06 19:35:00+00:00,2023-10-06 19:35:00+00:00,2023-10-06 20:05:00+00:00,1.05928,1.05968,1.05868,1.0586900000000001,TARGET,0.0004,1.474999999999671,1.349999999999671,0.5899999999998684
N3_ANCHOR_REVERSION,NEUTRAL,LONG,2023-10-08 22:35:00+00:00,2023-10-08 22:40:00+00:00,2023-10-08 22:40:00+00:00,2023-10-08 22:45:00+00:00,1.0558100000000001,1.0554100000000002,1.05641,1.0554000000000001,STOP,0.0004,-1.0250000000000536,-1.1500000000000536,-0.41000000000002146
N1_ROLLING_SWEEP_FADE,NEUTRAL,SHORT,2023-10-09 00:45:00+00:00,2023-10-09 00:50:00+00:00,2023-10-09 00:50:00+00:00,2023-10-09 00:50:00+00:00,1.05686,1.0572599999999999,1.05626,1.05727,STOP,0.0004,-1.0250000000000536,-1.1500000000000536,-0.41000000000002146
N4_MICRO_BREAKOUT,NEUTRAL,SHORT,2023-10-09 01:30:00+00:00,2023-10-09 01:35:00+00:00,2023-10-09 01:35:00+00:00,2023-10-09 01:55:00+00:00,1.0559699999999999,1.0563699999999998,1.05537,1.0563799999999999,STOP,0.0004,-1.0250000000000536,-1.1500000000000536,-0.41000000000002146
N1_ROLLING_SWEEP_FADE,NEUTRAL,LONG,2023-10-09 04:05:00+00:00,2023-10-09 04:10:00+00:00,2023-10-09 04:10:00+00:00,2023-10-09 04:55:00+00:00,1.0552400000000002,1.0548400000000002,1.0558400000000001,1.0548300000000002,STOP,0.0004,-1.0250000000000536,-1.1500000000000536,-0.41000000000002146
N3_ANCHOR_REVERSION,NEUTRAL,LONG,2023-10-09 05:00:00+00:00,2023-10-09 05:05:00+00:00,2023-10-09 05:05:00+00:00,2023-10-09 06:25:00+00:00,1.0554000000000001,1.0550000000000002,1.056,1.05499,STOP,0.0004,-1.0250000000000536,-1.1500000000000536,-0.41000000000002146
N3_ANCHOR_REVERSION,NEUTRAL,SHORT,2023-10-09 23:55:00+00:00,2023-10-10 00:00:00+00:00,2023-10-10 00:00:00+00:00,2023-10-10 00:00:00+00:00,1.0578699999999999,1.0582699999999998,1.05727,1.0582799999999999,STOP,0.0004,-1.0250000000000536,-1.1500000000000536,-0.41000000000002146
N1_ROLLING_SWEEP_FADE,NEUTRAL,SHORT,2023-10-10 00:00:00+00:00,2023-10-10 00:05:00+00:00,2023-10-10 00:05:00+00:00,2023-10-10 00:15:00+00:00,1.05792,1.05832,1.05732,1.05733,TARGET,0.0004,1.474999999999671,1.349999999999671,0.5899999999998684
N3_ANCHOR_REVERSION,NEUTRAL,LONG,2023-10-10 03:20:00+00:00,2023-10-10 03:25:00+00:00,2023-10-10 03:25:00+00:00,2023-10-10 04:15:00+00:00,1.0569300000000001,1.0565300000000002,1.05753,1.0565200000000001,STOP,0.0004,-1.0250000000000536,-1.1500000000000536,-0.41000000000002146
N4_MICRO_BREAKOUT,NEUTRAL,SHORT,2023-10-10 04:35:00+00:00,2023-10-10 04:40:00+00:00,2023-10-10 04:40:00+00:00,2023-10-10 05:40:00+00:00,1.0563099999999999,1.0567099999999998,1.05571,1.0567199999999999,STOP,0.0004,-1.0250000000000536,-1.1500000000000536,-0.41000000000002146
N3_ANCHOR_REVERSION,NEUTRAL,LONG,2023-10-12 19:55:00+00:00,2023-10-12 20:00:00+00:00,2023-10-12 20:00:00+00:00,2023-10-12 20:40:00+00:00,1.05316,1.0527600000000001,1.05376,1.05275,STOP,0.0004,-1.0250000000000536,-1.1500000000000536,-0.41000000000002146
N3_ANCHOR_REVERSION,NEUTRAL,LONG,2023-10-12 21:55:00+00:00,2023-10-12 22:00:00+00:00,2023-10-12 22:00:00+00:00,2023-10-13 00:05:00+00:00,1.05315,1.05275,1.05375,1.05374,TARGET,0.0004,1.474999999999671,1.349999999999671,0.5899999999998684
N3_ANCHOR_REVERSION,NEUTRAL,SHORT,2023-10-13 00:10:00+00:00,2023-10-13 00:15:00+00:00,2023-10-13 00:15:00+00:00,2023-10-13 00:55:00+00:00,1.05362,1.05402,1.05302,1.05403,STOP,0.0004,-1.0250000000000536,-1.1500000000000536,-0.41000000000002146
N1_ROLLING_SWEEP_FADE,NEUTRAL,SHORT,2023-10-13 01:00:00+00:00,2023-10-13 01:05:00+00:00,2023-10-13 01:05:00+00:00,2023-10-13 01:15:00+00:00,1.0537999999999998,1.0541999999999998,1.0532,1.0542099999999999,STOP,0.0004,-1.0250000000000536,-1.1500000000000536,-0.41000000000002146
N4_MICRO_BREAKOUT,NEUTRAL,LONG,2023-10-13 01:15:00+00:00,2023-10-13 01:20:00+00:00,2023-10-13 01:20:00+00:00,2023-10-13 01:40:00+00:00,1.0542500000000001,1.0538500000000002,1.05485,1.05384,STOP,0.0004,-1.0250000000000536,-1.1500000000000536,-0.41000000000002146
N1_ROLLING_SWEEP_FADE,NEUTRAL,SHORT,2023-10-13 02:05:00+00:00,2023-10-13 02:10:00+00:00,2023-10-13 02:10:00+00:00,2023-10-13 02:45:00+00:00,1.05413,1.05453,1.05353,1.05454,STOP,0.0004,-1.0250000000000536,-1.1500000000000536,-0.41000000000002146
N1_ROLLING_SWEEP_FADE,NEUTRAL,SHORT,2023-10-15 21:40:00+00:00,2023-10-15 21:45:00+00:00,2023-10-15 21:45:00+00:00,2023-10-15 21:45:00+00:00,1.05138,1.05178,1.05078,1.05194,STOP,0.0004,-1.40000000000029,-1.52500000000029,-0.560000000000116
N4_MICRO_BREAKOUT,NEUTRAL,LONG,2023-10-15 23:45:00+00:00,2023-10-15 23:50:00+00:00,2023-10-15 23:50:00+00:00,2023-10-16 00:15:00+00:00,1.05231,1.0519100000000001,1.05291,1.0519,STOP,0.0004,-1.0250000000000536,-1.1500000000000536,-0.41000000000002146
N1_ROLLING_SWEEP_FADE,NEUTRAL,LONG,2023-10-16 00:25:00+00:00,2023-10-16 00:30:00+00:00,2023-10-16 00:30:00+00:00,2023-10-16 00:55:00+00:00,1.05197,1.0515700000000001,1.05257,1.05156,STOP,0.0004,-1.0250000000000536,-1.1500000000000536,-0.41000000000002146
N1_ROLLING_SWEEP_FADE,NEUTRAL,SHORT,2023-10-16 01:15:00+00:00,2023-10-16 01:20:00+00:00,2023-10-16 01:20:00+00:00,2023-10-16 02:25:00+00:00,1.05222,1.05262,1.05162,1.05263,STOP,0.0004,-1.0250000000000536,-1.1500000000000536,-0.41000000000002146
N1_ROLLING_SWEEP_FADE,NEUTRAL,LONG,2023-10-16 03:20:00+00:00,2023-10-16 03:25:00+00:00,2023-10-16 03:25:00+00:00,2023-10-16 05:30:00+00:00,1.05217,1.05177,1.05277,1.05276,TARGET,0.0004,1.474999999999671,1.349999999999671,0.5899999999998684
N1_ROLLING_SWEEP_FADE,NEUTRAL,LONG,2023-10-17 21:50:00+00:00,2023-10-17 21:55:00+00:00,2023-10-17 21:55:00+00:00,2023-10-17 23:50:00+00:00,1.05766,1.05726,1.05826,1.05725,STOP,0.0004,-1.0250000000000536,-1.1500000000000536,-0.41000000000002146
N1_ROLLING_SWEEP_FADE,NEUTRAL,LONG,2023-10-17 23:55:00+00:00,2023-10-18 00:00:00+00:00,2023-10-18 00:00:00+00:00,2023-10-18 00:15:00+00:00,1.0573400000000002,1.0569400000000002,1.05794,1.0569300000000001,STOP,0.0004,-1.0250000000000536,-1.1500000000000536,-0.41000000000002146
N3_ANCHOR_REVERSION,NEUTRAL,LONG,2023-10-18 00:40:00+00:00,2023-10-18 00:45:00+00:00,2023-10-18 00:45:00+00:00,2023-10-18 00:50:00+00:00,1.0565,1.0561,1.0571,1.05609,STOP,0.0004,-1.0250000000000536,-1.1500000000000536,-0.41000000000002146
N3_ANCHOR_REVERSION,NEUTRAL,LONG,2023-10-18 00:55:00+00:00,2023-10-18 01:00:00+00:00,2023-10-18 01:00:00+00:00,2023-10-18 01:15:00+00:00,1.0565200000000001,1.0561200000000002,1.05712,1.05611,STOP,0.0004,-1.0250000000000536,-1.1500000000000536,-0.41000000000002146
N3_ANCHOR_REVERSION,NEUTRAL,LONG,2023-10-18 01:15:00+00:00,2023-10-18 01:20:00+00:00,2023-10-18 01:20:00+00:00,2023-10-18 02:00:00+00:00,1.05655,1.0561500000000001,1.05715,1.05714,TARGET,0.0004,1.474999999999671,1.349999999999671,0.5899999999998684
N1_ROLLING_SWEEP_FADE,NEUTRAL,LONG,2023-10-20 05:55:00+00:00,2023-10-20 06:00:00+00:00,2023-10-20 06:00:00+00:00,2023-10-20 06:00:00+00:00,1.05748,1.05708,1.05808,1.05707,STOP,0.0004,-1.0250000000000536,-1.1500000000000536,-0.41000000000002146
N4_MICRO_BREAKOUT,NEUTRAL,SHORT,2023-10-20 06:15:00+00:00,2023-10-20 06:20:00+00:00,2023-10-20 06:20:00+00:00,2023-10-20 06:40:00+00:00,1.0567199999999999,1.0571199999999998,1.05612,1.05713,STOP,0.0004,-1.0250000000000536,-1.1500000000000536,-0.41000000000002146
N2_ASIA_RANGE_FADE,NEUTRAL,LONG,2023-10-20 06:40:00+00:00,2023-10-20 06:45:00+00:00,2023-10-20 06:45:00+00:00,2023-10-20 08:15:00+00:00,1.05711,1.05671,1.05771,1.0576999999999999,TARGET,0.0004,1.474999999999671,1.349999999999671,0.5899999999998684
N1_ROLLING_SWEEP_FADE,NEUTRAL,LONG,2023-10-23 13:20:00+00:00,2023-10-23 13:25:00+00:00,2023-10-23 13:25:00+00:00,2023-10-23 13:30:00+00:00,1.0602800000000001,1.0598800000000002,1.06088,1.05987,STOP,0.0004,-1.0250000000000536,-1.1500000000000536,-0.41000000000002146
N1_ROLLING_SWEEP_FADE,NEUTRAL,LONG,2023-10-23 13:35:00+00:00,2023-10-23 13:40:00+00:00,2023-10-23 13:40:00+00:00,2023-10-23 13:40:00+00:00,1.05993,1.05953,1.06053,1.05952,STOP,0.0004,-1.0250000000000536,-1.1500000000000536,-0.41000000000002146
N4_MICRO_BREAKOUT,NEUTRAL,SHORT,2023-10-23 13:40:00+00:00,2023-10-23 13:45:00+00:00,2023-10-23 13:45:00+00:00,2023-10-23 13:45:00+00:00,1.0591,1.0594999999999999,1.0585,1.05951,STOP,0.0004,-1.0250000000000536,-1.1500000000000536,-0.41000000000002146
N4_MICRO_BREAKOUT,NEUTRAL,LONG,2023-10-23 16:55:00+00:00,2023-10-23 17:00:00+00:00,2023-10-23 17:00:00+00:00,2023-10-23 17:00:00+00:00,1.06653,1.06613,1.06713,1.06612,STOP,0.0004,-1.0250000000000536,-1.1500000000000536,-0.41000000000002146
N1_ROLLING_SWEEP_FADE,NEUTRAL,SHORT,2023-10-24 00:00:00+00:00,2023-10-24 00:05:00+00:00,2023-10-24 00:05:00+00:00,2023-10-24 00:55:00+00:00,1.0669899999999999,1.0673899999999998,1.06639,1.0674,STOP,0.0004,-1.0250000000000536,-1.1500000000000536,-0.41000000000002146
N4_MICRO_BREAKOUT,NEUTRAL,LONG,2023-10-24 01:00:00+00:00,2023-10-24 01:05:00+00:00,2023-10-24 01:05:00+00:00,2023-10-24 01:20:00+00:00,1.0675100000000002,1.0671100000000002,1.0681100000000001,1.0671000000000002,STOP,0.0004,-1.0250000000000536,-1.1500000000000536,-0.41000000000002146
N3_ANCHOR_REVERSION,NEUTRAL,SHORT,2023-10-24 01:45:00+00:00,2023-10-24 01:50:00+00:00,2023-10-24 01:50:00+00:00,2023-10-24 02:15:00+00:00,1.06734,1.06774,1.06674,1.06775,STOP,0.0004,-1.0250000000000536,-1.1500000000000536,-0.41000000000002146
N4_MICRO_BREAKOUT,NEUTRAL,LONG,2023-10-24 02:20:00+00:00,2023-10-24 02:25:00+00:00,2023-10-24 02:25:00+00:00,2023-10-24 04:25:00+00:00,1.06843,1.06803,1.06903,1.06802,STOP,0.0004,-1.0250000000000536,-1.1500000000000536,-0.41000000000002146
N4_MICRO_BREAKOUT,NEUTRAL,LONG,2023-10-25 14:30:00+00:00,2023-10-25 14:35:00+00:00,2023-10-25 14:35:00+00:00,2023-10-25 14:45:00+00:00,1.05853,1.05813,1.05913,1.0591199999999998,TARGET,0.0004,1.474999999999671,1.349999999999671,0.5899999999998684
N4_MICRO_BREAKOUT,NEUTRAL,LONG,2023-10-25 14:45:00+00:00,2023-10-25 14:50:00+00:00,2023-10-25 14:50:00+00:00,2023-10-25 14:50:00+00:00,1.0591700000000002,1.0587700000000002,1.05977,1.0587600000000001,STOP,0.0004,-1.0250000000000536,-1.1500000000000536,-0.41000000000002146
N4_MICRO_BREAKOUT,NEUTRAL,SHORT,2023-10-25 17:00:00+00:00,2023-10-25 17:05:00+00:00,2023-10-25 17:05:00+00:00,2023-10-25 17:05:00+00:00,1.0570599999999999,1.0574599999999998,1.05646,1.05747,STOP,0.0004,-1.0250000000000536,-1.1500000000000536,-0.41000000000002146
N3_ANCHOR_REVERSION,NEUTRAL,LONG,2023-10-25 17:05:00+00:00,2023-10-25 17:10:00+00:00,2023-10-25 17:10:00+00:00,2023-10-25 17:25:00+00:00,1.05742,1.05702,1.05802,1.05701,STOP,0.0004,-1.0250000000000536,-1.1500000000000536,-0.41000000000002146
N3_ANCHOR_REVERSION,NEUTRAL,LONG,2023-10-27 17:50:00+00:00,2023-10-27 17:55:00+00:00,2023-10-27 17:55:00+00:00,2023-10-27 18:45:00+00:00,1.05643,1.05603,1.05703,1.0570199999999998,TARGET,0.0004,1.474999999999671,1.349999999999671,0.5899999999998684
N1_ROLLING_SWEEP_FADE,NEUTRAL,LONG,2023-10-27 20:45:00+00:00,2023-10-27 20:50:00+00:00,2023-10-27 20:50:00+00:00,2023-10-27 20:55:00+00:00,1.05658,1.0561800000000001,1.05718,1.05617,STOP,0.0004,-1.0250000000000536,-1.1500000000000536,-0.41000000000002146
N4_MICRO_BREAKOUT,NEUTRAL,SHORT,2023-10-27 20:55:00+00:00,2023-10-27 21:00:00+00:00,2023-10-29 21:00:00+00:00,2023-10-29 21:00:00+00:00,1.05643,1.05683,1.05583,1.05765,STOP,0.0004,-3.049999999999997,-3.174999999999997,-1.2199999999999989
N4_MICRO_BREAKOUT,NEUTRAL,SHORT,2023-10-29 22:10:00+00:00,2023-10-29 22:15:00+00:00,2023-10-29 22:15:00+00:00,2023-10-29 22:20:00+00:00,1.05603,1.05643,1.05543,1.05644,STOP,0.0004,-1.0250000000000536,-1.1500000000000536,-0.41000000000002146
N3_ANCHOR_REVERSION,NEUTRAL,LONG,2023-10-29 23:05:00+00:00,2023-10-29 23:10:00+00:00,2023-10-29 23:10:00+00:00,2023-10-30 00:00:00+00:00,1.05621,1.0558100000000001,1.05681,1.0558,STOP,0.0004,-1.0250000000000536,-1.1500000000000536,-0.41000000000002146
N4_MICRO_BREAKOUT,NEUTRAL,SHORT,2023-10-30 00:00:00+00:00,2023-10-30 00:05:00+00:00,2023-10-30 00:05:00+00:00,2023-10-30 00:05:00+00:00,1.0556999999999999,1.0560999999999998,1.0551,1.0561099999999999,STOP,0.0004,-1.0250000000000536,-1.1500000000000536,-0.41000000000002146
N3_ANCHOR_REVERSION,NEUTRAL,LONG,2023-10-30 00:15:00+00:00,2023-10-30 00:20:00+00:00,2023-10-30 00:20:00+00:00,2023-10-30 02:00:00+00:00,1.0558,1.0554000000000001,1.0564,1.05639,TARGET,0.0004,1.474999999999671,1.349999999999671,0.5899999999998684
N4_MICRO_BREAKOUT,NEUTRAL,SHORT,2023-10-30 03:20:00+00:00,2023-10-30 03:25:00+00:00,2023-10-30 03:25:00+00:00,2023-10-30 04:45:00+00:00,1.0558999999999998,1.0562999999999998,1.0553,1.0563099999999999,STOP,0.0004,-1.0250000000000536,-1.1500000000000536,-0.41000000000002146
N1_ROLLING_SWEEP_FADE,NEUTRAL,SHORT,2023-10-30 13:00:00+00:00,2023-10-30 13:05:00+00:00,2023-10-30 13:05:00+00:00,2023-10-30 13:10:00+00:00,1.06069,1.0610899999999999,1.06009,1.0601,TARGET,0.0004,1.474999999999671,1.349999999999671,0.5899999999998684
N4_MICRO_BREAKOUT,NEUTRAL,SHORT,2023-10-31 00:05:00+00:00,2023-10-31 00:10:00+00:00,2023-10-31 00:10:00+00:00,2023-10-31 00:25:00+00:00,1.0609899999999999,1.0613899999999998,1.06039,1.0614,STOP,0.0004,-1.0250000000000536,-1.1500000000000536,-0.41000000000002146
N4_MICRO_BREAKOUT,NEUTRAL,SHORT,2023-10-31 02:10:00+00:00,2023-10-31 02:15:00+00:00,2023-10-31 02:15:00+00:00,2023-10-31 02:25:00+00:00,1.05996,1.06036,1.05936,1.06037,STOP,0.0004,-1.0250000000000536,-1.1500000000000536,-0.41000000000002146
N3_ANCHOR_REVERSION,NEUTRAL,LONG,2023-10-31 02:25:00+00:00,2023-10-31 02:30:00+00:00,2023-10-31 02:30:00+00:00,2023-10-31 03:00:00+00:00,1.0603500000000001,1.0599500000000002,1.06095,1.05994,STOP,0.0004,-1.0250000000000536,-1.1500000000000536,-0.41000000000002146
N4_MICRO_BREAKOUT,NEUTRAL,SHORT,2023-10-31 20:55:00+00:00,2023-10-31 21:00:00+00:00,2023-10-31 21:00:00+00:00,2023-10-31 21:00:00+00:00,1.0572,1.0575999999999999,1.0566,1.05772,STOP,0.0004,-1.30000000000019,-1.42500000000019,-0.520000000000076
N1_ROLLING_SWEEP_FADE,NEUTRAL,LONG,2023-11-01 00:00:00+00:00,2023-11-01 00:05:00+00:00,2023-11-01 00:05:00+00:00,2023-11-01 00:10:00+00:00,1.05806,1.05766,1.05866,1.05765,STOP,0.0004,-1.0250000000000536,-1.1500000000000536,-0.41000000000002146
N1_ROLLING_SWEEP_FADE,NEUTRAL,LONG,2023-11-01 00:10:00+00:00,2023-11-01 00:15:00+00:00,2023-11-01 00:15:00+00:00,2023-11-01 00:20:00+00:00,1.0578500000000002,1.0574500000000002,1.0584500000000001,1.0574400000000002,STOP,0.0004,-1.0250000000000536,-1.1500000000000536,-0.41000000000002146
N4_MICRO_BREAKOUT,NEUTRAL,SHORT,2023-11-01 00:20:00+00:00,2023-11-01 00:25:00+00:00,2023-11-01 00:25:00+00:00,2023-11-01 01:55:00+00:00,1.05744,1.05784,1.05684,1.05685,TARGET,0.0004,1.474999999999671,1.349999999999671,0.5899999999998684
N3_ANCHOR_REVERSION,NEUTRAL,LONG,2023-11-01 02:10:00+00:00,2023-11-01 02:15:00+00:00,2023-11-01 02:15:00+00:00,2023-11-01 04:50:00+00:00,1.05701,1.05661,1.05761,1.0566,STOP,0.0004,-1.0250000000000536,-1.1500000000000536,-0.41000000000002146
N4_MICRO_BREAKOUT,NEUTRAL,LONG,2023-11-01 23:55:00+00:00,2023-11-02 00:00:00+00:00,2023-11-02 00:00:00+00:00,2023-11-02 00:20:00+00:00,1.05874,1.05834,1.05934,1.0593299999999999,TARGET,0.0004,1.474999999999671,1.349999999999671,0.5899999999998684
N1_ROLLING_SWEEP_FADE,NEUTRAL,SHORT,2023-11-02 00:35:00+00:00,2023-11-02 00:40:00+00:00,2023-11-02 00:40:00+00:00,2023-11-02 00:55:00+00:00,1.05986,1.06026,1.05926,1.06027,STOP,0.0004,-1.0250000000000536,-1.1500000000000536,-0.41000000000002146
N1_ROLLING_SWEEP_FADE,NEUTRAL,LONG,2023-11-02 05:40:00+00:00,2023-11-02 05:45:00+00:00,2023-11-02 05:45:00+00:00,2023-11-02 06:35:00+00:00,1.05986,1.05946,1.06046,1.05945,STOP,0.0004,-1.0250000000000536,-1.1500000000000536,-0.41000000000002146
N1_ROLLING_SWEEP_FADE,NEUTRAL,LONG,2023-11-02 06:35:00+00:00,2023-11-02 06:40:00+00:00,2023-11-02 06:40:00+00:00,2023-11-02 07:25:00+00:00,1.05972,1.05932,1.06032,1.0603099999999999,TARGET,0.0004,1.474999999999671,1.349999999999671,0.5899999999998684
N1_ROLLING_SWEEP_FADE,NEUTRAL,SHORT,2023-11-09 21:55:00+00:00,2023-11-09 22:00:00+00:00,2023-11-09 22:00:00+00:00,2023-11-09 22:40:00+00:00,1.0667,1.0671,1.0661,1.06711,STOP,0.0004,-1.0250000000000536,-1.1500000000000536,-0.41000000000002146
N1_ROLLING_SWEEP_FADE,NEUTRAL,SHORT,2023-11-09 22:40:00+00:00,2023-11-09 22:45:00+00:00,2023-11-09 22:45:00+00:00,2023-11-10 01:20:00+00:00,1.06687,1.06727,1.06627,1.06728,STOP,0.0004,-1.0250000000000536,-1.1500000000000536,-0.41000000000002146
N3_ANCHOR_REVERSION,NEUTRAL,SHORT,2023-11-10 01:30:00+00:00,2023-11-10 01:35:00+00:00,2023-11-10 01:35:00+00:00,2023-11-10 05:15:00+00:00,1.06727,1.06767,1.06667,1.06668,TARGET,0.0004,1.474999999999671,1.349999999999671,0.5899999999998684
N1_ROLLING_SWEEP_FADE,NEUTRAL,LONG,2023-11-10 05:15:00+00:00,2023-11-10 05:20:00+00:00,2023-11-10 05:20:00+00:00,2023-11-10 06:55:00+00:00,1.0667600000000002,1.0663600000000002,1.06736,1.0663500000000001,STOP,0.0004,-1.0250000000000536,-1.1500000000000536,-0.41000000000002146
N1_ROLLING_SWEEP_FADE,NEUTRAL,LONG,2023-11-10 06:55:00+00:00,2023-11-10 07:00:00+00:00,2023-11-10 07:00:00+00:00,2023-11-10 07:00:00+00:00,1.0666200000000001,1.0662200000000002,1.06722,1.06621,STOP,0.0004,-1.0250000000000536,-1.1500000000000536,-0.41000000000002146
N4_MICRO_BREAKOUT,NEUTRAL,SHORT,2023-11-10 07:00:00+00:00,2023-11-10 07:05:00+00:00,2023-11-10 07:05:00+00:00,2023-11-10 07:40:00+00:00,1.06626,1.06666,1.06566,1.06667,STOP,0.0004,-1.0250000000000536,-1.1500000000000536,-0.41000000000002146
N1_ROLLING_SWEEP_FADE,NEUTRAL,SHORT,2023-11-13 22:40:00+00:00,2023-11-13 22:45:00+00:00,2023-11-13 22:45:00+00:00,2023-11-14 07:00:00+00:00,1.06991,1.0703099999999999,1.06931,1.07032,STOP,0.0004,-1.0250000000000536,-1.1500000000000536,-0.41000000000002146
N1_ROLLING_SWEEP_FADE,NEUTRAL,SHORT,2023-11-14 13:00:00+00:00,2023-11-14 13:05:00+00:00,2023-11-14 13:05:00+00:00,2023-11-14 13:15:00+00:00,1.0723099999999999,1.0727099999999998,1.07171,1.07272,STOP,0.0004,-1.0250000000000536,-1.1500000000000536,-0.41000000000002146
N1_ROLLING_SWEEP_FADE,NEUTRAL,LONG,2023-11-14 13:15:00+00:00,2023-11-14 13:20:00+00:00,2023-11-14 13:20:00+00:00,2023-11-14 13:25:00+00:00,1.0726600000000002,1.0722600000000002,1.07326,1.0722500000000001,STOP,0.0004,-1.0250000000000536,-1.1500000000000536,-0.41000000000002146
N1_ROLLING_SWEEP_FADE,NEUTRAL,LONG,2023-11-14 13:30:00+00:00,2023-11-14 13:35:00+00:00,2023-11-14 13:35:00+00:00,2023-11-14 13:35:00+00:00,1.0788200000000001,1.0784200000000002,1.07942,1.07841,STOP,0.0004,-1.0250000000000536,-1.1500000000000536,-0.41000000000002146
N4_MICRO_BREAKOUT,NEUTRAL,LONG,2023-11-14 13:40:00+00:00,2023-11-14 13:45:00+00:00,2023-11-14 13:45:00+00:00,2023-11-14 13:50:00+00:00,1.0796700000000001,1.0792700000000002,1.08027,1.07926,STOP,0.0004,-1.0250000000000536,-1.1500000000000536,-0.41000000000002146
N4_MICRO_BREAKOUT,NEUTRAL,LONG,2023-11-24 15:00:00+00:00,2023-11-24 15:05:00+00:00,2023-11-24 15:05:00+00:00,2023-11-24 15:05:00+00:00,1.09444,1.0940400000000001,1.09504,1.09403,STOP,0.0004,-1.0250000000000536,-1.1500000000000536,-0.41000000000002146
N3_ANCHOR_REVERSION,NEUTRAL,SHORT,2023-11-24 15:15:00+00:00,2023-11-24 15:20:00+00:00,2023-11-24 15:20:00+00:00,2023-11-24 15:40:00+00:00,1.09371,1.09411,1.09311,1.09412,STOP,0.0004,-1.0250000000000536,-1.1500000000000536,-0.41000000000002146
N3_ANCHOR_REVERSION,NEUTRAL,SHORT,2023-11-24 19:20:00+00:00,2023-11-24 19:25:00+00:00,2023-11-24 19:25:00+00:00,2023-11-24 19:25:00+00:00,1.09422,1.09462,1.09362,1.09463,STOP,0.0004,-1.0250000000000536,-1.1500000000000536,-0.41000000000002146
N3_ANCHOR_REVERSION,NEUTRAL,SHORT,2023-11-24 20:10:00+00:00,2023-11-24 20:15:00+00:00,2023-11-24 20:15:00+00:00,2023-11-24 21:30:00+00:00,1.09459,1.09499,1.09399,1.094,TARGET,0.0004,1.474999999999671,1.349999999999671,0.5899999999998684
N4_MICRO_BREAKOUT,NEUTRAL,LONG,2023-11-26 23:10:00+00:00,2023-11-26 23:15:00+00:00,2023-11-26 23:15:00+00:00,2023-11-26 23:15:00+00:00,1.0947900000000002,1.0943900000000002,1.09539,1.0943800000000001,STOP,0.0004,-1.0250000000000536,-1.1500000000000536,-0.41000000000002146
N1_ROLLING_SWEEP_FADE,NEUTRAL,LONG,2023-11-26 23:40:00+00:00,2023-11-26 23:45:00+00:00,2023-11-26 23:45:00+00:00,2023-11-27 00:15:00+00:00,1.0940400000000001,1.0936400000000002,1.09464,1.09363,STOP,0.0004,-1.0250000000000536,-1.1500000000000536,-0.41000000000002146
N4_MICRO_BREAKOUT,NEUTRAL,SHORT,2023-11-27 00:30:00+00:00,2023-11-27 00:35:00+00:00,2023-11-27 00:35:00+00:00,2023-11-27 01:10:00+00:00,1.0930799999999998,1.0934799999999998,1.09248,1.0934899999999999,STOP,0.0004,-1.0250000000000536,-1.1500000000000536,-0.41000000000002146
N1_ROLLING_SWEEP_FADE,NEUTRAL,SHORT,2023-11-27 01:35:00+00:00,2023-11-27 01:40:00+00:00,2023-11-27 01:40:00+00:00,2023-11-27 01:50:00+00:00,1.0945099999999999,1.0949099999999998,1.09391,1.09492,STOP,0.0004,-1.0250000000000536,-1.1500000000000536,-0.41000000000002146
N1_ROLLING_SWEEP_FADE,NEUTRAL,SHORT,2023-11-27 03:50:00+00:00,2023-11-27 03:55:00+00:00,2023-11-27 03:55:00+00:00,2023-11-27 04:45:00+00:00,1.09442,1.09482,1.09382,1.09483,STOP,0.0004,-1.0250000000000536,-1.1500000000000536,-0.41000000000002146
N3_ANCHOR_REVERSION,NEUTRAL,SHORT,2023-11-27 05:05:00+00:00,2023-11-27 05:10:00+00:00,2023-11-27 05:10:00+00:00,2023-11-27 05:55:00+00:00,1.09462,1.0950199999999999,1.09402,1.09503,STOP,0.0004,-1.0250000000000536,-1.1500000000000536,-0.41000000000002146
N1_ROLLING_SWEEP_FADE,NEUTRAL,SHORT,2023-11-30 23:30:00+00:00,2023-11-30 23:35:00+00:00,2023-11-30 23:35:00+00:00,2023-12-01 00:05:00+00:00,1.08917,1.08957,1.08857,1.08958,STOP,0.0004,-1.0250000000000536,-1.1500000000000536,-0.41000000000002146
N4_MICRO_BREAKOUT,NEUTRAL,LONG,2023-12-01 00:10:00+00:00,2023-12-01 00:15:00+00:00,2023-12-01 00:15:00+00:00,2023-12-01 01:00:00+00:00,1.08985,1.08945,1.09045,1.0904399999999999,TARGET,0.0004,1.474999999999671,1.349999999999671,0.5899999999998684
N4_MICRO_BREAKOUT,NEUTRAL,LONG,2023-12-01 01:05:00+00:00,2023-12-01 01:10:00+00:00,2023-12-01 01:10:00+00:00,2023-12-01 03:35:00+00:00,1.09081,1.09041,1.09141,1.0904,STOP,0.0004,-1.0250000000000536,-1.1500000000000536,-0.41000000000002146
N1_ROLLING_SWEEP_FADE,NEUTRAL,SHORT,2023-12-01 21:55:00+00:00,2023-12-01 22:00:00+00:00,2023-12-03 22:00:00+00:00,2023-12-03 22:00:00+00:00,1.0877,1.0880999999999998,1.0871,1.08827,STOP,0.0004,-1.4250000000004537,-1.5500000000004537,-0.5700000000001815
N1_ROLLING_SWEEP_FADE,NEUTRAL,SHORT,2023-12-03 22:50:00+00:00,2023-12-03 22:55:00+00:00,2023-12-03 22:55:00+00:00,2023-12-03 23:00:00+00:00,1.08846,1.08886,1.08786,1.08887,STOP,0.0004,-1.0250000000000536,-1.1500000000000536,-0.41000000000002146
N4_MICRO_BREAKOUT,NEUTRAL,LONG,2023-12-03 23:15:00+00:00,2023-12-03 23:20:00+00:00,2023-12-03 23:20:00+00:00,2023-12-03 23:40:00+00:00,1.0890900000000001,1.0886900000000002,1.08969,1.08868,STOP,0.0004,-1.0250000000000536,-1.1500000000000536,-0.41000000000002146
N1_ROLLING_SWEEP_FADE,NEUTRAL,LONG,2023-12-04 00:50:00+00:00,2023-12-04 00:55:00+00:00,2023-12-04 00:55:00+00:00,2023-12-04 00:55:00+00:00,1.0874000000000001,1.0870000000000002,1.088,1.0869900000000001,STOP,0.0004,-1.0250000000000536,-1.1500000000000536,-0.41000000000002146
N3_ANCHOR_REVERSION,NEUTRAL,LONG,2023-12-04 01:00:00+00:00,2023-12-04 01:05:00+00:00,2023-12-04 01:05:00+00:00,2023-12-04 01:30:00+00:00,1.0874000000000001,1.0870000000000002,1.088,1.0869900000000001,STOP,0.0004,-1.0250000000000536,-1.1500000000000536,-0.41000000000002146
N1_ROLLING_SWEEP_FADE,NEUTRAL,LONG,2023-12-04 01:35:00+00:00,2023-12-04 01:40:00+00:00,2023-12-04 01:40:00+00:00,2023-12-04 02:15:00+00:00,1.0869900000000001,1.0865900000000002,1.08759,1.08758,TARGET,0.0004,1.474999999999671,1.349999999999671,0.5899999999998684
N3_ANCHOR_REVERSION,NEUTRAL,LONG,2023-12-04 05:30:00+00:00,2023-12-04 05:35:00+00:00,2023-12-04 05:35:00+00:00,2023-12-04 07:00:00+00:00,1.08707,1.08667,1.08767,1.08666,STOP,0.0004,-1.0250000000000536,-1.1500000000000536,-0.41000000000002146
N4_MICRO_BREAKOUT,NEUTRAL,LONG,2023-12-05 00:05:00+00:00,2023-12-05 00:10:00+00:00,2023-12-05 00:10:00+00:00,2023-12-05 00:35:00+00:00,1.08396,1.08356,1.08456,1.08455,TARGET,0.0004,1.474999999999671,1.349999999999671,0.5899999999998684
N3_ANCHOR_REVERSION,NEUTRAL,SHORT,2023-12-05 22:50:00+00:00,2023-12-05 22:55:00+00:00,2023-12-05 22:55:00+00:00,2023-12-06 00:40:00+00:00,1.07972,1.08012,1.07912,1.0791300000000001,TARGET,0.0004,1.474999999999671,1.349999999999671,0.5899999999998684
N1_ROLLING_SWEEP_FADE,NEUTRAL,LONG,2023-12-06 00:40:00+00:00,2023-12-06 00:45:00+00:00,2023-12-06 00:45:00+00:00,2023-12-06 01:05:00+00:00,1.07915,1.07875,1.07975,1.07974,TARGET,0.0004,1.474999999999671,1.349999999999671,0.5899999999998684
N1_ROLLING_SWEEP_FADE,NEUTRAL,SHORT,2023-12-06 01:05:00+00:00,2023-12-06 01:10:00+00:00,2023-12-06 01:10:00+00:00,2023-12-06 01:30:00+00:00,1.07965,1.08005,1.07905,1.0790600000000001,TARGET,0.0004,1.474999999999671,1.349999999999671,0.5899999999998684
N1_ROLLING_SWEEP_FADE,NEUTRAL,LONG,2023-12-06 01:30:00+00:00,2023-12-06 01:35:00+00:00,2023-12-06 01:35:00+00:00,2023-12-06 03:10:00+00:00,1.0790300000000002,1.0786300000000002,1.07963,1.07962,TARGET,0.0004,1.474999999999671,1.349999999999671,0.5899999999998684
N3_ANCHOR_REVERSION,NEUTRAL,SHORT,2023-12-06 03:50:00+00:00,2023-12-06 03:55:00+00:00,2023-12-06 03:55:00+00:00,2023-12-06 05:35:00+00:00,1.07972,1.08012,1.07912,1.08013,STOP,0.0004,-1.0250000000000536,-1.1500000000000536,-0.41000000000002146
N4_MICRO_BREAKOUT,NEUTRAL,LONG,2023-12-07 00:30:00+00:00,2023-12-07 00:35:00+00:00,2023-12-07 00:35:00+00:00,2023-12-07 01:25:00+00:00,1.07707,1.07667,1.07767,1.07666,STOP,0.0004,-1.0250000000000536,-1.1500000000000536,-0.41000000000002146
N1_ROLLING_SWEEP_FADE,NEUTRAL,LONG,2023-12-07 01:30:00+00:00,2023-12-07 01:35:00+00:00,2023-12-07 01:35:00+00:00,2023-12-07 02:45:00+00:00,1.07682,1.0764200000000002,1.07742,1.07641,STOP,0.0004,-1.0250000000000536,-1.1500000000000536,-0.41000000000002146
N4_MICRO_BREAKOUT,NEUTRAL,SHORT,2023-12-07 02:45:00+00:00,2023-12-07 02:50:00+00:00,2023-12-07 02:50:00+00:00,2023-12-07 07:00:00+00:00,1.07635,1.0767499999999999,1.07575,1.07576,TARGET,0.0004,1.474999999999671,1.349999999999671,0.5899999999998684
N4_MICRO_BREAKOUT,NEUTRAL,SHORT,2023-12-07 23:20:00+00:00,2023-12-07 23:25:00+00:00,2023-12-07 23:25:00+00:00,2023-12-08 00:20:00+00:00,1.07908,1.07948,1.07848,1.07949,STOP,0.0004,-1.0250000000000536,-1.1500000000000536,-0.41000000000002146
N1_ROLLING_SWEEP_FADE,NEUTRAL,SHORT,2023-12-08 00:55:00+00:00,2023-12-08 01:00:00+00:00,2023-12-08 01:00:00+00:00,2023-12-08 01:00:00+00:00,1.0795899999999998,1.0799899999999998,1.07899,1.0799999999999998,STOP,0.0004,-1.0250000000000536,-1.1500000000000536,-0.41000000000002146
N3_ANCHOR_REVERSION,NEUTRAL,LONG,2023-12-08 06:00:00+00:00,2023-12-08 06:05:00+00:00,2023-12-08 06:05:00+00:00,2023-12-08 06:55:00+00:00,1.0785200000000001,1.0781200000000002,1.07912,1.0781100000000001,STOP,0.0004,-1.0250000000000536,-1.1500000000000536,-0.41000000000002146
N4_MICRO_BREAKOUT,NEUTRAL,LONG,2023-12-10 23:00:00+00:00,2023-12-10 23:05:00+00:00,2023-12-10 23:05:00+00:00,2023-12-10 23:30:00+00:00,1.07664,1.07624,1.07724,1.07623,STOP,0.0004,-1.0250000000000536,-1.1500000000000536,-0.41000000000002146
N4_MICRO_BREAKOUT,NEUTRAL,LONG,2023-12-11 00:00:00+00:00,2023-12-11 00:05:00+00:00,2023-12-11 00:05:00+00:00,2023-12-11 02:15:00+00:00,1.07688,1.07648,1.07748,1.07647,STOP,0.0004,-1.0250000000000536,-1.1500000000000536,-0.41000000000002146
N4_MICRO_BREAKOUT,NEUTRAL,SHORT,2023-12-11 04:00:00+00:00,2023-12-11 04:05:00+00:00,2023-12-11 04:05:00+00:00,2023-12-11 05:30:00+00:00,1.07625,1.0766499999999999,1.07565,1.07666,STOP,0.0004,-1.0250000000000536,-1.1500000000000536,-0.41000000000002146
N1_ROLLING_SWEEP_FADE,NEUTRAL,SHORT,2023-12-12 07:10:00+00:00,2023-12-12 07:15:00+00:00,2023-12-12 07:15:00+00:00,2023-12-12 08:05:00+00:00,1.07801,1.0784099999999999,1.07741,1.07742,TARGET,0.0004,1.474999999999671,1.349999999999671,0.5899999999998684
N4_MICRO_BREAKOUT,NEUTRAL,LONG,2023-12-12 08:20:00+00:00,2023-12-12 08:25:00+00:00,2023-12-12 08:25:00+00:00,2023-12-12 08:30:00+00:00,1.0789,1.0785,1.0795,1.07849,STOP,0.0004,-1.0250000000000536,-1.1500000000000536,-0.41000000000002146
N3_ANCHOR_REVERSION,NEUTRAL,SHORT,2023-12-12 08:40:00+00:00,2023-12-12 08:45:00+00:00,2023-12-12 08:45:00+00:00,2023-12-12 09:45:00+00:00,1.0786799999999999,1.0790799999999998,1.07808,1.0790899999999999,STOP,0.0004,-1.0250000000000536,-1.1500000000000536,-0.41000000000002146
N3_ANCHOR_REVERSION,NEUTRAL,SHORT,2023-12-12 10:55:00+00:00,2023-12-12 11:00:00+00:00,2023-12-12 11:00:00+00:00,2023-12-12 11:50:00+00:00,1.0800999999999998,1.0804999999999998,1.0795,1.07951,TARGET,0.0004,1.474999999999671,1.349999999999671,0.5899999999998684
N3_ANCHOR_REVERSION,NEUTRAL,SHORT,2023-12-12 23:55:00+00:00,2023-12-13 00:00:00+00:00,2023-12-13 00:00:00+00:00,2023-12-13 00:20:00+00:00,1.07982,1.08022,1.07922,1.0792300000000001,TARGET,0.0004,1.474999999999671,1.349999999999671,0.5899999999998684
N3_ANCHOR_REVERSION,NEUTRAL,LONG,2023-12-13 00:40:00+00:00,2023-12-13 00:45:00+00:00,2023-12-13 00:45:00+00:00,2023-12-13 02:10:00+00:00,1.07935,1.07895,1.07995,1.07894,STOP,0.0004,-1.0250000000000536,-1.1500000000000536,-0.41000000000002146
N3_ANCHOR_REVERSION,NEUTRAL,LONG,2023-12-13 02:55:00+00:00,2023-12-13 03:00:00+00:00,2023-12-13 03:00:00+00:00,2023-12-13 06:20:00+00:00,1.0788200000000001,1.0784200000000002,1.07942,1.07841,STOP,0.0004,-1.0250000000000536,-1.1500000000000536,-0.41000000000002146
N4_MICRO_BREAKOUT,NEUTRAL,SHORT,2024-01-02 02:55:00+00:00,2024-01-02 03:00:00+00:00,2024-01-02 03:00:00+00:00,2024-01-02 03:10:00+00:00,1.1018599999999998,1.1022599999999998,1.10126,1.1022699999999999,STOP,0.0004,-1.0250000000000536,-1.1500000000000536,-0.41000000000002146
N3_ANCHOR_REVERSION,NEUTRAL,LONG,2024-01-02 03:45:00+00:00,2024-01-02 03:50:00+00:00,2024-01-02 03:50:00+00:00,2024-01-02 04:05:00+00:00,1.1025200000000002,1.1021200000000002,1.10312,1.1021100000000001,STOP,0.0004,-1.0250000000000536,-1.1500000000000536,-0.41000000000002146
N4_MICRO_BREAKOUT,NEUTRAL,SHORT,2024-01-02 04:40:00+00:00,2024-01-02 04:45:00+00:00,2024-01-02 04:45:00+00:00,2024-01-02 04:55:00+00:00,1.1017299999999999,1.1021299999999998,1.10113,1.10214,STOP,0.0004,-1.0250000000000536,-1.1500000000000536,-0.41000000000002146
N3_ANCHOR_REVERSION,NEUTRAL,LONG,2024-01-02 04:55:00+00:00,2024-01-02 05:00:00+00:00,2024-01-02 05:00:00+00:00,2024-01-02 05:25:00+00:00,1.10216,1.10176,1.10276,1.10275,TARGET,0.0004,1.474999999999671,1.349999999999671,0.5899999999998684
N4_MICRO_BREAKOUT,NEUTRAL,LONG,2024-01-11 02:15:00+00:00,2024-01-11 02:20:00+00:00,2024-01-11 02:20:00+00:00,2024-01-11 02:20:00+00:00,1.09847,1.09807,1.09907,1.09806,STOP,0.0004,-1.0250000000000536,-1.1500000000000536,-0.41000000000002146
N3_ANCHOR_REVERSION,NEUTRAL,SHORT,2024-01-11 02:20:00+00:00,2024-01-11 02:25:00+00:00,2024-01-11 02:25:00+00:00,2024-01-11 06:00:00+00:00,1.09816,1.09856,1.09756,1.0975700000000002,TARGET,0.0004,1.474999999999671,1.349999999999671,0.5899999999998684
N1_ROLLING_SWEEP_FADE,NEUTRAL,SHORT,2024-01-11 06:35:00+00:00,2024-01-11 06:40:00+00:00,2024-01-11 06:40:00+00:00,2024-01-11 06:40:00+00:00,1.09846,1.09886,1.09786,1.09887,STOP,0.0004,-1.0250000000000536,-1.1500000000000536,-0.41000000000002146
N4_MICRO_BREAKOUT,NEUTRAL,LONG,2024-01-11 19:25:00+00:00,2024-01-11 19:30:00+00:00,2024-01-11 19:30:00+00:00,2024-01-11 19:30:00+00:00,1.09796,1.09756,1.09856,1.09755,STOP,0.0004,-1.0250000000000536,-1.1500000000000536,-0.41000000000002146
N3_ANCHOR_REVERSION,NEUTRAL,SHORT,2024-01-12 00:10:00+00:00,2024-01-12 00:15:00+00:00,2024-01-12 00:15:00+00:00,2024-01-12 01:00:00+00:00,1.09806,1.09846,1.09746,1.0974700000000002,TARGET,0.0004,1.474999999999671,1.349999999999671,0.5899999999998684
N1_ROLLING_SWEEP_FADE,NEUTRAL,LONG,2024-01-12 01:10:00+00:00,2024-01-12 01:15:00+00:00,2024-01-12 01:15:00+00:00,2024-01-12 01:35:00+00:00,1.0975000000000001,1.0971000000000002,1.0981,1.09809,TARGET,0.0004,1.474999999999671,1.349999999999671,0.5899999999998684
N1_ROLLING_SWEEP_FADE,NEUTRAL,SHORT,2024-01-12 01:55:00+00:00,2024-01-12 02:00:00+00:00,2024-01-12 02:00:00+00:00,2024-01-12 04:00:00+00:00,1.09825,1.09865,1.09765,1.09766,TARGET,0.0004,1.474999999999671,1.349999999999671,0.5899999999998684
N1_ROLLING_SWEEP_FADE,NEUTRAL,SHORT,2024-01-12 05:15:00+00:00,2024-01-12 05:20:00+00:00,2024-01-12 05:20:00+00:00,2024-01-12 07:00:00+00:00,1.09785,1.09825,1.09725,1.0972600000000001,TARGET,0.0004,1.474999999999671,1.349999999999671,0.5899999999998684
N4_MICRO_BREAKOUT,NEUTRAL,SHORT,2024-01-14 23:45:00+00:00,2024-01-14 23:50:00+00:00,2024-01-14 23:50:00+00:00,2024-01-15 00:30:00+00:00,1.0945099999999999,1.0949099999999998,1.09391,1.09492,STOP,0.0004,-1.0250000000000536,-1.1500000000000536,-0.41000000000002146
N1_ROLLING_SWEEP_FADE,NEUTRAL,SHORT,2024-01-15 00:35:00+00:00,2024-01-15 00:40:00+00:00,2024-01-15 00:40:00+00:00,2024-01-15 00:45:00+00:00,1.09482,1.0952199999999999,1.09422,1.09523,STOP,0.0004,-1.0250000000000536,-1.1500000000000536,-0.41000000000002146
N1_ROLLING_SWEEP_FADE,NEUTRAL,SHORT,2024-01-15 02:20:00+00:00,2024-01-15 02:25:00+00:00,2024-01-15 02:25:00+00:00,2024-01-15 02:55:00+00:00,1.09619,1.09659,1.09559,1.0966,STOP,0.0004,-1.0250000000000536,-1.1500000000000536,-0.41000000000002146
N1_ROLLING_SWEEP_FADE,NEUTRAL,SHORT,2024-01-15 03:00:00+00:00,2024-01-15 03:05:00+00:00,2024-01-15 03:05:00+00:00,2024-01-15 07:15:00+00:00,1.09652,1.09692,1.09592,1.09593,TARGET,0.0004,1.474999999999671,1.349999999999671,0.5899999999998684
N1_ROLLING_SWEEP_FADE,NEUTRAL,LONG,2024-01-24 18:15:00+00:00,2024-01-24 18:20:00+00:00,2024-01-24 18:20:00+00:00,2024-01-24 18:20:00+00:00,1.08955,1.08915,1.09015,1.08914,STOP,0.0004,-1.0250000000000536,-1.1500000000000536,-0.41000000000002146
N3_ANCHOR_REVERSION,NEUTRAL,LONG,2024-01-24 20:00:00+00:00,2024-01-24 20:05:00+00:00,2024-01-24 20:05:00+00:00,2024-01-24 20:15:00+00:00,1.08892,1.0885200000000002,1.08952,1.08851,STOP,0.0004,-1.0250000000000536,-1.1500000000000536,-0.41000000000002146
N4_MICRO_BREAKOUT,NEUTRAL,SHORT,2024-01-25 00:00:00+00:00,2024-01-25 00:05:00+00:00,2024-01-25 00:05:00+00:00,2024-01-25 00:55:00+00:00,1.08791,1.0883099999999999,1.08731,1.08732,TARGET,0.0004,1.474999999999671,1.349999999999671,0.5899999999998684
N4_MICRO_BREAKOUT,NEUTRAL,SHORT,2024-01-25 01:00:00+00:00,2024-01-25 01:05:00+00:00,2024-01-25 01:05:00+00:00,2024-01-25 01:30:00+00:00,1.0870499999999998,1.0874499999999998,1.08645,1.0874599999999999,STOP,0.0004,-1.0250000000000536,-1.1500000000000536,-0.41000000000002146
N1_ROLLING_SWEEP_FADE,NEUTRAL,SHORT,2024-01-25 03:05:00+00:00,2024-01-25 03:10:00+00:00,2024-01-25 03:10:00+00:00,2024-01-25 06:30:00+00:00,1.08801,1.0884099999999999,1.08741,1.08842,STOP,0.0004,-1.0250000000000536,-1.1500000000000536,-0.41000000000002146
N3_ANCHOR_REVERSION,NEUTRAL,SHORT,2024-01-25 21:55:00+00:00,2024-01-25 22:00:00+00:00,2024-01-25 22:00:00+00:00,2024-01-25 22:00:00+00:00,1.0844799999999999,1.0848799999999998,1.08388,1.08489,STOP,0.0004,-1.0250000000000536,-1.1500000000000536,-0.41000000000002146
N4_MICRO_BREAKOUT,NEUTRAL,SHORT,2024-01-26 00:20:00+00:00,2024-01-26 00:25:00+00:00,2024-01-26 00:25:00+00:00,2024-01-26 00:40:00+00:00,1.08387,1.0842699999999998,1.08327,1.08428,STOP,0.0004,-1.0250000000000536,-1.1500000000000536,-0.41000000000002146
N3_ANCHOR_REVERSION,NEUTRAL,SHORT,2024-01-26 02:40:00+00:00,2024-01-26 02:45:00+00:00,2024-01-26 02:45:00+00:00,2024-01-26 04:40:00+00:00,1.08469,1.0850899999999999,1.08409,1.0841,TARGET,0.0004,1.474999999999671,1.349999999999671,0.5899999999998684
N3_ANCHOR_REVERSION,NEUTRAL,LONG,2024-01-26 04:55:00+00:00,2024-01-26 05:00:00+00:00,2024-01-26 05:00:00+00:00,2024-01-26 06:10:00+00:00,1.08403,1.08363,1.08463,1.08362,STOP,0.0004,-1.0250000000000536,-1.1500000000000536,-0.41000000000002146
N3_ANCHOR_REVERSION,NEUTRAL,LONG,2024-01-29 14:15:00+00:00,2024-01-29 14:20:00+00:00,2024-01-29 14:20:00+00:00,2024-01-29 14:30:00+00:00,1.08125,1.08085,1.08185,1.08084,STOP,0.0004,-1.0250000000000536,-1.1500000000000536,-0.41000000000002146
N1_ROLLING_SWEEP_FADE,NEUTRAL,LONG,2024-01-29 14:35:00+00:00,2024-01-29 14:40:00+00:00,2024-01-29 14:40:00+00:00,2024-01-29 14:45:00+00:00,1.08097,1.08057,1.08157,1.08056,STOP,0.0004,-1.0250000000000536,-1.1500000000000536,-0.41000000000002146
N1_ROLLING_SWEEP_FADE,NEUTRAL,LONG,2024-01-29 15:25:00+00:00,2024-01-29 15:30:00+00:00,2024-01-29 15:30:00+00:00,2024-01-29 15:45:00+00:00,1.0802100000000001,1.0798100000000002,1.08081,1.0798,STOP,0.0004,-1.0250000000000536,-1.1500000000000536,-0.41000000000002146
N3_ANCHOR_REVERSION,NEUTRAL,LONG,2024-01-29 15:50:00+00:00,2024-01-29 15:55:00+00:00,2024-01-29 15:55:00+00:00,2024-01-29 16:00:00+00:00,1.0800100000000001,1.0796100000000002,1.08061,1.0796000000000001,STOP,0.0004,-1.0250000000000536,-1.1500000000000536,-0.41000000000002146
N3_ANCHOR_REVERSION,NEUTRAL,SHORT,2024-01-30 00:05:00+00:00,2024-01-30 00:10:00+00:00,2024-01-30 00:10:00+00:00,2024-01-30 00:25:00+00:00,1.08347,1.08387,1.08287,1.08388,STOP,0.0004,-1.0250000000000536,-1.1500000000000536,-0.41000000000002146
N1_ROLLING_SWEEP_FADE,NEUTRAL,SHORT,2024-01-30 00:35:00+00:00,2024-01-30 00:40:00+00:00,2024-01-30 00:40:00+00:00,2024-01-30 00:45:00+00:00,1.08375,1.08415,1.08315,1.08416,STOP,0.0004,-1.0250000000000536,-1.1500000000000536,-0.41000000000002146
N3_ANCHOR_REVERSION,NEUTRAL,SHORT,2024-01-30 00:55:00+00:00,2024-01-30 01:00:00+00:00,2024-01-30 01:00:00+00:00,2024-01-30 01:05:00+00:00,1.08406,1.08446,1.08346,1.0834700000000002,TARGET,0.0004,1.474999999999671,1.349999999999671,0.5899999999998684
N1_ROLLING_SWEEP_FADE,NEUTRAL,LONG,2024-01-30 01:05:00+00:00,2024-01-30 01:10:00+00:00,2024-01-30 01:10:00+00:00,2024-01-30 01:15:00+00:00,1.0838,1.0834000000000001,1.0844,1.08339,STOP,0.0004,-1.0250000000000536,-1.1500000000000536,-0.41000000000002146
N2_ASIA_RANGE_FADE,NEUTRAL,LONG,2024-01-31 07:55:00+00:00,2024-01-31 08:00:00+00:00,2024-01-31 08:00:00+00:00,2024-01-31 08:05:00+00:00,1.0816700000000001,1.0812700000000002,1.08227,1.08126,STOP,0.0004,-1.0250000000000536,-1.1500000000000536,-0.41000000000002146
N3_ANCHOR_REVERSION,NEUTRAL,LONG,2024-01-31 08:10:00+00:00,2024-01-31 08:15:00+00:00,2024-01-31 08:15:00+00:00,2024-01-31 08:15:00+00:00,1.08132,1.08092,1.08192,1.08091,STOP,0.0004,-1.0250000000000536,-1.1500000000000536,-0.41000000000002146
N2_ASIA_RANGE_FADE,NEUTRAL,LONG,2024-01-31 08:20:00+00:00,2024-01-31 08:25:00+00:00,2024-01-31 08:25:00+00:00,2024-01-31 09:00:00+00:00,1.0820400000000001,1.0816400000000002,1.08264,1.08163,STOP,0.0004,-1.0250000000000536,-1.1500000000000536,-0.41000000000002146
N1_ROLLING_SWEEP_FADE,NEUTRAL,SHORT,2024-01-31 19:00:00+00:00,2024-01-31 19:05:00+00:00,2024-01-31 19:05:00+00:00,2024-01-31 19:05:00+00:00,1.08243,1.08283,1.08183,1.08284,STOP,0.0004,-1.0250000000000536,-1.1500000000000536,-0.41000000000002146
N1_ROLLING_SWEEP_FADE,NEUTRAL,LONG,2024-02-01 04:15:00+00:00,2024-02-01 04:20:00+00:00,2024-02-01 04:20:00+00:00,2024-02-01 04:20:00+00:00,1.0814000000000001,1.0810000000000002,1.082,1.0809900000000001,STOP,0.0004,-1.0250000000000536,-1.1500000000000536,-0.41000000000002146
N1_ROLLING_SWEEP_FADE,NEUTRAL,LONG,2024-02-01 04:35:00+00:00,2024-02-01 04:40:00+00:00,2024-02-01 04:40:00+00:00,2024-02-01 05:05:00+00:00,1.08088,1.08048,1.08148,1.08047,STOP,0.0004,-1.0250000000000536,-1.1500000000000536,-0.41000000000002146
N4_MICRO_BREAKOUT,NEUTRAL,SHORT,2024-02-01 06:15:00+00:00,2024-02-01 06:20:00+00:00,2024-02-01 06:20:00+00:00,2024-02-01 06:40:00+00:00,1.07999,1.08039,1.07939,1.0804,STOP,0.0004,-1.0250000000000536,-1.1500000000000536,-0.41000000000002146
N3_ANCHOR_REVERSION,NEUTRAL,LONG,2024-02-01 06:50:00+00:00,2024-02-01 06:55:00+00:00,2024-02-01 06:55:00+00:00,2024-02-01 06:55:00+00:00,1.08017,1.0797700000000001,1.08077,1.07976,STOP,0.0004,-1.0250000000000536,-1.1500000000000536,-0.41000000000002146
N3_ANCHOR_REVERSION,NEUTRAL,LONG,2024-02-02 18:30:00+00:00,2024-02-02 18:35:00+00:00,2024-02-02 18:35:00+00:00,2024-02-02 19:15:00+00:00,1.0785600000000002,1.0781600000000002,1.0791600000000001,1.07915,TARGET,0.0004,1.474999999999671,1.349999999999671,0.5899999999998684
N1_ROLLING_SWEEP_FADE,NEUTRAL,SHORT,2024-02-02 19:15:00+00:00,2024-02-02 19:20:00+00:00,2024-02-02 19:20:00+00:00,2024-02-02 19:45:00+00:00,1.07903,1.07943,1.07843,1.07944,STOP,0.0004,-1.0250000000000536,-1.1500000000000536,-0.41000000000002146
N1_ROLLING_SWEEP_FADE,NEUTRAL,SHORT,2024-02-02 19:45:00+00:00,2024-02-02 19:50:00+00:00,2024-02-02 19:50:00+00:00,2024-02-02 20:00:00+00:00,1.07911,1.07951,1.07851,1.07952,STOP,0.0004,-1.0250000000000536,-1.1500000000000536,-0.41000000000002146
N4_MICRO_BREAKOUT,NEUTRAL,SHORT,2024-02-04 22:55:00+00:00,2024-02-04 23:00:00+00:00,2024-02-04 23:00:00+00:00,2024-02-04 23:00:00+00:00,1.07798,1.07838,1.07738,1.07839,STOP,0.0004,-1.0250000000000536,-1.1500000000000536,-0.41000000000002146
N3_ANCHOR_REVERSION,NEUTRAL,LONG,2024-02-04 23:30:00+00:00,2024-02-04 23:35:00+00:00,2024-02-04 23:35:00+00:00,2024-02-05 00:00:00+00:00,1.0778,1.0774000000000001,1.0784,1.07739,STOP,0.0004,-1.0250000000000536,-1.1500000000000536,-0.41000000000002146
N3_ANCHOR_REVERSION,NEUTRAL,LONG,2024-02-05 00:20:00+00:00,2024-02-05 00:25:00+00:00,2024-02-05 00:25:00+00:00,2024-02-05 00:25:00+00:00,1.0776700000000001,1.0772700000000002,1.07827,1.07726,STOP,0.0004,-1.0250000000000536,-1.1500000000000536,-0.41000000000002146
N4_MICRO_BREAKOUT,NEUTRAL,SHORT,2024-02-05 00:30:00+00:00,2024-02-05 00:35:00+00:00,2024-02-05 00:35:00+00:00,2024-02-05 00:50:00+00:00,1.0769799999999998,1.0773799999999998,1.07638,1.0773899999999998,STOP,0.0004,-1.0250000000000536,-1.1500000000000536,-0.41000000000002146
N3_ANCHOR_REVERSION,NEUTRAL,LONG,2024-02-05 01:00:00+00:00,2024-02-05 01:05:00+00:00,2024-02-05 01:05:00+00:00,2024-02-05 01:15:00+00:00,1.0775400000000002,1.0771400000000002,1.07814,1.0771300000000001,STOP,0.0004,-1.0250000000000536,-1.1500000000000536,-0.41000000000002146
N1_ROLLING_SWEEP_FADE,NEUTRAL,SHORT,2024-02-05 02:00:00+00:00,2024-02-05 02:05:00+00:00,2024-02-05 02:05:00+00:00,2024-02-05 05:55:00+00:00,1.0778299999999998,1.0782299999999998,1.07723,1.0782399999999999,STOP,0.0004,-1.0250000000000536,-1.1500000000000536,-0.41000000000002146
N3_ANCHOR_REVERSION,NEUTRAL,LONG,2024-02-12 10:25:00+00:00,2024-02-12 10:30:00+00:00,2024-02-12 10:30:00+00:00,2024-02-12 11:10:00+00:00,1.0775400000000002,1.0771400000000002,1.07814,1.0771300000000001,STOP,0.0004,-1.0250000000000536,-1.1500000000000536,-0.41000000000002146
N3_ANCHOR_REVERSION,NEUTRAL,LONG,2024-02-12 12:05:00+00:00,2024-02-12 12:10:00+00:00,2024-02-12 12:10:00+00:00,2024-02-12 12:40:00+00:00,1.07702,1.0766200000000001,1.07762,1.07661,STOP,0.0004,-1.0250000000000536,-1.1500000000000536,-0.41000000000002146
N3_ANCHOR_REVERSION,NEUTRAL,LONG,2024-02-12 12:45:00+00:00,2024-02-12 12:50:00+00:00,2024-02-12 12:50:00+00:00,2024-02-12 13:45:00+00:00,1.07685,1.0764500000000001,1.07745,1.07644,STOP,0.0004,-1.0250000000000536,-1.1500000000000536,-0.41000000000002146
N4_MICRO_BREAKOUT,NEUTRAL,SHORT,2024-02-12 13:45:00+00:00,2024-02-12 13:50:00+00:00,2024-02-12 13:50:00+00:00,2024-02-12 14:00:00+00:00,1.07639,1.07679,1.07579,1.0768,STOP,0.0004,-1.0250000000000536,-1.1500000000000536,-0.41000000000002146
N1_ROLLING_SWEEP_FADE,NEUTRAL,SHORT,2024-02-16 18:00:00+00:00,2024-02-16 18:05:00+00:00,2024-02-16 18:05:00+00:00,2024-02-16 18:40:00+00:00,1.07762,1.07802,1.07702,1.07803,STOP,0.0004,-1.0250000000000536,-1.1500000000000536,-0.41000000000002146
N3_ANCHOR_REVERSION,NEUTRAL,SHORT,2024-02-16 19:35:00+00:00,2024-02-16 19:40:00+00:00,2024-02-16 19:40:00+00:00,2024-02-16 20:45:00+00:00,1.07803,1.07843,1.07743,1.0774400000000002,TARGET,0.0004,1.474999999999671,1.349999999999671,0.5899999999998684
N1_ROLLING_SWEEP_FADE,NEUTRAL,LONG,2024-02-16 20:50:00+00:00,2024-02-16 20:55:00+00:00,2024-02-16 20:55:00+00:00,2024-02-16 21:55:00+00:00,1.07753,1.0771300000000001,1.07813,1.07748,TIME_12H,0.0004,-0.1250000000002638,-0.2500000000002638,-0.050000000000105516
N1_ROLLING_SWEEP_FADE,NEUTRAL,SHORT,2024-02-18 23:55:00+00:00,2024-02-19 00:00:00+00:00,2024-02-19 00:00:00+00:00,2024-02-19 00:10:00+00:00,1.0783699999999998,1.0787699999999998,1.07777,1.0787799999999999,STOP,0.0004,-1.0250000000000536,-1.1500000000000536,-0.41000000000002146
N1_ROLLING_SWEEP_FADE,NEUTRAL,SHORT,2024-02-19 00:25:00+00:00,2024-02-19 00:30:00+00:00,2024-02-19 00:30:00+00:00,2024-02-19 01:35:00+00:00,1.07876,1.07916,1.07816,1.07817,TARGET,0.0004,1.474999999999671,1.349999999999671,0.5899999999998684
N4_MICRO_BREAKOUT,NEUTRAL,SHORT,2024-02-19 03:45:00+00:00,2024-02-19 03:50:00+00:00,2024-02-19 03:50:00+00:00,2024-02-19 05:30:00+00:00,1.07777,1.0781699999999999,1.07717,1.07818,STOP,0.0004,-1.0250000000000536,-1.1500000000000536,-0.41000000000002146
N4_MICRO_BREAKOUT,NEUTRAL,LONG,2024-02-19 05:35:00+00:00,2024-02-19 05:40:00+00:00,2024-02-19 05:40:00+00:00,2024-02-19 07:15:00+00:00,1.07833,1.07793,1.07893,1.0789199999999999,TARGET,0.0004,1.474999999999671,1.349999999999671,0.5899999999998684
N3_ANCHOR_REVERSION,NEUTRAL,SHORT,2024-02-20 11:00:00+00:00,2024-02-20 11:05:00+00:00,2024-02-20 11:05:00+00:00,2024-02-20 11:25:00+00:00,1.0801999999999998,1.0805999999999998,1.0796,1.07961,TARGET,0.0004,1.474999999999671,1.349999999999671,0.5899999999998684
N3_ANCHOR_REVERSION,NEUTRAL,SHORT,2024-02-20 11:55:00+00:00,2024-02-20 12:00:00+00:00,2024-02-20 12:00:00+00:00,2024-02-20 12:20:00+00:00,1.0798299999999998,1.0802299999999998,1.07923,1.0802399999999999,STOP,0.0004,-1.0250000000000536,-1.1500000000000536,-0.41000000000002146
N3_ANCHOR_REVERSION,NEUTRAL,SHORT,2024-02-20 12:40:00+00:00,2024-02-20 12:45:00+00:00,2024-02-20 12:45:00+00:00,2024-02-20 13:10:00+00:00,1.08016,1.08056,1.07956,1.08057,STOP,0.0004,-1.0250000000000536,-1.1500000000000536,-0.41000000000002146
N4_MICRO_BREAKOUT,NEUTRAL,LONG,2024-02-20 13:30:00+00:00,2024-02-20 13:35:00+00:00,2024-02-20 13:35:00+00:00,2024-02-20 13:45:00+00:00,1.08139,1.0809900000000001,1.08199,1.08198,TARGET,0.0004,1.474999999999671,1.349999999999671,0.5899999999998684
N1_ROLLING_SWEEP_FADE,NEUTRAL,LONG,2024-02-21 01:20:00+00:00,2024-02-21 01:25:00+00:00,2024-02-21 01:25:00+00:00,2024-02-21 02:00:00+00:00,1.08078,1.0803800000000001,1.08138,1.08137,TARGET,0.0004,1.474999999999671,1.349999999999671,0.5899999999998684
N4_MICRO_BREAKOUT,NEUTRAL,LONG,2024-02-21 02:05:00+00:00,2024-02-21 02:10:00+00:00,2024-02-21 02:10:00+00:00,2024-02-21 06:10:00+00:00,1.0816100000000002,1.0812100000000002,1.0822100000000001,1.0812000000000002,STOP,0.0004,-1.0250000000000536,-1.1500000000000536,-0.41000000000002146
N1_ROLLING_SWEEP_FADE,NEUTRAL,LONG,2024-02-21 16:05:00+00:00,2024-02-21 16:10:00+00:00,2024-02-21 16:10:00+00:00,2024-02-21 16:30:00+00:00,1.0810000000000002,1.0806000000000002,1.0816000000000001,1.08159,TARGET,0.0004,1.474999999999671,1.349999999999671,0.5899999999998684
N4_MICRO_BREAKOUT,NEUTRAL,LONG,2024-02-21 16:30:00+00:00,2024-02-21 16:35:00+00:00,2024-02-21 16:35:00+00:00,2024-02-21 17:05:00+00:00,1.08172,1.08132,1.08232,1.08131,STOP,0.0004,-1.0250000000000536,-1.1500000000000536,-0.41000000000002146
N3_ANCHOR_REVERSION,NEUTRAL,SHORT,2024-02-22 05:55:00+00:00,2024-02-22 06:00:00+00:00,2024-02-22 06:00:00+00:00,2024-02-22 06:10:00+00:00,1.0833,1.0836999999999999,1.0827,1.08371,STOP,0.0004,-1.0250000000000536,-1.1500000000000536,-0.41000000000002146
N3_ANCHOR_REVERSION,NEUTRAL,SHORT,2024-02-22 06:15:00+00:00,2024-02-22 06:20:00+00:00,2024-02-22 06:20:00+00:00,2024-02-22 06:50:00+00:00,1.08358,1.08398,1.08298,1.08399,STOP,0.0004,-1.0250000000000536,-1.1500000000000536,-0.41000000000002146
N4_MICRO_BREAKOUT,NEUTRAL,LONG,2024-02-22 08:00:00+00:00,2024-02-22 08:05:00+00:00,2024-02-22 08:05:00+00:00,2024-02-22 08:15:00+00:00,1.08576,1.08536,1.08636,1.08635,TARGET,0.0004,1.474999999999671,1.349999999999671,0.5899999999998684
N3_ANCHOR_REVERSION,NEUTRAL,SHORT,2024-02-22 08:30:00+00:00,2024-02-22 08:35:00+00:00,2024-02-22 08:35:00+00:00,2024-02-22 08:35:00+00:00,1.0865799999999999,1.0869799999999998,1.08598,1.08699,STOP,0.0004,-1.0250000000000536,-1.1500000000000536,-0.41000000000002146
N3_ANCHOR_REVERSION,NEUTRAL,SHORT,2024-02-23 00:15:00+00:00,2024-02-23 00:20:00+00:00,2024-02-23 00:20:00+00:00,2024-02-23 00:35:00+00:00,1.0826799999999999,1.0830799999999998,1.08208,1.08209,TARGET,0.0004,1.474999999999671,1.349999999999671,0.5899999999998684
N1_ROLLING_SWEEP_FADE,NEUTRAL,SHORT,2024-02-23 01:10:00+00:00,2024-02-23 01:15:00+00:00,2024-02-23 01:15:00+00:00,2024-02-23 01:40:00+00:00,1.08262,1.0830199999999999,1.08202,1.08303,STOP,0.0004,-1.0250000000000536,-1.1500000000000536,-0.41000000000002146
N4_MICRO_BREAKOUT,NEUTRAL,LONG,2024-02-23 01:40:00+00:00,2024-02-23 01:45:00+00:00,2024-02-23 01:45:00+00:00,2024-02-23 01:55:00+00:00,1.08312,1.0827200000000001,1.08372,1.08271,STOP,0.0004,-1.0250000000000536,-1.1500000000000536,-0.41000000000002146
N1_ROLLING_SWEEP_FADE,NEUTRAL,LONG,2024-02-23 02:35:00+00:00,2024-02-23 02:40:00+00:00,2024-02-23 02:40:00+00:00,2024-02-23 05:50:00+00:00,1.0826200000000001,1.0822200000000002,1.08322,1.0822100000000001,STOP,0.0004,-1.0250000000000536,-1.1500000000000536,-0.41000000000002146
N1_ROLLING_SWEEP_FADE,NEUTRAL,LONG,2024-02-28 07:00:00+00:00,2024-02-28 07:05:00+00:00,2024-02-28 07:05:00+00:00,2024-02-28 07:20:00+00:00,1.08246,1.08206,1.08306,1.08205,STOP,0.0004,-1.0250000000000536,-1.1500000000000536,-0.41000000000002146
N4_MICRO_BREAKOUT,NEUTRAL,SHORT,2024-02-28 07:20:00+00:00,2024-02-28 07:25:00+00:00,2024-02-28 07:25:00+00:00,2024-02-28 07:55:00+00:00,1.08204,1.0824399999999998,1.08144,1.08245,STOP,0.0004,-1.0250000000000536,-1.1500000000000536,-0.41000000000002146
N4_MICRO_BREAKOUT,NEUTRAL,SHORT,2024-02-28 08:20:00+00:00,2024-02-28 08:25:00+00:00,2024-02-28 08:25:00+00:00,2024-02-28 08:35:00+00:00,1.0815299999999999,1.0819299999999998,1.08093,1.08194,STOP,0.0004,-1.0250000000000536,-1.1500000000000536,-0.41000000000002146
N4_MICRO_BREAKOUT,NEUTRAL,SHORT,2024-02-28 08:50:00+00:00,2024-02-28 08:55:00+00:00,2024-02-28 08:55:00+00:00,2024-02-28 09:00:00+00:00,1.08083,1.08123,1.08023,1.08124,STOP,0.0004,-1.0250000000000536,-1.1500000000000536,-0.41000000000002146
N1_ROLLING_SWEEP_FADE,NEUTRAL,SHORT,2024-02-29 01:35:00+00:00,2024-02-29 01:40:00+00:00,2024-02-29 01:40:00+00:00,2024-02-29 01:50:00+00:00,1.0838999999999999,1.0842999999999998,1.0833,1.08331,TARGET,0.0004,1.474999999999671,1.349999999999671,0.5899999999998684
N4_MICRO_BREAKOUT,NEUTRAL,SHORT,2024-02-29 01:50:00+00:00,2024-02-29 01:55:00+00:00,2024-02-29 01:55:00+00:00,2024-02-29 02:25:00+00:00,1.08311,1.08351,1.08251,1.08352,STOP,0.0004,-1.0250000000000536,-1.1500000000000536,-0.41000000000002146
N3_ANCHOR_REVERSION,NEUTRAL,LONG,2024-02-29 18:45:00+00:00,2024-02-29 18:50:00+00:00,2024-02-29 18:50:00+00:00,2024-02-29 19:40:00+00:00,1.0808,1.0804,1.0814,1.08039,STOP,0.0004,-1.0250000000000536,-1.1500000000000536,-0.41000000000002146
N4_MICRO_BREAKOUT,NEUTRAL,SHORT,2024-02-29 19:40:00+00:00,2024-02-29 19:45:00+00:00,2024-02-29 19:45:00+00:00,2024-02-29 20:00:00+00:00,1.08019,1.08059,1.07959,1.0806,STOP,0.0004,-1.0250000000000536,-1.1500000000000536,-0.41000000000002146
N3_ANCHOR_REVERSION,NEUTRAL,SHORT,2024-03-01 00:25:00+00:00,2024-03-01 00:30:00+00:00,2024-03-01 00:30:00+00:00,2024-03-01 00:50:00+00:00,1.08074,1.08114,1.08014,1.08115,STOP,0.0004,-1.0250000000000536,-1.1500000000000536,-0.41000000000002146
N4_MICRO_BREAKOUT,NEUTRAL,LONG,2024-03-01 00:50:00+00:00,2024-03-01 00:55:00+00:00,2024-03-01 00:55:00+00:00,2024-03-01 01:45:00+00:00,1.08121,1.08081,1.08181,1.0817999999999999,TARGET,0.0004,1.474999999999671,1.349999999999671,0.5899999999998684
N4_MICRO_BREAKOUT,NEUTRAL,LONG,2024-03-01 01:45:00+00:00,2024-03-01 01:50:00+00:00,2024-03-01 01:50:00+00:00,2024-03-01 04:20:00+00:00,1.0818800000000002,1.0814800000000002,1.08248,1.0814700000000002,STOP,0.0004,-1.0250000000000536,-1.1500000000000536,-0.41000000000002146
N3_ANCHOR_REVERSION,NEUTRAL,LONG,2024-03-01 05:25:00+00:00,2024-03-01 05:30:00+00:00,2024-03-01 05:30:00+00:00,2024-03-01 06:35:00+00:00,1.08129,1.0808900000000001,1.08189,1.08088,STOP,0.0004,-1.0250000000000536,-1.1500000000000536,-0.41000000000002146
N1_ROLLING_SWEEP_FADE,NEUTRAL,SHORT,2024-03-01 21:55:00+00:00,2024-03-01 22:00:00+00:00,2024-03-03 22:00:00+00:00,2024-03-03 22:00:00+00:00,1.08358,1.08398,1.08298,1.08417,STOP,0.0004,-1.4750000000002261,-1.6000000000002261,-0.5900000000000905
N3_ANCHOR_REVERSION,NEUTRAL,SHORT,2024-03-04 00:45:00+00:00,2024-03-04 00:50:00+00:00,2024-03-04 00:50:00+00:00,2024-03-04 01:40:00+00:00,1.0847099999999998,1.0851099999999998,1.08411,1.08412,TARGET,0.0004,1.474999999999671,1.349999999999671,0.5899999999998684
N1_ROLLING_SWEEP_FADE,NEUTRAL,LONG,2024-03-04 05:50:00+00:00,2024-03-04 05:55:00+00:00,2024-03-04 05:55:00+00:00,2024-03-04 07:05:00+00:00,1.0845,1.0841,1.0851,1.0850899999999999,TARGET,0.0004,1.474999999999671,1.349999999999671,0.5899999999998684
N3_ANCHOR_REVERSION,NEUTRAL,SHORT,2024-03-12 20:55:00+00:00,2024-03-12 21:00:00+00:00,2024-03-12 21:00:00+00:00,2024-03-12 23:25:00+00:00,1.09256,1.09296,1.09196,1.09297,STOP,0.0004,-1.0250000000000536,-1.1500000000000536,-0.41000000000002146
N1_ROLLING_SWEEP_FADE,NEUTRAL,SHORT,2024-03-12 23:25:00+00:00,2024-03-12 23:30:00+00:00,2024-03-12 23:30:00+00:00,2024-03-13 07:10:00+00:00,1.09274,1.09314,1.09214,1.09315,STOP,0.0004,-1.0250000000000536,-1.1500000000000536,-0.41000000000002146
N3_ANCHOR_REVERSION,NEUTRAL,SHORT,2024-03-13 17:15:00+00:00,2024-03-13 17:20:00+00:00,2024-03-13 17:20:00+00:00,2024-03-13 17:40:00+00:00,1.09572,1.09612,1.09512,1.09613,STOP,0.0004,-1.0250000000000536,-1.1500000000000536,-0.41000000000002146
N3_ANCHOR_REVERSION,NEUTRAL,LONG,2024-03-13 19:35:00+00:00,2024-03-13 19:40:00+00:00,2024-03-13 19:40:00+00:00,2024-03-14 00:00:00+00:00,1.0948200000000001,1.0944200000000002,1.09542,1.09541,TARGET,0.0004,1.474999999999671,1.349999999999671,0.5899999999998684
N1_ROLLING_SWEEP_FADE,NEUTRAL,SHORT,2024-03-14 00:00:00+00:00,2024-03-14 00:05:00+00:00,2024-03-14 00:05:00+00:00,2024-03-14 02:50:00+00:00,1.0951199999999999,1.0955199999999998,1.09452,1.09453,TARGET,0.0004,1.474999999999671,1.349999999999671,0.5899999999998684
N3_ANCHOR_REVERSION,NEUTRAL,LONG,2024-03-14 15:55:00+00:00,2024-03-14 16:00:00+00:00,2024-03-14 16:00:00+00:00,2024-03-14 17:30:00+00:00,1.08884,1.08844,1.08944,1.08843,STOP,0.0004,-1.0250000000000536,-1.1500000000000536,-0.41000000000002146
N3_ANCHOR_REVERSION,NEUTRAL,LONG,2024-03-14 18:30:00+00:00,2024-03-14 18:35:00+00:00,2024-03-14 18:35:00+00:00,2024-03-14 19:10:00+00:00,1.08871,1.08831,1.08931,1.0883,STOP,0.0004,-1.0250000000000536,-1.1500000000000536,-0.41000000000002146
N1_ROLLING_SWEEP_FADE,NEUTRAL,LONG,2024-03-14 19:35:00+00:00,2024-03-14 19:40:00+00:00,2024-03-14 19:40:00+00:00,2024-03-14 19:55:00+00:00,1.0883,1.0879,1.0889,1.08889,TARGET,0.0004,1.474999999999671,1.349999999999671,0.5899999999998684
N4_MICRO_BREAKOUT,NEUTRAL,LONG,2024-03-21 01:05:00+00:00,2024-03-21 01:10:00+00:00,2024-03-21 01:10:00+00:00,2024-03-21 01:35:00+00:00,1.09383,1.0934300000000001,1.09443,1.09342,STOP,0.0004,-1.0250000000000536,-1.1500000000000536,-0.41000000000002146
N1_ROLLING_SWEEP_FADE,NEUTRAL,SHORT,2024-03-21 05:35:00+00:00,2024-03-21 05:40:00+00:00,2024-03-21 05:40:00+00:00,2024-03-21 06:05:00+00:00,1.09338,1.09378,1.09278,1.09379,STOP,0.0004,-1.0250000000000536,-1.1500000000000536,-0.41000000000002146
N4_MICRO_BREAKOUT,NEUTRAL,LONG,2024-03-21 06:05:00+00:00,2024-03-21 06:10:00+00:00,2024-03-21 06:10:00+00:00,2024-03-21 07:20:00+00:00,1.09379,1.09339,1.09439,1.09338,STOP,0.0004,-1.0250000000000536,-1.1500000000000536,-0.41000000000002146
N1_ROLLING_SWEEP_FADE,NEUTRAL,LONG,2024-03-21 07:20:00+00:00,2024-03-21 07:25:00+00:00,2024-03-21 07:25:00+00:00,2024-03-21 07:35:00+00:00,1.09359,1.09319,1.09419,1.09318,STOP,0.0004,-1.0250000000000536,-1.1500000000000536,-0.41000000000002146
N3_ANCHOR_REVERSION,NEUTRAL,LONG,2024-03-22 04:55:00+00:00,2024-03-22 05:00:00+00:00,2024-03-22 05:00:00+00:00,2024-03-22 05:50:00+00:00,1.0834000000000001,1.0830000000000002,1.084,1.08399,TARGET,0.0004,1.474999999999671,1.349999999999671,0.5899999999998684
N1_ROLLING_SWEEP_FADE,NEUTRAL,LONG,2024-03-22 11:50:00+00:00,2024-03-22 11:55:00+00:00,2024-03-22 11:55:00+00:00,2024-03-22 12:15:00+00:00,1.08155,1.08115,1.08215,1.0821399999999999,TARGET,0.0004,1.474999999999671,1.349999999999671,0.5899999999998684
N4_MICRO_BREAKOUT,NEUTRAL,LONG,2024-03-22 12:40:00+00:00,2024-03-22 12:45:00+00:00,2024-03-22 12:45:00+00:00,2024-03-22 12:50:00+00:00,1.0830300000000002,1.0826300000000002,1.08363,1.0826200000000001,STOP,0.0004,-1.0250000000000536,-1.1500000000000536,-0.41000000000002146
N1_ROLLING_SWEEP_FADE,NEUTRAL,SHORT,2024-03-22 14:00:00+00:00,2024-03-22 14:05:00+00:00,2024-03-22 14:05:00+00:00,2024-03-22 14:15:00+00:00,1.08283,1.08323,1.08223,1.08224,TARGET,0.0004,1.474999999999671,1.349999999999671,0.5899999999998684
N3_ANCHOR_REVERSION,NEUTRAL,SHORT,2024-03-25 15:55:00+00:00,2024-03-25 16:00:00+00:00,2024-03-25 16:00:00+00:00,2024-03-25 19:30:00+00:00,1.08365,1.08405,1.08305,1.08406,STOP,0.0004,-1.0250000000000536,-1.1500000000000536,-0.41000000000002146
N3_ANCHOR_REVERSION,NEUTRAL,SHORT,2024-03-25 19:50:00+00:00,2024-03-25 19:55:00+00:00,2024-03-25 19:55:00+00:00,2024-03-26 00:55:00+00:00,1.08391,1.0843099999999999,1.08331,1.08432,STOP,0.0004,-1.0250000000000536,-1.1500000000000536,-0.41000000000002146
N3_ANCHOR_REVERSION,NEUTRAL,LONG,2024-03-26 16:00:00+00:00,2024-03-26 16:05:00+00:00,2024-03-26 16:05:00+00:00,2024-03-26 16:10:00+00:00,1.08324,1.08284,1.08384,1.08283,STOP,0.0004,-1.0250000000000536,-1.1500000000000536,-0.41000000000002146
N3_ANCHOR_REVERSION,NEUTRAL,LONG,2024-03-26 17:00:00+00:00,2024-03-26 17:05:00+00:00,2024-03-26 17:05:00+00:00,2024-03-27 00:30:00+00:00,1.0832300000000001,1.0828300000000002,1.08383,1.0828200000000001,STOP,0.0004,-1.0250000000000536,-1.1500000000000536,-0.41000000000002146
N3_ANCHOR_REVERSION,NEUTRAL,LONG,2024-03-27 00:35:00+00:00,2024-03-27 00:40:00+00:00,2024-03-27 00:40:00+00:00,2024-03-27 01:20:00+00:00,1.08295,1.0825500000000001,1.08355,1.08254,STOP,0.0004,-1.0250000000000536,-1.1500000000000536,-0.41000000000002146
N4_MICRO_BREAKOUT,NEUTRAL,SHORT,2024-03-27 01:20:00+00:00,2024-03-27 01:25:00+00:00,2024-03-27 01:25:00+00:00,2024-03-27 04:05:00+00:00,1.0824799999999999,1.0828799999999998,1.08188,1.08289,STOP,0.0004,-1.0250000000000536,-1.1500000000000536,-0.41000000000002146
N4_MICRO_BREAKOUT,NEUTRAL,SHORT,2024-03-27 05:50:00+00:00,2024-03-27 05:55:00+00:00,2024-03-27 05:55:00+00:00,2024-03-27 06:10:00+00:00,1.08256,1.08296,1.08196,1.08297,STOP,0.0004,-1.0250000000000536,-1.1500000000000536,-0.41000000000002146
N3_ANCHOR_REVERSION,NEUTRAL,LONG,2024-03-28 09:25:00+00:00,2024-03-28 09:30:00+00:00,2024-03-28 09:30:00+00:00,2024-03-28 09:50:00+00:00,1.0780500000000002,1.0776500000000002,1.07865,1.0776400000000002,STOP,0.0004,-1.0250000000000536,-1.1500000000000536,-0.41000000000002146
N3_ANCHOR_REVERSION,NEUTRAL,LONG,2024-03-28 10:00:00+00:00,2024-03-28 10:05:00+00:00,2024-03-28 10:05:00+00:00,2024-03-28 10:15:00+00:00,1.0777,1.0773000000000001,1.0783,1.07829,TARGET,0.0004,1.474999999999671,1.349999999999671,0.5899999999998684
N3_ANCHOR_REVERSION,NEUTRAL,LONG,2024-03-28 12:00:00+00:00,2024-03-28 12:05:00+00:00,2024-03-28 12:05:00+00:00,2024-03-28 12:40:00+00:00,1.0786900000000001,1.0782900000000002,1.07929,1.07928,TARGET,0.0004,1.474999999999671,1.349999999999671,0.5899999999998684
N4_MICRO_BREAKOUT,NEUTRAL,LONG,2024-03-28 12:50:00+00:00,2024-03-28 12:55:00+00:00,2024-03-28 12:55:00+00:00,2024-03-28 12:55:00+00:00,1.07975,1.07935,1.08035,1.0803399999999999,TARGET,0.0004,1.474999999999671,1.349999999999671,0.5899999999998684
N3_ANCHOR_REVERSION,NEUTRAL,LONG,2024-03-29 00:35:00+00:00,2024-03-29 00:40:00+00:00,2024-03-29 00:40:00+00:00,2024-03-29 01:25:00+00:00,1.07864,1.07824,1.07924,1.07823,STOP,0.0004,-1.0250000000000536,-1.1500000000000536,-0.41000000000002146
N3_ANCHOR_REVERSION,NEUTRAL,LONG,2024-03-29 02:10:00+00:00,2024-03-29 02:15:00+00:00,2024-03-29 02:15:00+00:00,2024-03-29 07:50:00+00:00,1.0777700000000001,1.0773700000000002,1.07837,1.07736,STOP,0.0004,-1.0250000000000536,-1.1500000000000536,-0.41000000000002146
N4_MICRO_BREAKOUT,NEUTRAL,SHORT,2024-03-29 07:50:00+00:00,2024-03-29 07:55:00+00:00,2024-03-29 07:55:00+00:00,2024-03-29 08:20:00+00:00,1.07693,1.07733,1.07633,1.07734,STOP,0.0004,-1.0250000000000536,-1.1500000000000536,-0.41000000000002146
N2_ASIA_RANGE_FADE,NEUTRAL,LONG,2024-03-29 08:35:00+00:00,2024-03-29 08:40:00+00:00,2024-03-29 08:40:00+00:00,2024-03-29 09:55:00+00:00,1.0775100000000002,1.0771100000000002,1.0781100000000001,1.0781,TARGET,0.0004,1.474999999999671,1.349999999999671,0.5899999999998684
N4_MICRO_BREAKOUT,NEUTRAL,LONG,2024-03-31 22:00:00+00:00,2024-03-31 22:05:00+00:00,2024-03-31 22:05:00+00:00,2024-03-31 22:20:00+00:00,1.07965,1.07925,1.08025,1.07924,STOP,0.0004,-1.0250000000000536,-1.1500000000000536,-0.41000000000002146
N3_ANCHOR_REVERSION,NEUTRAL,LONG,2024-03-31 22:55:00+00:00,2024-03-31 23:00:00+00:00,2024-03-31 23:00:00+00:00,2024-03-31 23:40:00+00:00,1.0787300000000002,1.0783300000000002,1.0793300000000001,1.07932,TARGET,0.0004,1.474999999999671,1.349999999999671,0.5899999999998684
N1_ROLLING_SWEEP_FADE,NEUTRAL,SHORT,2024-03-31 23:50:00+00:00,2024-03-31 23:55:00+00:00,2024-03-31 23:55:00+00:00,2024-04-01 00:20:00+00:00,1.07931,1.07971,1.07871,1.07972,STOP,0.0004,-1.0250000000000536,-1.1500000000000536,-0.41000000000002146
N3_ANCHOR_REVERSION,NEUTRAL,SHORT,2024-04-01 00:40:00+00:00,2024-04-01 00:45:00+00:00,2024-04-01 00:45:00+00:00,2024-04-01 01:45:00+00:00,1.07951,1.07991,1.07891,1.07892,TARGET,0.0004,1.474999999999671,1.349999999999671,0.5899999999998684
N3_ANCHOR_REVERSION,NEUTRAL,SHORT,2024-04-03 19:55:00+00:00,2024-04-03 20:00:00+00:00,2024-04-03 20:00:00+00:00,2024-04-03 20:50:00+00:00,1.08333,1.0837299999999999,1.08273,1.08374,STOP,0.0004,-1.0250000000000536,-1.1500000000000536,-0.41000000000002146
N3_ANCHOR_REVERSION,NEUTRAL,SHORT,2024-04-03 20:55:00+00:00,2024-04-03 21:00:00+00:00,2024-04-03 21:00:00+00:00,2024-04-03 23:30:00+00:00,1.08355,1.08395,1.08295,1.08396,STOP,0.0004,-1.0250000000000536,-1.1500000000000536,-0.41000000000002146
N3_ANCHOR_REVERSION,NEUTRAL,SHORT,2024-04-03 23:40:00+00:00,2024-04-03 23:45:00+00:00,2024-04-03 23:45:00+00:00,2024-04-04 00:50:00+00:00,1.08375,1.08415,1.08315,1.08416,STOP,0.0004,-1.0250000000000536,-1.1500000000000536,-0.41000000000002146
N3_ANCHOR_REVERSION,NEUTRAL,SHORT,2024-04-04 01:00:00+00:00,2024-04-04 01:05:00+00:00,2024-04-04 01:05:00+00:00,2024-04-04 04:25:00+00:00,1.08413,1.08453,1.08353,1.08454,STOP,0.0004,-1.0250000000000536,-1.1500000000000536,-0.41000000000002146
N3_ANCHOR_REVERSION,NEUTRAL,LONG,2024-04-04 17:45:00+00:00,2024-04-04 17:50:00+00:00,2024-04-04 17:50:00+00:00,2024-04-04 18:00:00+00:00,1.08612,1.08572,1.08672,1.08571,STOP,0.0004,-1.0250000000000536,-1.1500000000000536,-0.41000000000002146
N4_MICRO_BREAKOUT,NEUTRAL,SHORT,2024-04-04 18:05:00+00:00,2024-04-04 18:10:00+00:00,2024-04-04 18:10:00+00:00,2024-04-04 18:40:00+00:00,1.08543,1.0858299999999999,1.08483,1.08484,TARGET,0.0004,1.474999999999671,1.349999999999671,0.5899999999998684
N4_MICRO_BREAKOUT,NEUTRAL,SHORT,2024-04-04 18:40:00+00:00,2024-04-04 18:45:00+00:00,2024-04-04 18:45:00+00:00,2024-04-04 18:50:00+00:00,1.08465,1.0850499999999998,1.08405,1.08506,STOP,0.0004,-1.0250000000000536,-1.1500000000000536,-0.41000000000002146
N4_MICRO_BREAKOUT,NEUTRAL,SHORT,2024-04-05 00:00:00+00:00,2024-04-05 00:05:00+00:00,2024-04-05 00:05:00+00:00,2024-04-05 00:10:00+00:00,1.0835299999999999,1.0839299999999998,1.08293,1.08394,STOP,0.0004,-1.0250000000000536,-1.1500000000000536,-0.41000000000002146
N1_ROLLING_SWEEP_FADE,NEUTRAL,SHORT,2024-04-05 00:15:00+00:00,2024-04-05 00:20:00+00:00,2024-04-05 00:20:00+00:00,2024-04-05 00:50:00+00:00,1.0838299999999998,1.0842299999999998,1.08323,1.0842399999999999,STOP,0.0004,-1.0250000000000536,-1.1500000000000536,-0.41000000000002146
N1_ROLLING_SWEEP_FADE,NEUTRAL,LONG,2024-04-05 01:55:00+00:00,2024-04-05 02:00:00+00:00,2024-04-05 02:00:00+00:00,2024-04-05 02:35:00+00:00,1.08275,1.0823500000000001,1.08335,1.08234,STOP,0.0004,-1.0250000000000536,-1.1500000000000536,-0.41000000000002146
N3_ANCHOR_REVERSION,NEUTRAL,LONG,2024-04-05 03:50:00+00:00,2024-04-05 03:55:00+00:00,2024-04-05 03:55:00+00:00,2024-04-05 06:10:00+00:00,1.08275,1.0823500000000001,1.08335,1.08234,STOP,0.0004,-1.0250000000000536,-1.1500000000000536,-0.41000000000002146
N3_ANCHOR_REVERSION,NEUTRAL,LONG,2024-04-07 22:30:00+00:00,2024-04-07 22:35:00+00:00,2024-04-07 22:35:00+00:00,2024-04-07 22:50:00+00:00,1.0831700000000002,1.0827700000000002,1.0837700000000001,1.0827600000000002,STOP,0.0004,-1.0250000000000536,-1.1500000000000536,-0.41000000000002146
N3_ANCHOR_REVERSION,NEUTRAL,LONG,2024-04-07 23:00:00+00:00,2024-04-07 23:05:00+00:00,2024-04-07 23:05:00+00:00,2024-04-08 00:00:00+00:00,1.0831000000000002,1.0827000000000002,1.0837,1.0826900000000002,STOP,0.0004,-1.0250000000000536,-1.1500000000000536,-0.41000000000002146
N4_MICRO_BREAKOUT,NEUTRAL,SHORT,2024-04-08 00:00:00+00:00,2024-04-08 00:05:00+00:00,2024-04-08 00:05:00+00:00,2024-04-08 01:00:00+00:00,1.0826,1.083,1.082,1.08301,STOP,0.0004,-1.0250000000000536,-1.1500000000000536,-0.41000000000002146
N1_ROLLING_SWEEP_FADE,NEUTRAL,SHORT,2024-04-08 01:05:00+00:00,2024-04-08 01:10:00+00:00,2024-04-08 01:10:00+00:00,2024-04-08 01:35:00+00:00,1.08283,1.08323,1.08223,1.08324,STOP,0.0004,-1.0250000000000536,-1.1500000000000536,-0.41000000000002146
N4_MICRO_BREAKOUT,NEUTRAL,LONG,2024-04-08 02:10:00+00:00,2024-04-08 02:15:00+00:00,2024-04-08 02:15:00+00:00,2024-04-08 03:30:00+00:00,1.08389,1.08349,1.08449,1.08348,STOP,0.0004,-1.0250000000000536,-1.1500000000000536,-0.41000000000002146
N3_ANCHOR_REVERSION,NEUTRAL,SHORT,2024-04-08 18:00:00+00:00,2024-04-08 18:05:00+00:00,2024-04-08 18:05:00+00:00,2024-04-08 18:25:00+00:00,1.0857599999999998,1.0861599999999998,1.08516,1.0861699999999999,STOP,0.0004,-1.0250000000000536,-1.1500000000000536,-0.41000000000002146
N3_ANCHOR_REVERSION,NEUTRAL,SHORT,2024-04-08 23:55:00+00:00,2024-04-09 00:00:00+00:00,2024-04-09 00:00:00+00:00,2024-04-09 03:40:00+00:00,1.08619,1.08659,1.08559,1.0856000000000001,TARGET,0.0004,1.474999999999671,1.349999999999671,0.5899999999998684
N4_MICRO_BREAKOUT,NEUTRAL,SHORT,2024-04-09 14:40:00+00:00,2024-04-09 14:45:00+00:00,2024-04-09 14:45:00+00:00,2024-04-09 18:00:00+00:00,1.08574,1.0861399999999999,1.08514,1.08515,TARGET,0.0004,1.474999999999671,1.349999999999671,0.5899999999998684
N4_MICRO_BREAKOUT,NEUTRAL,SHORT,2024-04-09 19:05:00+00:00,2024-04-09 19:10:00+00:00,2024-04-09 19:10:00+00:00,2024-04-09 19:20:00+00:00,1.08477,1.08517,1.08417,1.08518,STOP,0.0004,-1.0250000000000536,-1.1500000000000536,-0.41000000000002146
N3_ANCHOR_REVERSION,NEUTRAL,LONG,2024-04-09 19:20:00+00:00,2024-04-09 19:25:00+00:00,2024-04-09 19:25:00+00:00,2024-04-09 20:10:00+00:00,1.08525,1.08485,1.08585,1.08584,TARGET,0.0004,1.474999999999671,1.349999999999671,0.5899999999998684
N1_ROLLING_SWEEP_FADE,NEUTRAL,SHORT,2024-04-10 01:05:00+00:00,2024-04-10 01:10:00+00:00,2024-04-10 01:10:00+00:00,2024-04-10 02:25:00+00:00,1.08578,1.08618,1.08518,1.08519,TARGET,0.0004,1.474999999999671,1.349999999999671,0.5899999999998684
N3_ANCHOR_REVERSION,NEUTRAL,LONG,2024-04-10 04:20:00+00:00,2024-04-10 04:25:00+00:00,2024-04-10 04:25:00+00:00,2024-04-10 06:05:00+00:00,1.0852700000000002,1.0848700000000002,1.0858700000000001,1.0848600000000002,STOP,0.0004,-1.0250000000000536,-1.1500000000000536,-0.41000000000002146
N3_ANCHOR_REVERSION,NEUTRAL,SHORT,2024-04-19 10:35:00+00:00,2024-04-19 10:40:00+00:00,2024-04-19 10:40:00+00:00,2024-04-19 10:55:00+00:00,1.0655299999999999,1.0659299999999998,1.06493,1.06494,TARGET,0.0004,1.474999999999671,1.349999999999671,0.5899999999998684
N1_ROLLING_SWEEP_FADE,NEUTRAL,SHORT,2024-04-19 14:30:00+00:00,2024-04-19 14:35:00+00:00,2024-04-19 14:35:00+00:00,2024-04-19 14:45:00+00:00,1.06718,1.06758,1.06658,1.06759,STOP,0.0004,-1.0250000000000536,-1.1500000000000536,-0.41000000000002146
N3_ANCHOR_REVERSION,NEUTRAL,SHORT,2024-04-19 14:45:00+00:00,2024-04-19 14:50:00+00:00,2024-04-19 14:50:00+00:00,2024-04-19 15:20:00+00:00,1.0671199999999998,1.0675199999999998,1.06652,1.06653,TARGET,0.0004,1.474999999999671,1.349999999999671,0.5899999999998684
N3_ANCHOR_REVERSION,NEUTRAL,SHORT,2024-04-23 19:00:00+00:00,2024-04-23 19:05:00+00:00,2024-04-23 19:05:00+00:00,2024-04-24 00:25:00+00:00,1.07032,1.07072,1.06972,1.07073,STOP,0.0004,-1.0250000000000536,-1.1500000000000536,-0.41000000000002146
N3_ANCHOR_REVERSION,NEUTRAL,SHORT,2024-04-24 01:00:00+00:00,2024-04-24 01:05:00+00:00,2024-04-24 01:05:00+00:00,2024-04-24 01:30:00+00:00,1.0708499999999999,1.0712499999999998,1.07025,1.0712599999999999,STOP,0.0004,-1.0250000000000536,-1.1500000000000536,-0.41000000000002146
N3_ANCHOR_REVERSION,NEUTRAL,SHORT,2024-04-24 01:40:00+00:00,2024-04-24 01:45:00+00:00,2024-04-24 01:45:00+00:00,2024-04-24 02:15:00+00:00,1.07093,1.07133,1.07033,1.07134,STOP,0.0004,-1.0250000000000536,-1.1500000000000536,-0.41000000000002146
N3_ANCHOR_REVERSION,NEUTRAL,SHORT,2024-04-25 16:55:00+00:00,2024-04-25 17:00:00+00:00,2024-04-25 17:00:00+00:00,2024-04-25 17:00:00+00:00,1.0731199999999999,1.0735199999999998,1.07252,1.0735299999999999,STOP,0.0004,-1.0250000000000536,-1.1500000000000536,-0.41000000000002146
N3_ANCHOR_REVERSION,NEUTRAL,SHORT,2024-04-25 17:40:00+00:00,2024-04-25 17:45:00+00:00,2024-04-25 17:45:00+00:00,2024-04-25 18:00:00+00:00,1.0734599999999999,1.0738599999999998,1.07286,1.07287,TARGET,0.0004,1.474999999999671,1.349999999999671,0.5899999999998684
N1_ROLLING_SWEEP_FADE,NEUTRAL,SHORT,2024-04-25 20:50:00+00:00,2024-04-25 20:55:00+00:00,2024-04-25 20:55:00+00:00,2024-04-26 00:05:00+00:00,1.0730199999999999,1.0734199999999998,1.07242,1.07243,TARGET,0.0004,1.474999999999671,1.349999999999671,0.5899999999998684
N3_ANCHOR_REVERSION,NEUTRAL,LONG,2024-04-26 00:15:00+00:00,2024-04-26 00:20:00+00:00,2024-04-26 00:20:00+00:00,2024-04-26 02:40:00+00:00,1.0725900000000002,1.0721900000000002,1.07319,1.0721800000000001,STOP,0.0004,-1.0250000000000536,-1.1500000000000536,-0.41000000000002146
N3_ANCHOR_REVERSION,NEUTRAL,LONG,2024-04-26 03:45:00+00:00,2024-04-26 03:50:00+00:00,2024-04-26 03:50:00+00:00,2024-04-26 05:45:00+00:00,1.07213,1.07173,1.07273,1.07272,TARGET,0.0004,1.474999999999671,1.349999999999671,0.5899999999998684
N1_ROLLING_SWEEP_FADE,NEUTRAL,SHORT,2024-04-26 18:15:00+00:00,2024-04-26 18:20:00+00:00,2024-04-26 18:20:00+00:00,2024-04-26 18:40:00+00:00,1.06982,1.07022,1.06922,1.07023,STOP,0.0004,-1.0250000000000536,-1.1500000000000536,-0.41000000000002146
N4_MICRO_BREAKOUT,NEUTRAL,LONG,2024-04-26 18:55:00+00:00,2024-04-26 19:00:00+00:00,2024-04-26 19:00:00+00:00,2024-04-26 19:15:00+00:00,1.0706200000000001,1.0702200000000002,1.07122,1.07021,STOP,0.0004,-1.0250000000000536,-1.1500000000000536,-0.41000000000002146
N1_ROLLING_SWEEP_FADE,NEUTRAL,SHORT,2024-04-29 00:55:00+00:00,2024-04-29 01:00:00+00:00,2024-04-29 01:00:00+00:00,2024-04-29 01:25:00+00:00,1.07096,1.0713599999999999,1.07036,1.07137,STOP,0.0004,-1.0250000000000536,-1.1500000000000536,-0.41000000000002146
N4_MICRO_BREAKOUT,NEUTRAL,LONG,2024-04-29 01:35:00+00:00,2024-04-29 01:40:00+00:00,2024-04-29 01:40:00+00:00,2024-04-29 01:50:00+00:00,1.0714700000000001,1.0710700000000002,1.07207,1.0710600000000001,STOP,0.0004,-1.0250000000000536,-1.1500000000000536,-0.41000000000002146
N3_ANCHOR_REVERSION,NEUTRAL,SHORT,2024-04-29 03:35:00+00:00,2024-04-29 03:40:00+00:00,2024-04-29 03:40:00+00:00,2024-04-29 04:10:00+00:00,1.07168,1.07208,1.07108,1.07209,STOP,0.0004,-1.0250000000000536,-1.1500000000000536,-0.41000000000002146
N3_ANCHOR_REVERSION,NEUTRAL,SHORT,2024-04-30 09:55:00+00:00,2024-04-30 10:00:00+00:00,2024-04-30 10:00:00+00:00,2024-04-30 10:20:00+00:00,1.0726499999999999,1.0730499999999998,1.07205,1.07306,STOP,0.0004,-1.0250000000000536,-1.1500000000000536,-0.41000000000002146
N3_ANCHOR_REVERSION,NEUTRAL,LONG,2024-04-30 12:40:00+00:00,2024-04-30 12:45:00+00:00,2024-04-30 12:45:00+00:00,2024-04-30 12:50:00+00:00,1.07078,1.07038,1.07138,1.07037,STOP,0.0004,-1.0250000000000536,-1.1500000000000536,-0.41000000000002146
N3_ANCHOR_REVERSION,NEUTRAL,LONG,2024-04-30 18:30:00+00:00,2024-04-30 18:35:00+00:00,2024-04-30 18:35:00+00:00,2024-04-30 18:45:00+00:00,1.06827,1.06787,1.06887,1.06786,STOP,0.0004,-1.0250000000000536,-1.1500000000000536,-0.41000000000002146
N3_ANCHOR_REVERSION,NEUTRAL,LONG,2024-04-30 18:55:00+00:00,2024-04-30 19:00:00+00:00,2024-04-30 19:00:00+00:00,2024-04-30 19:20:00+00:00,1.06789,1.06749,1.06849,1.06748,STOP,0.0004,-1.0250000000000536,-1.1500000000000536,-0.41000000000002146
N3_ANCHOR_REVERSION,NEUTRAL,LONG,2024-05-01 00:00:00+00:00,2024-05-01 00:05:00+00:00,2024-05-01 00:05:00+00:00,2024-05-01 00:10:00+00:00,1.06677,1.06637,1.06737,1.06636,STOP,0.0004,-1.0250000000000536,-1.1500000000000536,-0.41000000000002146
N3_ANCHOR_REVERSION,NEUTRAL,LONG,2024-05-01 00:25:00+00:00,2024-05-01 00:30:00+00:00,2024-05-01 00:30:00+00:00,2024-05-01 02:50:00+00:00,1.0661200000000002,1.0657200000000002,1.0667200000000001,1.0657100000000002,STOP,0.0004,-1.0250000000000536,-1.1500000000000536,-0.41000000000002146
N1_ROLLING_SWEEP_FADE,NEUTRAL,LONG,2024-05-01 02:50:00+00:00,2024-05-01 02:55:00+00:00,2024-05-01 02:55:00+00:00,2024-05-01 04:10:00+00:00,1.06593,1.06553,1.06653,1.06552,STOP,0.0004,-1.0250000000000536,-1.1500000000000536,-0.41000000000002146
N1_ROLLING_SWEEP_FADE,NEUTRAL,SHORT,2024-05-02 01:05:00+00:00,2024-05-02 01:10:00+00:00,2024-05-02 01:10:00+00:00,2024-05-02 02:00:00+00:00,1.07133,1.0717299999999998,1.07073,1.07174,STOP,0.0004,-1.0250000000000536,-1.1500000000000536,-0.41000000000002146
N4_MICRO_BREAKOUT,NEUTRAL,LONG,2024-05-02 02:00:00+00:00,2024-05-02 02:05:00+00:00,2024-05-02 02:05:00+00:00,2024-05-02 02:10:00+00:00,1.07214,1.0717400000000001,1.07274,1.07173,STOP,0.0004,-1.0250000000000536,-1.1500000000000536,-0.41000000000002146
N3_ANCHOR_REVERSION,NEUTRAL,SHORT,2024-05-02 02:10:00+00:00,2024-05-02 02:15:00+00:00,2024-05-02 02:15:00+00:00,2024-05-02 02:40:00+00:00,1.07171,1.07211,1.07111,1.07212,STOP,0.0004,-1.0250000000000536,-1.1500000000000536,-0.41000000000002146
N3_ANCHOR_REVERSION,NEUTRAL,SHORT,2024-05-02 02:45:00+00:00,2024-05-02 02:50:00+00:00,2024-05-02 02:50:00+00:00,2024-05-02 02:55:00+00:00,1.0717299999999998,1.0721299999999998,1.07113,1.0721399999999999,STOP,0.0004,-1.0250000000000536,-1.1500000000000536,-0.41000000000002146
N3_ANCHOR_REVERSION,NEUTRAL,LONG,2024-05-08 03:40:00+00:00,2024-05-08 03:45:00+00:00,2024-05-08 03:45:00+00:00,2024-05-08 06:35:00+00:00,1.07424,1.0738400000000001,1.07484,1.07483,TARGET,0.0004,1.474999999999671,1.349999999999671,0.5899999999998684
N1_ROLLING_SWEEP_FADE,NEUTRAL,SHORT,2024-05-08 06:40:00+00:00,2024-05-08 06:45:00+00:00,2024-05-08 06:45:00+00:00,2024-05-08 07:25:00+00:00,1.0745099999999999,1.0749099999999998,1.07391,1.07392,TARGET,0.0004,1.474999999999671,1.349999999999671,0.5899999999998684
N1_ROLLING_SWEEP_FADE,NEUTRAL,LONG,2024-05-08 07:25:00+00:00,2024-05-08 07:30:00+00:00,2024-05-08 07:30:00+00:00,2024-05-08 07:50:00+00:00,1.07423,1.07383,1.07483,1.07382,STOP,0.0004,-1.0250000000000536,-1.1500000000000536,-0.41000000000002146
N2_ASIA_RANGE_FADE,NEUTRAL,LONG,2024-05-08 08:20:00+00:00,2024-05-08 08:25:00+00:00,2024-05-08 08:25:00+00:00,2024-05-08 09:15:00+00:00,1.0741500000000002,1.0737500000000002,1.07475,1.07474,TARGET,0.0004,1.474999999999671,1.349999999999671,0.5899999999998684
N3_ANCHOR_REVERSION,NEUTRAL,SHORT,2024-05-09 14:45:00+00:00,2024-05-09 14:50:00+00:00,2024-05-09 14:50:00+00:00,2024-05-09 15:00:00+00:00,1.07738,1.07778,1.07678,1.07779,STOP,0.0004,-1.0250000000000536,-1.1500000000000536,-0.41000000000002146
N4_MICRO_BREAKOUT,NEUTRAL,LONG,2024-05-09 17:00:00+00:00,2024-05-09 17:05:00+00:00,2024-05-09 17:05:00+00:00,2024-05-09 18:00:00+00:00,1.0779800000000002,1.0775800000000002,1.07858,1.0775700000000001,STOP,0.0004,-1.0250000000000536,-1.1500000000000536,-0.41000000000002146
N3_ANCHOR_REVERSION,NEUTRAL,SHORT,2024-05-09 19:05:00+00:00,2024-05-09 19:10:00+00:00,2024-05-09 19:10:00+00:00,2024-05-09 22:05:00+00:00,1.07813,1.07853,1.07753,1.07854,STOP,0.0004,-1.0250000000000536,-1.1500000000000536,-0.41000000000002146
N3_ANCHOR_REVERSION,NEUTRAL,SHORT,2024-05-09 23:15:00+00:00,2024-05-09 23:20:00+00:00,2024-05-09 23:20:00+00:00,2024-05-10 00:45:00+00:00,1.07839,1.07879,1.07779,1.0778,TARGET,0.0004,1.474999999999671,1.349999999999671,0.5899999999998684
N4_MICRO_BREAKOUT,NEUTRAL,SHORT,2024-05-10 00:45:00+00:00,2024-05-10 00:50:00+00:00,2024-05-10 00:50:00+00:00,2024-05-10 00:55:00+00:00,1.07767,1.0780699999999999,1.07707,1.07808,STOP,0.0004,-1.0250000000000536,-1.1500000000000536,-0.41000000000002146
N1_ROLLING_SWEEP_FADE,NEUTRAL,SHORT,2024-05-10 01:25:00+00:00,2024-05-10 01:30:00+00:00,2024-05-10 01:30:00+00:00,2024-05-10 02:10:00+00:00,1.07812,1.07852,1.07752,1.07753,TARGET,0.0004,1.474999999999671,1.349999999999671,0.5899999999998684
N1_ROLLING_SWEEP_FADE,NEUTRAL,LONG,2024-05-10 02:20:00+00:00,2024-05-10 02:25:00+00:00,2024-05-10 02:25:00+00:00,2024-05-10 06:10:00+00:00,1.07752,1.07712,1.07812,1.07811,TARGET,0.0004,1.474999999999671,1.349999999999671,0.5899999999998684
N1_ROLLING_SWEEP_FADE,NEUTRAL,LONG,2024-05-20 15:55:00+00:00,2024-05-20 16:00:00+00:00,2024-05-20 16:00:00+00:00,2024-05-20 17:05:00+00:00,1.08614,1.0857400000000001,1.08674,1.08673,TARGET,0.0004,1.474999999999671,1.349999999999671,0.5899999999998684
N1_ROLLING_SWEEP_FADE,NEUTRAL,SHORT,2024-05-20 17:15:00+00:00,2024-05-20 17:20:00+00:00,2024-05-20 17:20:00+00:00,2024-05-20 18:05:00+00:00,1.0869,1.0873,1.0863,1.08631,TARGET,0.0004,1.474999999999671,1.349999999999671,0.5899999999998684
N4_MICRO_BREAKOUT,NEUTRAL,SHORT,2024-05-20 19:20:00+00:00,2024-05-20 19:25:00+00:00,2024-05-20 19:25:00+00:00,2024-05-21 02:00:00+00:00,1.08609,1.08649,1.08549,1.0855000000000001,TARGET,0.0004,1.474999999999671,1.349999999999671,0.5899999999998684
N1_ROLLING_SWEEP_FADE,NEUTRAL,SHORT,2024-05-21 22:05:00+00:00,2024-05-21 22:10:00+00:00,2024-05-21 22:10:00+00:00,2024-05-21 23:15:00+00:00,1.08557,1.0859699999999999,1.08497,1.08598,STOP,0.0004,-1.0250000000000536,-1.1500000000000536,-0.41000000000002146
N1_ROLLING_SWEEP_FADE,NEUTRAL,LONG,2024-05-22 00:00:00+00:00,2024-05-22 00:05:00+00:00,2024-05-22 00:05:00+00:00,2024-05-22 04:10:00+00:00,1.0857400000000001,1.0853400000000002,1.08634,1.0853300000000001,STOP,0.0004,-1.0250000000000536,-1.1500000000000536,-0.41000000000002146
N3_ANCHOR_REVERSION,NEUTRAL,LONG,2024-05-22 11:55:00+00:00,2024-05-22 12:00:00+00:00,2024-05-22 12:00:00+00:00,2024-05-22 12:45:00+00:00,1.0828200000000001,1.0824200000000002,1.08342,1.08341,TARGET,0.0004,1.474999999999671,1.349999999999671,0.5899999999998684
N1_ROLLING_SWEEP_FADE,NEUTRAL,SHORT,2024-05-22 13:30:00+00:00,2024-05-22 13:35:00+00:00,2024-05-22 13:35:00+00:00,2024-05-22 15:40:00+00:00,1.08382,1.08422,1.08322,1.08423,STOP,0.0004,-1.0250000000000536,-1.1500000000000536,-0.41000000000002146
N3_ANCHOR_REVERSION,NEUTRAL,LONG,2024-05-22 18:05:00+00:00,2024-05-22 18:10:00+00:00,2024-05-22 18:10:00+00:00,2024-05-22 18:10:00+00:00,1.0834400000000002,1.0830400000000002,1.0840400000000001,1.0830300000000002,STOP,0.0004,-1.0250000000000536,-1.1500000000000536,-0.41000000000002146
N3_ANCHOR_REVERSION,NEUTRAL,SHORT,2024-05-23 11:05:00+00:00,2024-05-23 11:10:00+00:00,2024-05-23 11:10:00+00:00,2024-05-23 11:45:00+00:00,1.08449,1.08489,1.08389,1.0849,STOP,0.0004,-1.0250000000000536,-1.1500000000000536,-0.41000000000002146
N3_ANCHOR_REVERSION,NEUTRAL,SHORT,2024-05-23 12:10:00+00:00,2024-05-23 12:15:00+00:00,2024-05-23 12:15:00+00:00,2024-05-23 12:50:00+00:00,1.08507,1.08547,1.08447,1.08548,STOP,0.0004,-1.0250000000000536,-1.1500000000000536,-0.41000000000002146
N1_ROLLING_SWEEP_FADE,NEUTRAL,SHORT,2024-05-27 01:30:00+00:00,2024-05-27 01:35:00+00:00,2024-05-27 01:35:00+00:00,2024-05-27 09:20:00+00:00,1.0850499999999998,1.0854499999999998,1.08445,1.0854599999999999,STOP,0.0004,-1.0250000000000536,-1.1500000000000536,-0.41000000000002146
N3_ANCHOR_REVERSION,NEUTRAL,SHORT,2024-05-28 00:55:00+00:00,2024-05-28 01:00:00+00:00,2024-05-28 01:00:00+00:00,2024-05-28 01:15:00+00:00,1.08648,1.0868799999999998,1.08588,1.08689,STOP,0.0004,-1.0250000000000536,-1.1500000000000536,-0.41000000000002146
N4_MICRO_BREAKOUT,NEUTRAL,LONG,2024-05-28 01:15:00+00:00,2024-05-28 01:20:00+00:00,2024-05-28 01:20:00+00:00,2024-05-28 02:20:00+00:00,1.08698,1.08658,1.08758,1.08757,TARGET,0.0004,1.474999999999671,1.349999999999671,0.5899999999998684
N1_ROLLING_SWEEP_FADE,NEUTRAL,SHORT,2024-05-28 02:20:00+00:00,2024-05-28 02:25:00+00:00,2024-05-28 02:25:00+00:00,2024-05-28 02:55:00+00:00,1.08733,1.0877299999999999,1.08673,1.08774,STOP,0.0004,-1.0250000000000536,-1.1500000000000536,-0.41000000000002146
N3_ANCHOR_REVERSION,NEUTRAL,SHORT,2024-05-28 03:00:00+00:00,2024-05-28 03:05:00+00:00,2024-05-28 03:05:00+00:00,2024-05-28 03:35:00+00:00,1.0874599999999999,1.0878599999999998,1.08686,1.08787,STOP,0.0004,-1.0250000000000536,-1.1500000000000536,-0.41000000000002146
N4_MICRO_BREAKOUT,NEUTRAL,SHORT,2024-05-28 23:55:00+00:00,2024-05-29 00:00:00+00:00,2024-05-29 00:00:00+00:00,2024-05-29 01:10:00+00:00,1.08511,1.08551,1.08451,1.08552,STOP,0.0004,-1.0250000000000536,-1.1500000000000536,-0.41000000000002146
N1_ROLLING_SWEEP_FADE,NEUTRAL,SHORT,2024-05-29 01:10:00+00:00,2024-05-29 01:15:00+00:00,2024-05-29 01:15:00+00:00,2024-05-29 01:25:00+00:00,1.08535,1.08575,1.08475,1.08576,STOP,0.0004,-1.0250000000000536,-1.1500000000000536,-0.41000000000002146
N1_ROLLING_SWEEP_FADE,NEUTRAL,SHORT,2024-05-29 01:25:00+00:00,2024-05-29 01:30:00+00:00,2024-05-29 01:30:00+00:00,2024-05-29 02:40:00+00:00,1.0854599999999999,1.0858599999999998,1.08486,1.08487,TARGET,0.0004,1.474999999999671,1.349999999999671,0.5899999999998684
N3_ANCHOR_REVERSION,NEUTRAL,LONG,2024-05-29 03:50:00+00:00,2024-05-29 03:55:00+00:00,2024-05-29 03:55:00+00:00,2024-05-29 04:10:00+00:00,1.0848900000000001,1.0844900000000002,1.08549,1.08448,STOP,0.0004,-1.0250000000000536,-1.1500000000000536,-0.41000000000002146
N1_ROLLING_SWEEP_FADE,NEUTRAL,SHORT,2024-05-31 14:10:00+00:00,2024-05-31 14:15:00+00:00,2024-05-31 14:15:00+00:00,2024-05-31 14:15:00+00:00,1.08723,1.0876299999999999,1.08663,1.08764,STOP,0.0004,-1.0250000000000536,-1.1500000000000536,-0.41000000000002146
N1_ROLLING_SWEEP_FADE,NEUTRAL,LONG,2024-05-31 18:40:00+00:00,2024-05-31 18:45:00+00:00,2024-05-31 18:45:00+00:00,2024-05-31 18:45:00+00:00,1.0847200000000001,1.0843200000000002,1.08532,1.08431,STOP,0.0004,-1.0250000000000536,-1.1500000000000536,-0.41000000000002146
N3_ANCHOR_REVERSION,NEUTRAL,LONG,2024-05-31 19:00:00+00:00,2024-05-31 19:05:00+00:00,2024-05-31 19:05:00+00:00,2024-05-31 19:15:00+00:00,1.08453,1.08413,1.08513,1.08412,STOP,0.0004,-1.0250000000000536,-1.1500000000000536,-0.41000000000002146
N1_ROLLING_SWEEP_FADE,NEUTRAL,LONG,2024-05-31 19:15:00+00:00,2024-05-31 19:20:00+00:00,2024-05-31 19:20:00+00:00,2024-05-31 19:50:00+00:00,1.0843200000000002,1.0839200000000002,1.08492,1.08491,TARGET,0.0004,1.474999999999671,1.349999999999671,0.5899999999998684
N1_ROLLING_SWEEP_FADE,NEUTRAL,SHORT,2024-06-02 22:00:00+00:00,2024-06-02 22:05:00+00:00,2024-06-02 22:05:00+00:00,2024-06-02 22:15:00+00:00,1.0848799999999998,1.0852799999999998,1.08428,1.08529,STOP,0.0004,-1.0250000000006088,-1.1500000000006088,-0.4100000000002435
N4_MICRO_BREAKOUT,NEUTRAL,LONG,2024-06-03 00:00:00+00:00,2024-06-03 00:05:00+00:00,2024-06-03 00:05:00+00:00,2024-06-03 03:50:00+00:00,1.08542,1.08502,1.08602,1.08501,STOP,0.0004,-1.0250000000000536,-1.1500000000000536,-0.41000000000002146
N3_ANCHOR_REVERSION,NEUTRAL,LONG,2024-06-07 16:20:00+00:00,2024-06-07 16:25:00+00:00,2024-06-07 16:25:00+00:00,2024-06-07 16:45:00+00:00,1.08087,1.08047,1.08147,1.08046,STOP,0.0004,-1.0250000000000536,-1.1500000000000536,-0.41000000000002146
N3_ANCHOR_REVERSION,NEUTRAL,LONG,2024-06-07 18:40:00+00:00,2024-06-07 18:45:00+00:00,2024-06-07 18:45:00+00:00,2024-06-07 19:10:00+00:00,1.0807300000000002,1.0803300000000002,1.0813300000000001,1.0803200000000002,STOP,0.0004,-1.0250000000000536,-1.1500000000000536,-0.41000000000002146
N4_MICRO_BREAKOUT,NEUTRAL,SHORT,2024-06-07 19:20:00+00:00,2024-06-07 19:25:00+00:00,2024-06-07 19:25:00+00:00,2024-06-07 20:55:00+00:00,1.0800999999999998,1.0804999999999998,1.0795,1.08041,TIME_12H,0.0004,-0.7750000000006363,-0.9000000000006363,-0.3100000000002545
N3_ANCHOR_REVERSION,NEUTRAL,LONG,2024-06-09 21:30:00+00:00,2024-06-09 21:35:00+00:00,2024-06-09 21:35:00+00:00,2024-06-09 21:35:00+00:00,1.0778800000000002,1.0774800000000002,1.07848,1.0774700000000001,STOP,0.0004,-1.0250000000000536,-1.1500000000000536,-0.41000000000002146
N3_ANCHOR_REVERSION,NEUTRAL,LONG,2024-06-09 21:40:00+00:00,2024-06-09 21:45:00+00:00,2024-06-09 21:45:00+00:00,2024-06-09 21:50:00+00:00,1.07793,1.07753,1.07853,1.07752,STOP,0.0004,-1.0250000000000536,-1.1500000000000536,-0.41000000000002146
N3_ANCHOR_REVERSION,NEUTRAL,LONG,2024-06-09 22:00:00+00:00,2024-06-09 22:05:00+00:00,2024-06-09 22:05:00+00:00,2024-06-09 22:10:00+00:00,1.07768,1.07728,1.07828,1.07727,STOP,0.0004,-1.0250000000000536,-1.1500000000000536,-0.41000000000002146
N4_MICRO_BREAKOUT,NEUTRAL,SHORT,2024-06-09 22:10:00+00:00,2024-06-09 22:15:00+00:00,2024-06-09 22:15:00+00:00,2024-06-09 22:25:00+00:00,1.07664,1.07704,1.07604,1.07705,STOP,0.0004,-1.0250000000000536,-1.1500000000000536,-0.41000000000002146
N3_ANCHOR_REVERSION,NEUTRAL,LONG,2024-06-10 00:30:00+00:00,2024-06-10 00:35:00+00:00,2024-06-10 00:35:00+00:00,2024-06-10 01:25:00+00:00,1.07775,1.07735,1.07835,1.07734,STOP,0.0004,-1.0250000000000536,-1.1500000000000536,-0.41000000000002146
N1_ROLLING_SWEEP_FADE,NEUTRAL,LONG,2024-06-10 01:30:00+00:00,2024-06-10 01:35:00+00:00,2024-06-10 01:35:00+00:00,2024-06-10 02:05:00+00:00,1.07756,1.0771600000000001,1.07816,1.07715,STOP,0.0004,-1.0250000000000536,-1.1500000000000536,-0.41000000000002146
N4_MICRO_BREAKOUT,NEUTRAL,SHORT,2024-06-12 18:45:00+00:00,2024-06-12 18:50:00+00:00,2024-06-12 18:50:00+00:00,2024-06-12 18:50:00+00:00,1.0814899999999998,1.0818899999999998,1.08089,1.0809,TARGET,0.0004,1.474999999999671,1.349999999999671,0.5899999999998684
N3_ANCHOR_REVERSION,NEUTRAL,LONG,2024-06-12 21:15:00+00:00,2024-06-12 21:20:00+00:00,2024-06-12 21:20:00+00:00,2024-06-13 01:35:00+00:00,1.08122,1.0808200000000001,1.08182,1.08081,STOP,0.0004,-1.0250000000000536,-1.1500000000000536,-0.41000000000002146
N1_ROLLING_SWEEP_FADE,NEUTRAL,LONG,2024-06-13 01:40:00+00:00,2024-06-13 01:45:00+00:00,2024-06-13 01:45:00+00:00,2024-06-13 01:50:00+00:00,1.0808600000000002,1.0804600000000002,1.08146,1.0804500000000001,STOP,0.0004,-1.0250000000000536,-1.1500000000000536,-0.41000000000002146
N3_ANCHOR_REVERSION,NEUTRAL,LONG,2024-06-13 02:30:00+00:00,2024-06-13 02:35:00+00:00,2024-06-13 02:35:00+00:00,2024-06-13 04:35:00+00:00,1.0807600000000002,1.0803600000000002,1.08136,1.0803500000000001,STOP,0.0004,-1.0250000000000536,-1.1500000000000536,-0.41000000000002146
N4_MICRO_BREAKOUT,NEUTRAL,SHORT,2024-06-13 05:00:00+00:00,2024-06-13 05:05:00+00:00,2024-06-13 05:05:00+00:00,2024-06-13 05:55:00+00:00,1.08026,1.08066,1.07966,1.08067,STOP,0.0004,-1.0250000000000536,-1.1500000000000536,-0.41000000000002146
N1_ROLLING_SWEEP_FADE,NEUTRAL,SHORT,2024-06-13 05:55:00+00:00,2024-06-13 06:00:00+00:00,2024-06-13 06:00:00+00:00,2024-06-13 07:05:00+00:00,1.08045,1.0808499999999999,1.07985,1.08086,STOP,0.0004,-1.0250000000000536,-1.1500000000000536,-0.41000000000002146
N4_MICRO_BREAKOUT,NEUTRAL,SHORT,2024-06-13 23:55:00+00:00,2024-06-14 00:00:00+00:00,2024-06-14 00:00:00+00:00,2024-06-14 00:00:00+00:00,1.0737299999999999,1.0741299999999998,1.07313,1.0741399999999999,STOP,0.0004,-1.0250000000000536,-1.1500000000000536,-0.41000000000002146
N1_ROLLING_SWEEP_FADE,NEUTRAL,LONG,2024-06-14 00:00:00+00:00,2024-06-14 00:05:00+00:00,2024-06-14 00:05:00+00:00,2024-06-14 00:10:00+00:00,1.0741200000000002,1.0737200000000002,1.0747200000000001,1.0737100000000002,STOP,0.0004,-1.0250000000000536,-1.1500000000000536,-0.41000000000002146
N3_ANCHOR_REVERSION,NEUTRAL,LONG,2024-06-14 00:25:00+00:00,2024-06-14 00:30:00+00:00,2024-06-14 00:30:00+00:00,2024-06-14 03:00:00+00:00,1.0737700000000001,1.0733700000000002,1.07437,1.07436,TARGET,0.0004,1.474999999999671,1.349999999999671,0.5899999999998684
N1_ROLLING_SWEEP_FADE,NEUTRAL,SHORT,2024-06-14 03:15:00+00:00,2024-06-14 03:20:00+00:00,2024-06-14 03:20:00+00:00,2024-06-14 04:45:00+00:00,1.07426,1.07466,1.07366,1.0736700000000001,TARGET,0.0004,1.474999999999671,1.349999999999671,0.5899999999998684
N4_MICRO_BREAKOUT,NEUTRAL,LONG,2024-06-17 18:00:00+00:00,2024-06-17 18:05:00+00:00,2024-06-17 18:05:00+00:00,2024-06-17 18:45:00+00:00,1.07314,1.07274,1.07374,1.0737299999999999,TARGET,0.0004,1.474999999999671,1.349999999999671,0.5899999999998684
N3_ANCHOR_REVERSION,NEUTRAL,SHORT,2024-06-17 18:55:00+00:00,2024-06-17 19:00:00+00:00,2024-06-17 19:00:00+00:00,2024-06-17 22:45:00+00:00,1.07361,1.07401,1.07301,1.07402,STOP,0.0004,-1.0250000000000536,-1.1500000000000536,-0.41000000000002146
N3_ANCHOR_REVERSION,NEUTRAL,SHORT,2024-06-17 22:50:00+00:00,2024-06-17 22:55:00+00:00,2024-06-17 22:55:00+00:00,2024-06-17 23:55:00+00:00,1.07377,1.0741699999999998,1.07317,1.07418,STOP,0.0004,-1.0250000000000536,-1.1500000000000536,-0.41000000000002146
N1_ROLLING_SWEEP_FADE,NEUTRAL,SHORT,2024-06-17 23:55:00+00:00,2024-06-18 00:00:00+00:00,2024-06-18 00:00:00+00:00,2024-06-18 01:00:00+00:00,1.07399,1.07439,1.07339,1.0734000000000001,TARGET,0.0004,1.474999999999671,1.349999999999671,0.5899999999998684
N4_MICRO_BREAKOUT,NEUTRAL,SHORT,2024-06-18 01:05:00+00:00,2024-06-18 01:10:00+00:00,2024-06-18 01:10:00+00:00,2024-06-18 03:00:00+00:00,1.07297,1.07337,1.07237,1.07238,TARGET,0.0004,1.474999999999671,1.349999999999671,0.5899999999998684
N3_ANCHOR_REVERSION,NEUTRAL,LONG,2024-06-18 03:20:00+00:00,2024-06-18 03:25:00+00:00,2024-06-18 03:25:00+00:00,2024-06-18 05:30:00+00:00,1.0722900000000002,1.0718900000000002,1.0728900000000001,1.0718800000000002,STOP,0.0004,-1.0250000000000536,-1.1500000000000536,-0.41000000000002146
N1_ROLLING_SWEEP_FADE,NEUTRAL,LONG,2024-06-18 05:30:00+00:00,2024-06-18 05:35:00+00:00,2024-06-18 05:35:00+00:00,2024-06-18 06:20:00+00:00,1.0721100000000001,1.0717100000000002,1.07271,1.0727,TARGET,0.0004,1.474999999999671,1.349999999999671,0.5899999999998684
N1_ROLLING_SWEEP_FADE,NEUTRAL,LONG,2024-06-19 00:20:00+00:00,2024-06-19 00:25:00+00:00,2024-06-19 00:25:00+00:00,2024-06-19 04:55:00+00:00,1.07392,1.07352,1.07452,1.07351,STOP,0.0004,-1.0250000000000536,-1.1500000000000536,-0.41000000000002146
N4_MICRO_BREAKOUT,NEUTRAL,SHORT,2024-06-20 08:00:00+00:00,2024-06-20 08:05:00+00:00,2024-06-20 08:05:00+00:00,2024-06-20 08:15:00+00:00,1.07222,1.07262,1.07162,1.07163,TARGET,0.0004,1.474999999999671,1.349999999999671,0.5899999999998684
N3_ANCHOR_REVERSION,NEUTRAL,LONG,2024-06-20 08:30:00+00:00,2024-06-20 08:35:00+00:00,2024-06-20 08:35:00+00:00,2024-06-20 08:45:00+00:00,1.07187,1.0714700000000001,1.07247,1.07146,STOP,0.0004,-1.0250000000000536,-1.1500000000000536,-0.41000000000002146
N3_ANCHOR_REVERSION,NEUTRAL,LONG,2024-06-20 08:45:00+00:00,2024-06-20 08:50:00+00:00,2024-06-20 08:50:00+00:00,2024-06-20 08:50:00+00:00,1.07187,1.0714700000000001,1.07247,1.07146,STOP,0.0004,-1.0250000000000536,-1.1500000000000536,-0.41000000000002146
N3_ANCHOR_REVERSION,NEUTRAL,LONG,2024-06-20 09:00:00+00:00,2024-06-20 09:05:00+00:00,2024-06-20 09:05:00+00:00,2024-06-20 09:25:00+00:00,1.07213,1.07173,1.07273,1.07172,STOP,0.0004,-1.0250000000000536,-1.1500000000000536,-0.41000000000002146
N1_ROLLING_SWEEP_FADE,NEUTRAL,LONG,2024-06-21 10:50:00+00:00,2024-06-21 10:55:00+00:00,2024-06-21 10:55:00+00:00,2024-06-21 11:20:00+00:00,1.06806,1.06766,1.06866,1.0686499999999999,TARGET,0.0004,1.474999999999671,1.349999999999671,0.5899999999998684
N4_MICRO_BREAKOUT,NEUTRAL,LONG,2024-06-21 12:55:00+00:00,2024-06-21 13:00:00+00:00,2024-06-21 13:00:00+00:00,2024-06-21 13:10:00+00:00,1.06955,1.06915,1.07015,1.06914,STOP,0.0004,-1.0250000000000536,-1.1500000000000536,-0.41000000000002146
N4_MICRO_BREAKOUT,NEUTRAL,LONG,2024-06-24 11:55:00+00:00,2024-06-24 12:00:00+00:00,2024-06-24 12:00:00+00:00,2024-06-24 12:00:00+00:00,1.07365,1.07325,1.07425,1.07324,STOP,0.0004,-1.0250000000000536,-1.1500000000000536,-0.41000000000002146
N3_ANCHOR_REVERSION,NEUTRAL,SHORT,2024-06-24 12:00:00+00:00,2024-06-24 12:05:00+00:00,2024-06-24 12:05:00+00:00,2024-06-24 12:55:00+00:00,1.07313,1.0735299999999999,1.07253,1.07354,STOP,0.0004,-1.0250000000000536,-1.1500000000000536,-0.41000000000002146
N4_MICRO_BREAKOUT,NEUTRAL,LONG,2024-06-24 13:00:00+00:00,2024-06-24 13:05:00+00:00,2024-06-24 13:05:00+00:00,2024-06-24 14:00:00+00:00,1.07385,1.07345,1.07445,1.0744399999999998,TARGET,0.0004,1.474999999999671,1.349999999999671,0.5899999999998684
N3_ANCHOR_REVERSION,NEUTRAL,SHORT,2024-06-24 18:55:00+00:00,2024-06-24 19:00:00+00:00,2024-06-24 19:00:00+00:00,2024-06-25 03:10:00+00:00,1.07354,1.07394,1.07294,1.07395,STOP,0.0004,-1.0250000000000536,-1.1500000000000536,-0.41000000000002146
N3_ANCHOR_REVERSION,NEUTRAL,LONG,2024-06-25 12:10:00+00:00,2024-06-25 12:15:00+00:00,2024-06-25 12:15:00+00:00,2024-06-25 12:25:00+00:00,1.0715400000000002,1.0711400000000002,1.07214,1.0711300000000001,STOP,0.0004,-1.0250000000000536,-1.1500000000000536,-0.41000000000002146
N4_MICRO_BREAKOUT,NEUTRAL,SHORT,2024-06-25 12:30:00+00:00,2024-06-25 12:35:00+00:00,2024-06-25 12:35:00+00:00,2024-06-25 12:40:00+00:00,1.07076,1.07116,1.07016,1.07117,STOP,0.0004,-1.0250000000000536,-1.1500000000000536,-0.41000000000002146
N4_MICRO_BREAKOUT,NEUTRAL,SHORT,2024-06-25 12:45:00+00:00,2024-06-25 12:50:00+00:00,2024-06-25 12:50:00+00:00,2024-06-25 13:00:00+00:00,1.07039,1.07079,1.06979,1.0708,STOP,0.0004,-1.0250000000000536,-1.1500000000000536,-0.41000000000002146
N4_MICRO_BREAKOUT,NEUTRAL,SHORT,2024-06-25 14:05:00+00:00,2024-06-25 14:10:00+00:00,2024-06-25 14:10:00+00:00,2024-06-25 14:10:00+00:00,1.0691199999999998,1.0695199999999998,1.06852,1.0695299999999999,STOP,0.0004,-1.0250000000000536,-1.1500000000000536,-0.41000000000002146
N4_MICRO_BREAKOUT,NEUTRAL,SHORT,2024-06-26 00:00:00+00:00,2024-06-26 00:05:00+00:00,2024-06-26 00:05:00+00:00,2024-06-26 00:50:00+00:00,1.0707099999999998,1.0711099999999998,1.07011,1.0711199999999999,STOP,0.0004,-1.0250000000000536,-1.1500000000000536,-0.41000000000002146
N1_ROLLING_SWEEP_FADE,NEUTRAL,SHORT,2024-06-26 01:10:00+00:00,2024-06-26 01:15:00+00:00,2024-06-26 01:15:00+00:00,2024-06-26 02:00:00+00:00,1.07135,1.07175,1.07075,1.07176,STOP,0.0004,-1.0250000000000536,-1.1500000000000536,-0.41000000000002146
N1_ROLLING_SWEEP_FADE,NEUTRAL,LONG,2024-06-26 11:30:00+00:00,2024-06-26 11:35:00+00:00,2024-06-26 11:35:00+00:00,2024-06-26 11:55:00+00:00,1.0683,1.0679,1.0689,1.06889,TARGET,0.0004,1.474999999999671,1.349999999999671,0.5899999999998684
N3_ANCHOR_REVERSION,NEUTRAL,SHORT,2024-07-01 07:00:00+00:00,2024-07-01 07:05:00+00:00,2024-07-01 07:05:00+00:00,2024-07-01 07:10:00+00:00,1.0767499999999999,1.0771499999999998,1.07615,1.07716,STOP,0.0004,-1.0250000000000536,-1.1500000000000536,-0.41000000000002146
N2_ASIA_RANGE_FADE,NEUTRAL,SHORT,2024-07-01 07:20:00+00:00,2024-07-01 07:25:00+00:00,2024-07-01 07:25:00+00:00,2024-07-01 07:35:00+00:00,1.0759699999999999,1.0763699999999998,1.07537,1.07538,TARGET,0.0004,1.474999999999671,1.349999999999671,0.5899999999998684
N1_ROLLING_SWEEP_FADE,NEUTRAL,LONG,2024-07-01 07:35:00+00:00,2024-07-01 07:40:00+00:00,2024-07-01 07:40:00+00:00,2024-07-01 07:40:00+00:00,1.076,1.0756000000000001,1.0766,1.07559,STOP,0.0004,-1.0250000000000536,-1.1500000000000536,-0.41000000000002146
N3_ANCHOR_REVERSION,NEUTRAL,LONG,2024-07-01 10:15:00+00:00,2024-07-01 10:20:00+00:00,2024-07-01 10:20:00+00:00,2024-07-01 10:45:00+00:00,1.07519,1.0747900000000001,1.07579,1.07478,STOP,0.0004,-1.0250000000000536,-1.1500000000000536,-0.41000000000002146
N3_ANCHOR_REVERSION,NEUTRAL,SHORT,2024-07-02 18:25:00+00:00,2024-07-02 18:30:00+00:00,2024-07-02 18:30:00+00:00,2024-07-02 19:10:00+00:00,1.07409,1.07449,1.07349,1.0745,STOP,0.0004,-1.0250000000000536,-1.1500000000000536,-0.41000000000002146
N3_ANCHOR_REVERSION,NEUTRAL,SHORT,2024-07-02 19:30:00+00:00,2024-07-02 19:35:00+00:00,2024-07-02 19:35:00+00:00,2024-07-02 22:00:00+00:00,1.07452,1.0749199999999999,1.07392,1.07493,STOP,0.0004,-1.0250000000000536,-1.1500000000000536,-0.41000000000002146
N4_MICRO_BREAKOUT,NEUTRAL,LONG,2024-07-02 22:00:00+00:00,2024-07-02 22:05:00+00:00,2024-07-02 22:05:00+00:00,2024-07-03 01:20:00+00:00,1.0748600000000001,1.0744600000000002,1.07546,1.0744500000000001,STOP,0.0004,-1.0250000000000536,-1.1500000000000536,-0.41000000000002146
N4_MICRO_BREAKOUT,NEUTRAL,SHORT,2024-07-03 01:35:00+00:00,2024-07-03 01:40:00+00:00,2024-07-03 01:40:00+00:00,2024-07-03 02:30:00+00:00,1.07425,1.0746499999999999,1.07365,1.07466,STOP,0.0004,-1.0250000000000536,-1.1500000000000536,-0.41000000000002146
N1_ROLLING_SWEEP_FADE,NEUTRAL,SHORT,2024-07-03 02:35:00+00:00,2024-07-03 02:40:00+00:00,2024-07-03 02:40:00+00:00,2024-07-03 05:15:00+00:00,1.0744,1.0748,1.0738,1.0738100000000002,TARGET,0.0004,1.474999999999671,1.349999999999671,0.5899999999998684
N1_ROLLING_SWEEP_FADE,NEUTRAL,LONG,2024-07-03 05:25:00+00:00,2024-07-03 05:30:00+00:00,2024-07-03 05:30:00+00:00,2024-07-03 06:55:00+00:00,1.07385,1.07345,1.07445,1.0744399999999998,TARGET,0.0004,1.474999999999671,1.349999999999671,0.5899999999998684
N3_ANCHOR_REVERSION,NEUTRAL,LONG,2024-07-03 18:30:00+00:00,2024-07-03 18:35:00+00:00,2024-07-03 18:35:00+00:00,2024-07-03 20:45:00+00:00,1.0782100000000001,1.0778100000000002,1.07881,1.0788,TARGET,0.0004,1.474999999999671,1.349999999999671,0.5899999999998684
N4_MICRO_BREAKOUT,NEUTRAL,LONG,2024-07-04 00:00:00+00:00,2024-07-04 00:05:00+00:00,2024-07-04 00:05:00+00:00,2024-07-04 00:20:00+00:00,1.07936,1.0789600000000001,1.07996,1.07895,STOP,0.0004,-1.0250000000000536,-1.1500000000000536,-0.41000000000002146
N1_ROLLING_SWEEP_FADE,NEUTRAL,SHORT,2024-07-04 01:05:00+00:00,2024-07-04 01:10:00+00:00,2024-07-04 01:10:00+00:00,2024-07-04 03:00:00+00:00,1.0792899999999999,1.0796899999999998,1.07869,1.0787,TARGET,0.0004,1.474999999999671,1.349999999999671,0.5899999999998684
N3_ANCHOR_REVERSION,NEUTRAL,LONG,2024-07-04 04:00:00+00:00,2024-07-04 04:05:00+00:00,2024-07-04 04:05:00+00:00,2024-07-04 06:40:00+00:00,1.0786600000000002,1.0782600000000002,1.07926,1.07925,TARGET,0.0004,1.474999999999671,1.349999999999671,0.5899999999998684
N1_ROLLING_SWEEP_FADE,NEUTRAL,LONG,2024-07-04 16:55:00+00:00,2024-07-04 17:00:00+00:00,2024-07-04 17:00:00+00:00,2024-07-05 03:00:00+00:00,1.08129,1.0808900000000001,1.08189,1.08188,TARGET,0.0004,1.474999999999671,1.349999999999671,0.5899999999998684
N1_ROLLING_SWEEP_FADE,NEUTRAL,SHORT,2024-07-05 04:55:00+00:00,2024-07-05 05:00:00+00:00,2024-07-05 05:00:00+00:00,2024-07-05 06:35:00+00:00,1.08218,1.0825799999999999,1.08158,1.08259,STOP,0.0004,-1.0250000000000536,-1.1500000000000536,-0.41000000000002146
N3_ANCHOR_REVERSION,NEUTRAL,SHORT,2024-07-05 08:05:00+00:00,2024-07-05 08:10:00+00:00,2024-07-05 08:10:00+00:00,2024-07-05 08:40:00+00:00,1.0826399999999998,1.0830399999999998,1.08204,1.0830499999999998,STOP,0.0004,-1.0250000000000536,-1.1500000000000536,-0.41000000000002146
N1_ROLLING_SWEEP_FADE,NEUTRAL,LONG,2024-07-05 10:00:00+00:00,2024-07-05 10:05:00+00:00,2024-07-05 10:05:00+00:00,2024-07-05 10:45:00+00:00,1.0826500000000001,1.0822500000000002,1.08325,1.08224,STOP,0.0004,-1.0250000000000536,-1.1500000000000536,-0.41000000000002146
N3_ANCHOR_REVERSION,NEUTRAL,SHORT,2024-07-25 17:20:00+00:00,2024-07-25 17:25:00+00:00,2024-07-25 17:25:00+00:00,2024-07-25 17:50:00+00:00,1.08613,1.08653,1.08553,1.0855400000000002,TARGET,0.0004,1.474999999999671,1.349999999999671,0.5899999999998684
N4_MICRO_BREAKOUT,NEUTRAL,SHORT,2024-07-25 19:55:00+00:00,2024-07-25 20:00:00+00:00,2024-07-25 20:00:00+00:00,2024-07-25 23:00:00+00:00,1.0845799999999999,1.0849799999999998,1.08398,1.08499,STOP,0.0004,-1.0250000000000536,-1.1500000000000536,-0.41000000000002146
N4_MICRO_BREAKOUT,NEUTRAL,LONG,2024-07-25 23:25:00+00:00,2024-07-25 23:30:00+00:00,2024-07-25 23:30:00+00:00,2024-07-26 01:45:00+00:00,1.0851600000000001,1.0847600000000002,1.08576,1.08575,TARGET,0.0004,1.474999999999671,1.349999999999671,0.5899999999998684
N1_ROLLING_SWEEP_FADE,NEUTRAL,LONG,2024-07-29 13:20:00+00:00,2024-07-29 13:25:00+00:00,2024-07-29 13:25:00+00:00,2024-07-29 14:20:00+00:00,1.08139,1.0809900000000001,1.08199,1.08098,STOP,0.0004,-1.0250000000000536,-1.1500000000000536,-0.41000000000002146
N3_ANCHOR_REVERSION,NEUTRAL,LONG,2024-07-29 14:50:00+00:00,2024-07-29 14:55:00+00:00,2024-07-29 14:55:00+00:00,2024-07-29 15:00:00+00:00,1.08125,1.08085,1.08185,1.08184,TARGET,0.0004,1.474999999999671,1.349999999999671,0.5899999999998684
N1_ROLLING_SWEEP_FADE,NEUTRAL,SHORT,2024-07-29 17:50:00+00:00,2024-07-29 17:55:00+00:00,2024-07-29 17:55:00+00:00,2024-07-30 00:00:00+00:00,1.08246,1.08286,1.08186,1.08187,TARGET,0.0004,1.474999999999671,1.349999999999671,0.5899999999998684
N1_ROLLING_SWEEP_FADE,NEUTRAL,LONG,2024-07-30 00:00:00+00:00,2024-07-30 00:05:00+00:00,2024-07-30 00:05:00+00:00,2024-07-30 00:30:00+00:00,1.08193,1.08153,1.08253,1.08152,STOP,0.0004,-1.0250000000000536,-1.1500000000000536,-0.41000000000002146
N4_MICRO_BREAKOUT,NEUTRAL,SHORT,2024-07-30 00:30:00+00:00,2024-07-30 00:35:00+00:00,2024-07-30 00:35:00+00:00,2024-07-30 01:05:00+00:00,1.08154,1.08194,1.08094,1.08195,STOP,0.0004,-1.0250000000000536,-1.1500000000000536,-0.41000000000002146
N3_ANCHOR_REVERSION,NEUTRAL,LONG,2024-07-30 01:25:00+00:00,2024-07-30 01:30:00+00:00,2024-07-30 01:30:00+00:00,2024-07-30 03:50:00+00:00,1.08162,1.08122,1.08222,1.08221,TARGET,0.0004,1.474999999999671,1.349999999999671,0.5899999999998684
N4_MICRO_BREAKOUT,NEUTRAL,SHORT,2024-07-30 14:00:00+00:00,2024-07-30 14:05:00+00:00,2024-07-30 14:05:00+00:00,2024-07-30 14:05:00+00:00,1.08004,1.0804399999999998,1.07944,1.08045,STOP,0.0004,-1.0250000000000536,-1.1500000000000536,-0.41000000000002146
N1_ROLLING_SWEEP_FADE,NEUTRAL,LONG,2024-07-31 00:10:00+00:00,2024-07-31 00:15:00+00:00,2024-07-31 00:15:00+00:00,2024-07-31 01:00:00+00:00,1.0815000000000001,1.0811000000000002,1.0821,1.08209,TARGET,0.0004,1.474999999999671,1.349999999999671,0.5899999999998684
N4_MICRO_BREAKOUT,NEUTRAL,LONG,2024-07-31 01:10:00+00:00,2024-07-31 01:15:00+00:00,2024-07-31 01:15:00+00:00,2024-07-31 01:20:00+00:00,1.0824,1.082,1.083,1.08199,STOP,0.0004,-1.0250000000000536,-1.1500000000000536,-0.41000000000002146
N1_ROLLING_SWEEP_FADE,NEUTRAL,LONG,2024-07-31 01:30:00+00:00,2024-07-31 01:35:00+00:00,2024-07-31 01:35:00+00:00,2024-07-31 02:30:00+00:00,1.0820800000000002,1.0816800000000002,1.08268,1.08267,TARGET,0.0004,1.474999999999671,1.349999999999671,0.5899999999998684
N1_ROLLING_SWEEP_FADE,NEUTRAL,SHORT,2024-07-31 05:55:00+00:00,2024-07-31 06:00:00+00:00,2024-07-31 06:00:00+00:00,2024-07-31 06:00:00+00:00,1.0824799999999999,1.0828799999999998,1.08188,1.08189,TARGET,0.0004,1.474999999999671,1.349999999999671,0.5899999999998684
N1_ROLLING_SWEEP_FADE,NEUTRAL,SHORT,2024-08-01 01:05:00+00:00,2024-08-01 01:10:00+00:00,2024-08-01 01:10:00+00:00,2024-08-01 01:20:00+00:00,1.08274,1.08314,1.08214,1.08315,STOP,0.0004,-1.0250000000000536,-1.1500000000000536,-0.41000000000002146
N4_MICRO_BREAKOUT,NEUTRAL,LONG,2024-08-01 01:35:00+00:00,2024-08-01 01:40:00+00:00,2024-08-01 01:40:00+00:00,2024-08-01 01:50:00+00:00,1.08338,1.08298,1.08398,1.08297,STOP,0.0004,-1.0250000000000536,-1.1500000000000536,-0.41000000000002146
N3_ANCHOR_REVERSION,NEUTRAL,SHORT,2024-08-01 04:20:00+00:00,2024-08-01 04:25:00+00:00,2024-08-01 04:25:00+00:00,2024-08-01 04:55:00+00:00,1.0833,1.0836999999999999,1.0827,1.08271,TARGET,0.0004,1.474999999999671,1.349999999999671,0.5899999999998684
N1_ROLLING_SWEEP_FADE,NEUTRAL,LONG,2024-08-01 06:00:00+00:00,2024-08-01 06:05:00+00:00,2024-08-01 06:05:00+00:00,2024-08-01 06:05:00+00:00,1.0828,1.0824,1.0834,1.08239,STOP,0.0004,-1.0250000000000536,-1.1500000000000536,-0.41000000000002146
N3_ANCHOR_REVERSION,NEUTRAL,SHORT,2024-08-02 10:05:00+00:00,2024-08-02 10:10:00+00:00,2024-08-02 10:10:00+00:00,2024-08-02 10:15:00+00:00,1.0817599999999998,1.0821599999999998,1.08116,1.0821699999999999,STOP,0.0004,-1.0250000000000536,-1.1500000000000536,-0.41000000000002146
N1_ROLLING_SWEEP_FADE,NEUTRAL,SHORT,2024-08-02 11:15:00+00:00,2024-08-02 11:20:00+00:00,2024-08-02 11:20:00+00:00,2024-08-02 11:20:00+00:00,1.08286,1.08326,1.08226,1.08327,STOP,0.0004,-1.0250000000000536,-1.1500000000000536,-0.41000000000002146
N1_ROLLING_SWEEP_FADE,NEUTRAL,SHORT,2024-08-02 11:30:00+00:00,2024-08-02 11:35:00+00:00,2024-08-02 11:35:00+00:00,2024-08-02 12:30:00+00:00,1.08341,1.08381,1.08281,1.08382,STOP,0.0004,-1.0250000000000536,-1.1500000000000536,-0.41000000000002146
N3_ANCHOR_REVERSION,NEUTRAL,SHORT,2024-08-02 12:35:00+00:00,2024-08-02 12:40:00+00:00,2024-08-02 12:40:00+00:00,2024-08-02 12:40:00+00:00,1.08496,1.0853599999999999,1.08436,1.08537,STOP,0.0004,-1.0250000000000536,-1.1500000000000536,-0.41000000000002146
N1_ROLLING_SWEEP_FADE,NEUTRAL,SHORT,2024-08-08 22:00:00+00:00,2024-08-08 22:05:00+00:00,2024-08-08 22:05:00+00:00,2024-08-09 02:20:00+00:00,1.09162,1.09202,1.09102,1.09203,STOP,0.0004,-1.0250000000000536,-1.1500000000000536,-0.41000000000002146
N4_MICRO_BREAKOUT,NEUTRAL,LONG,2024-08-09 02:30:00+00:00,2024-08-09 02:35:00+00:00,2024-08-09 02:35:00+00:00,2024-08-09 05:00:00+00:00,1.0923200000000002,1.0919200000000002,1.0929200000000001,1.0919100000000002,STOP,0.0004,-1.0250000000000536,-1.1500000000000536,-0.41000000000002146
N1_ROLLING_SWEEP_FADE,NEUTRAL,LONG,2024-08-16 04:00:00+00:00,2024-08-16 04:05:00+00:00,2024-08-16 04:05:00+00:00,2024-08-16 05:30:00+00:00,1.09783,1.0974300000000001,1.09843,1.09842,TARGET,0.0004,1.474999999999671,1.349999999999671,0.5899999999998684
N3_ANCHOR_REVERSION,NEUTRAL,SHORT,2024-08-27 20:55:00+00:00,2024-08-27 21:00:00+00:00,2024-08-27 21:00:00+00:00,2024-08-27 23:50:00+00:00,1.1183299999999998,1.1187299999999998,1.11773,1.11774,TARGET,0.0004,1.474999999999671,1.349999999999671,0.5899999999998684
N3_ANCHOR_REVERSION,NEUTRAL,LONG,2024-08-28 00:15:00+00:00,2024-08-28 00:20:00+00:00,2024-08-28 00:20:00+00:00,2024-08-28 01:30:00+00:00,1.1178000000000001,1.1174000000000002,1.1184,1.11739,STOP,0.0004,-1.0250000000000536,-1.1500000000000536,-0.41000000000002146
N1_ROLLING_SWEEP_FADE,NEUTRAL,LONG,2024-08-28 01:30:00+00:00,2024-08-28 01:35:00+00:00,2024-08-28 01:35:00+00:00,2024-08-28 01:45:00+00:00,1.1178400000000002,1.1174400000000002,1.11844,1.1174300000000001,STOP,0.0004,-1.0250000000000536,-1.1500000000000536,-0.41000000000002146
N4_MICRO_BREAKOUT,NEUTRAL,SHORT,2024-08-28 01:50:00+00:00,2024-08-28 01:55:00+00:00,2024-08-28 01:55:00+00:00,2024-08-28 02:10:00+00:00,1.1172,1.1176,1.1166,1.11761,STOP,0.0004,-1.0250000000000536,-1.1500000000000536,-0.41000000000002146
N4_MICRO_BREAKOUT,NEUTRAL,SHORT,2024-08-28 02:30:00+00:00,2024-08-28 02:35:00+00:00,2024-08-28 02:35:00+00:00,2024-08-28 03:10:00+00:00,1.11707,1.11747,1.11647,1.1164800000000001,TARGET,0.0004,1.474999999999671,1.349999999999671,0.5899999999998684
N4_MICRO_BREAKOUT,NEUTRAL,SHORT,2024-08-29 12:00:00+00:00,2024-08-29 12:05:00+00:00,2024-08-29 12:05:00+00:00,2024-08-29 12:10:00+00:00,1.109,1.1094,1.1084,1.10941,STOP,0.0004,-1.0250000000000536,-1.1500000000000536,-0.41000000000002146
N1_ROLLING_SWEEP_FADE,NEUTRAL,LONG,2024-08-29 12:10:00+00:00,2024-08-29 12:15:00+00:00,2024-08-29 12:15:00+00:00,2024-08-29 12:15:00+00:00,1.10935,1.10895,1.10995,1.10894,STOP,0.0004,-1.0250000000000536,-1.1500000000000536,-0.41000000000002146
N3_ANCHOR_REVERSION,NEUTRAL,LONG,2024-08-29 12:50:00+00:00,2024-08-29 12:55:00+00:00,2024-08-29 12:55:00+00:00,2024-08-29 13:00:00+00:00,1.10849,1.10809,1.10909,1.10808,STOP,0.0004,-1.0250000000000536,-1.1500000000000536,-0.41000000000002146
N4_MICRO_BREAKOUT,NEUTRAL,SHORT,2024-08-29 14:15:00+00:00,2024-08-29 14:20:00+00:00,2024-08-29 14:20:00+00:00,2024-08-29 14:30:00+00:00,1.10635,1.10675,1.10575,1.10576,TARGET,0.0004,1.474999999999671,1.349999999999671,0.5899999999998684
N1_ROLLING_SWEEP_FADE,NEUTRAL,SHORT,2024-08-30 00:25:00+00:00,2024-08-30 00:30:00+00:00,2024-08-30 00:30:00+00:00,2024-08-30 01:55:00+00:00,1.1081299999999998,1.1085299999999998,1.10753,1.10754,TARGET,0.0004,1.474999999999671,1.349999999999671,0.5899999999998684
N4_MICRO_BREAKOUT,NEUTRAL,SHORT,2024-08-30 01:55:00+00:00,2024-08-30 02:00:00+00:00,2024-08-30 02:00:00+00:00,2024-08-30 03:30:00+00:00,1.10714,1.10754,1.10654,1.10755,STOP,0.0004,-1.0250000000000536,-1.1500000000000536,-0.41000000000002146
N1_ROLLING_SWEEP_FADE,NEUTRAL,SHORT,2024-09-04 01:30:00+00:00,2024-09-04 01:35:00+00:00,2024-09-04 01:35:00+00:00,2024-09-04 01:40:00+00:00,1.10496,1.10536,1.10436,1.10537,STOP,0.0004,-1.0250000000000536,-1.1500000000000536,-0.41000000000002146
N1_ROLLING_SWEEP_FADE,NEUTRAL,SHORT,2024-09-04 01:50:00+00:00,2024-09-04 01:55:00+00:00,2024-09-04 01:55:00+00:00,2024-09-04 04:55:00+00:00,1.1053499999999998,1.1057499999999998,1.10475,1.1057599999999999,STOP,0.0004,-1.0250000000000536,-1.1500000000000536,-0.41000000000002146
N1_ROLLING_SWEEP_FADE,NEUTRAL,LONG,2024-09-04 05:50:00+00:00,2024-09-04 05:55:00+00:00,2024-09-04 05:55:00+00:00,2024-09-04 06:00:00+00:00,1.10575,1.10535,1.10635,1.10534,STOP,0.0004,-1.0250000000000536,-1.1500000000000536,-0.41000000000002146
N1_ROLLING_SWEEP_FADE,NEUTRAL,SHORT,2024-09-04 22:05:00+00:00,2024-09-04 22:10:00+00:00,2024-09-04 22:10:00+00:00,2024-09-05 00:30:00+00:00,1.10839,1.10879,1.10779,1.1078000000000001,TARGET,0.0004,1.474999999999671,1.349999999999671,0.5899999999998684
N4_MICRO_BREAKOUT,NEUTRAL,SHORT,2024-09-05 00:30:00+00:00,2024-09-05 00:35:00+00:00,2024-09-05 00:35:00+00:00,2024-09-05 00:40:00+00:00,1.10767,1.1080699999999999,1.10707,1.10808,STOP,0.0004,-1.0250000000000536,-1.1500000000000536,-0.41000000000002146
N3_ANCHOR_REVERSION,NEUTRAL,LONG,2024-09-05 00:50:00+00:00,2024-09-05 00:55:00+00:00,2024-09-05 00:55:00+00:00,2024-09-05 04:00:00+00:00,1.10795,1.10755,1.10855,1.10754,STOP,0.0004,-1.0250000000000536,-1.1500000000000536,-0.41000000000002146
N3_ANCHOR_REVERSION,NEUTRAL,LONG,2024-09-05 04:25:00+00:00,2024-09-05 04:30:00+00:00,2024-09-05 04:30:00+00:00,2024-09-05 06:10:00+00:00,1.10765,1.10725,1.10825,1.10824,TARGET,0.0004,1.474999999999671,1.349999999999671,0.5899999999998684
N3_ANCHOR_REVERSION,NEUTRAL,SHORT,2024-09-09 17:30:00+00:00,2024-09-09 17:35:00+00:00,2024-09-09 17:35:00+00:00,2024-09-09 18:05:00+00:00,1.10499,1.1053899999999999,1.10439,1.1044,TARGET,0.0004,1.474999999999671,1.349999999999671,0.5899999999998684
N1_ROLLING_SWEEP_FADE,NEUTRAL,LONG,2024-09-10 18:00:00+00:00,2024-09-10 18:05:00+00:00,2024-09-10 18:05:00+00:00,2024-09-10 20:50:00+00:00,1.10246,1.10206,1.10306,1.10205,STOP,0.0004,-1.0250000000000536,-1.1500000000000536,-0.41000000000002146
N4_MICRO_BREAKOUT,NEUTRAL,LONG,2024-09-11 05:15:00+00:00,2024-09-11 05:20:00+00:00,2024-09-11 05:20:00+00:00,2024-09-11 05:45:00+00:00,1.10494,1.10454,1.10554,1.10453,STOP,0.0004,-1.0250000000000536,-1.1500000000000536,-0.41000000000002146
N1_ROLLING_SWEEP_FADE,NEUTRAL,LONG,2024-09-11 06:00:00+00:00,2024-09-11 06:05:00+00:00,2024-09-11 06:05:00+00:00,2024-09-11 06:40:00+00:00,1.1046500000000001,1.1042500000000002,1.10525,1.10424,STOP,0.0004,-1.0250000000000536,-1.1500000000000536,-0.41000000000002146
N1_ROLLING_SWEEP_FADE,NEUTRAL,SHORT,2024-09-11 07:00:00+00:00,2024-09-11 07:05:00+00:00,2024-09-11 07:05:00+00:00,2024-09-11 07:15:00+00:00,1.1045,1.1049,1.1039,1.10491,STOP,0.0004,-1.0250000000000536,-1.1500000000000536,-0.41000000000002146
N2_ASIA_RANGE_FADE,NEUTRAL,SHORT,2024-09-11 07:30:00+00:00,2024-09-11 07:35:00+00:00,2024-09-11 07:35:00+00:00,2024-09-11 08:00:00+00:00,1.10462,1.10502,1.10402,1.10403,TARGET,0.0004,1.474999999999671,1.349999999999671,0.5899999999998684
N4_MICRO_BREAKOUT,NEUTRAL,SHORT,2024-09-12 00:15:00+00:00,2024-09-12 00:20:00+00:00,2024-09-12 00:20:00+00:00,2024-09-12 01:35:00+00:00,1.10075,1.1011499999999999,1.10015,1.10116,STOP,0.0004,-1.0250000000000536,-1.1500000000000536,-0.41000000000002146
N3_ANCHOR_REVERSION,NEUTRAL,SHORT,2024-09-12 17:10:00+00:00,2024-09-12 17:15:00+00:00,2024-09-12 17:15:00+00:00,2024-09-12 17:55:00+00:00,1.10465,1.1050499999999999,1.10405,1.10506,STOP,0.0004,-1.0250000000000536,-1.1500000000000536,-0.41000000000002146
N4_MICRO_BREAKOUT,NEUTRAL,LONG,2024-09-12 17:55:00+00:00,2024-09-12 18:00:00+00:00,2024-09-12 18:00:00+00:00,2024-09-12 18:00:00+00:00,1.10571,1.10531,1.10631,1.1053,STOP,0.0004,-1.0250000000000536,-1.1500000000000536,-0.41000000000002146
N3_ANCHOR_REVERSION,NEUTRAL,SHORT,2024-09-12 18:00:00+00:00,2024-09-12 18:05:00+00:00,2024-09-12 18:05:00+00:00,2024-09-12 18:10:00+00:00,1.1052,1.1056,1.1046,1.10561,STOP,0.0004,-1.0250000000000536,-1.1500000000000536,-0.41000000000002146
N1_ROLLING_SWEEP_FADE,NEUTRAL,SHORT,2024-09-13 00:00:00+00:00,2024-09-13 00:05:00+00:00,2024-09-13 00:05:00+00:00,2024-09-13 00:10:00+00:00,1.10777,1.1081699999999999,1.10717,1.10818,STOP,0.0004,-1.0250000000000536,-1.1500000000000536,-0.41000000000002146
N4_MICRO_BREAKOUT,NEUTRAL,LONG,2024-09-13 00:40:00+00:00,2024-09-13 00:45:00+00:00,2024-09-13 00:45:00+00:00,2024-09-13 01:35:00+00:00,1.10868,1.1082800000000002,1.10928,1.10827,STOP,0.0004,-1.0250000000000536,-1.1500000000000536,-0.41000000000002146
N1_ROLLING_SWEEP_FADE,NEUTRAL,SHORT,2024-09-18 22:00:00+00:00,2024-09-18 22:05:00+00:00,2024-09-18 22:05:00+00:00,2024-09-18 22:15:00+00:00,1.11168,1.11208,1.11108,1.11209,STOP,0.0004,-1.0250000000000536,-1.1500000000000536,-0.41000000000002146
N1_ROLLING_SWEEP_FADE,NEUTRAL,SHORT,2024-09-18 22:20:00+00:00,2024-09-18 22:25:00+00:00,2024-09-18 22:25:00+00:00,2024-09-18 23:15:00+00:00,1.11214,1.1125399999999999,1.11154,1.11155,TARGET,0.0004,1.474999999999671,1.349999999999671,0.5899999999998684
N4_MICRO_BREAKOUT,NEUTRAL,SHORT,2024-09-18 23:30:00+00:00,2024-09-18 23:35:00+00:00,2024-09-18 23:35:00+00:00,2024-09-18 23:35:00+00:00,1.1111199999999999,1.1115199999999998,1.11052,1.11153,STOP,0.0004,-1.0250000000000536,-1.1500000000000536,-0.41000000000002146
N3_ANCHOR_REVERSION,NEUTRAL,LONG,2024-09-18 23:35:00+00:00,2024-09-18 23:40:00+00:00,2024-09-18 23:40:00+00:00,2024-09-19 00:05:00+00:00,1.1114300000000001,1.1110300000000002,1.11203,1.1110200000000001,STOP,0.0004,-1.0250000000000536,-1.1500000000000536,-0.41000000000002146
N4_MICRO_BREAKOUT,NEUTRAL,SHORT,2024-09-19 00:05:00+00:00,2024-09-19 00:10:00+00:00,2024-09-19 00:10:00+00:00,2024-09-19 00:10:00+00:00,1.11073,1.11113,1.11013,1.11114,STOP,0.0004,-1.0250000000000536,-1.1500000000000536,-0.41000000000002146
N1_ROLLING_SWEEP_FADE,NEUTRAL,LONG,2024-09-19 00:10:00+00:00,2024-09-19 00:15:00+00:00,2024-09-19 00:15:00+00:00,2024-09-19 00:15:00+00:00,1.11112,1.1107200000000002,1.11172,1.11071,STOP,0.0004,-1.0250000000000536,-1.1500000000000536,-0.41000000000002146
N4_MICRO_BREAKOUT,NEUTRAL,SHORT,2024-09-19 00:35:00+00:00,2024-09-19 00:40:00+00:00,2024-09-19 00:40:00+00:00,2024-09-19 00:45:00+00:00,1.11028,1.11068,1.10968,1.10969,TARGET,0.0004,1.474999999999671,1.349999999999671,0.5899999999998684
N1_ROLLING_SWEEP_FADE,NEUTRAL,SHORT,2024-09-19 04:00:00+00:00,2024-09-19 04:05:00+00:00,2024-09-19 04:05:00+00:00,2024-09-19 04:50:00+00:00,1.1116899999999998,1.1120899999999998,1.11109,1.1120999999999999,STOP,0.0004,-1.0250000000000536,-1.1500000000000536,-0.41000000000002146
N4_MICRO_BREAKOUT,NEUTRAL,SHORT,2024-09-20 00:05:00+00:00,2024-09-20 00:10:00+00:00,2024-09-20 00:10:00+00:00,2024-09-20 00:25:00+00:00,1.1158,1.1161999999999999,1.1152,1.11621,STOP,0.0004,-1.0250000000000536,-1.1500000000000536,-0.41000000000002146
N3_ANCHOR_REVERSION,NEUTRAL,LONG,2024-09-20 15:30:00+00:00,2024-09-20 15:35:00+00:00,2024-09-20 15:35:00+00:00,2024-09-20 15:35:00+00:00,1.11427,1.1138700000000001,1.11487,1.11486,TARGET,0.0004,1.474999999999671,1.349999999999671,0.5899999999998684
N4_MICRO_BREAKOUT,NEUTRAL,SHORT,2024-09-22 23:55:00+00:00,2024-09-23 00:00:00+00:00,2024-09-23 00:00:00+00:00,2024-09-23 02:40:00+00:00,1.11588,1.11628,1.11528,1.11629,STOP,0.0004,-1.0250000000000536,-1.1500000000000536,-0.41000000000002146
N1_ROLLING_SWEEP_FADE,NEUTRAL,SHORT,2024-09-23 10:40:00+00:00,2024-09-23 10:45:00+00:00,2024-09-23 10:45:00+00:00,2024-09-23 10:45:00+00:00,1.11146,1.1118599999999998,1.11086,1.11187,STOP,0.0004,-1.0250000000000536,-1.1500000000000536,-0.41000000000002146
N1_ROLLING_SWEEP_FADE,NEUTRAL,SHORT,2024-09-23 11:35:00+00:00,2024-09-23 11:40:00+00:00,2024-09-23 11:40:00+00:00,2024-09-23 11:50:00+00:00,1.11225,1.11265,1.11165,1.11266,STOP,0.0004,-1.0250000000000536,-1.1500000000000536,-0.41000000000002146
N1_ROLLING_SWEEP_FADE,NEUTRAL,SHORT,2024-09-23 11:50:00+00:00,2024-09-23 11:55:00+00:00,2024-09-23 11:55:00+00:00,2024-09-23 12:10:00+00:00,1.11229,1.11269,1.11169,1.1117000000000001,TARGET,0.0004,1.474999999999671,1.349999999999671,0.5899999999998684
N1_ROLLING_SWEEP_FADE,NEUTRAL,SHORT,2024-09-24 00:00:00+00:00,2024-09-24 00:05:00+00:00,2024-09-24 00:05:00+00:00,2024-09-24 00:05:00+00:00,1.11089,1.11129,1.11029,1.1113,STOP,0.0004,-1.0250000000000536,-1.1500000000000536,-0.41000000000002146
N1_ROLLING_SWEEP_FADE,NEUTRAL,SHORT,2024-09-24 00:15:00+00:00,2024-09-24 00:20:00+00:00,2024-09-24 00:20:00+00:00,2024-09-24 02:50:00+00:00,1.111,1.1114,1.1104,1.1104100000000001,TARGET,0.0004,1.474999999999671,1.349999999999671,0.5899999999998684
N1_ROLLING_SWEEP_FADE,NEUTRAL,SHORT,2024-09-24 12:20:00+00:00,2024-09-24 12:25:00+00:00,2024-09-24 12:25:00+00:00,2024-09-24 12:35:00+00:00,1.11368,1.11408,1.11308,1.11409,STOP,0.0004,-1.0250000000000536,-1.1500000000000536,-0.41000000000002146
N1_ROLLING_SWEEP_FADE,NEUTRAL,SHORT,2024-09-24 12:40:00+00:00,2024-09-24 12:45:00+00:00,2024-09-24 12:45:00+00:00,2024-09-24 13:10:00+00:00,1.1143699999999999,1.1147699999999998,1.11377,1.11378,TARGET,0.0004,1.474999999999671,1.349999999999671,0.5899999999998684
N1_ROLLING_SWEEP_FADE,NEUTRAL,SHORT,2024-09-25 00:00:00+00:00,2024-09-25 00:05:00+00:00,2024-09-25 00:05:00+00:00,2024-09-25 00:40:00+00:00,1.11903,1.11943,1.11843,1.11944,STOP,0.0004,-1.0250000000000536,-1.1500000000000536,-0.41000000000002146
N3_ANCHOR_REVERSION,NEUTRAL,SHORT,2024-09-25 01:00:00+00:00,2024-09-25 01:05:00+00:00,2024-09-25 01:05:00+00:00,2024-09-25 02:45:00+00:00,1.11914,1.11954,1.11854,1.11955,STOP,0.0004,-1.0250000000000536,-1.1500000000000536,-0.41000000000002146
N1_ROLLING_SWEEP_FADE,NEUTRAL,SHORT,2024-09-25 02:45:00+00:00,2024-09-25 02:50:00+00:00,2024-09-25 02:50:00+00:00,2024-09-25 03:25:00+00:00,1.1193499999999998,1.1197499999999998,1.11875,1.1197599999999999,STOP,0.0004,-1.0250000000000536,-1.1500000000000536,-0.41000000000002146
N3_ANCHOR_REVERSION,NEUTRAL,SHORT,2024-09-25 04:00:00+00:00,2024-09-25 04:05:00+00:00,2024-09-25 04:05:00+00:00,2024-09-25 06:10:00+00:00,1.11964,1.12004,1.11904,1.11905,TARGET,0.0004,1.474999999999671,1.349999999999671,0.5899999999998684
N1_ROLLING_SWEEP_FADE,NEUTRAL,LONG,2024-09-26 00:00:00+00:00,2024-09-26 00:05:00+00:00,2024-09-26 00:05:00+00:00,2024-09-26 01:55:00+00:00,1.11332,1.1129200000000001,1.11392,1.11391,TARGET,0.0004,1.474999999999671,1.349999999999671,0.5899999999998684
N3_ANCHOR_REVERSION,NEUTRAL,SHORT,2024-09-26 02:00:00+00:00,2024-09-26 02:05:00+00:00,2024-09-26 02:05:00+00:00,2024-09-26 03:05:00+00:00,1.11394,1.1143399999999999,1.11334,1.11435,STOP,0.0004,-1.0250000000000536,-1.1500000000000536,-0.41000000000002146
N4_MICRO_BREAKOUT,NEUTRAL,LONG,2024-09-26 05:50:00+00:00,2024-09-26 05:55:00+00:00,2024-09-26 05:55:00+00:00,2024-09-26 06:45:00+00:00,1.11498,1.1145800000000001,1.11558,1.11557,TARGET,0.0004,1.474999999999671,1.349999999999671,0.5899999999998684
N3_ANCHOR_REVERSION,NEUTRAL,SHORT,2024-09-26 06:50:00+00:00,2024-09-26 06:55:00+00:00,2024-09-26 06:55:00+00:00,2024-09-26 07:00:00+00:00,1.11533,1.1157299999999999,1.11473,1.11574,STOP,0.0004,-1.0250000000000536,-1.1500000000000536,-0.41000000000002146
N1_ROLLING_SWEEP_FADE,NEUTRAL,SHORT,2024-09-27 00:00:00+00:00,2024-09-27 00:05:00+00:00,2024-09-27 00:05:00+00:00,2024-09-27 01:30:00+00:00,1.11741,1.11781,1.11681,1.1168200000000001,TARGET,0.0004,1.474999999999671,1.349999999999671,0.5899999999998684
N4_MICRO_BREAKOUT,NEUTRAL,SHORT,2024-09-27 01:30:00+00:00,2024-09-27 01:35:00+00:00,2024-09-27 01:35:00+00:00,2024-09-27 03:05:00+00:00,1.1167099999999999,1.1171099999999998,1.11611,1.11712,STOP,0.0004,-1.0250000000000536,-1.1500000000000536,-0.41000000000002146
N1_ROLLING_SWEEP_FADE,NEUTRAL,LONG,2024-09-27 14:25:00+00:00,2024-09-27 14:30:00+00:00,2024-09-27 14:30:00+00:00,2024-09-27 14:30:00+00:00,1.1181800000000002,1.1177800000000002,1.11878,1.11877,TARGET,0.0004,1.474999999999671,1.349999999999671,0.5899999999998684
N1_ROLLING_SWEEP_FADE,NEUTRAL,SHORT,2024-09-27 17:50:00+00:00,2024-09-27 17:55:00+00:00,2024-09-27 17:55:00+00:00,2024-09-27 18:00:00+00:00,1.11608,1.11648,1.11548,1.11649,STOP,0.0004,-1.0250000000000536,-1.1500000000000536,-0.41000000000002146
N1_ROLLING_SWEEP_FADE,NEUTRAL,SHORT,2024-09-29 22:30:00+00:00,2024-09-29 22:35:00+00:00,2024-09-29 22:35:00+00:00,2024-09-30 00:15:00+00:00,1.11697,1.11737,1.11637,1.11738,STOP,0.0004,-1.0250000000000536,-1.1500000000000536,-0.41000000000002146
N4_MICRO_BREAKOUT,NEUTRAL,LONG,2024-09-30 00:15:00+00:00,2024-09-30 00:20:00+00:00,2024-09-30 00:20:00+00:00,2024-09-30 00:25:00+00:00,1.11737,1.11697,1.11797,1.11696,STOP,0.0004,-1.0250000000000536,-1.1500000000000536,-0.41000000000002146
N4_MICRO_BREAKOUT,NEUTRAL,SHORT,2024-09-30 13:00:00+00:00,2024-09-30 13:05:00+00:00,2024-09-30 13:05:00+00:00,2024-09-30 13:05:00+00:00,1.1179,1.1182999999999998,1.1173,1.11731,TARGET,0.0004,1.474999999999671,1.349999999999671,0.5899999999998684
N1_ROLLING_SWEEP_FADE,NEUTRAL,LONG,2024-09-30 13:10:00+00:00,2024-09-30 13:15:00+00:00,2024-09-30 13:15:00+00:00,2024-09-30 13:20:00+00:00,1.11799,1.11759,1.11859,1.11758,STOP,0.0004,-1.0250000000000536,-1.1500000000000536,-0.41000000000002146
N3_ANCHOR_REVERSION,NEUTRAL,LONG,2024-09-30 13:30:00+00:00,2024-09-30 13:35:00+00:00,2024-09-30 13:35:00+00:00,2024-09-30 13:40:00+00:00,1.1176700000000002,1.1172700000000002,1.11827,1.1172600000000001,STOP,0.0004,-1.0250000000000536,-1.1500000000000536,-0.41000000000002146
N1_ROLLING_SWEEP_FADE,NEUTRAL,LONG,2024-10-01 00:00:00+00:00,2024-10-01 00:05:00+00:00,2024-10-01 00:05:00+00:00,2024-10-01 00:25:00+00:00,1.1137400000000002,1.1133400000000002,1.11434,1.1133300000000002,STOP,0.0004,-1.0250000000000536,-1.1500000000000536,-0.41000000000002146
N4_MICRO_BREAKOUT,NEUTRAL,SHORT,2024-10-01 00:30:00+00:00,2024-10-01 00:35:00+00:00,2024-10-01 00:35:00+00:00,2024-10-01 01:20:00+00:00,1.1133199999999999,1.1137199999999998,1.11272,1.1137299999999999,STOP,0.0004,-1.0250000000000536,-1.1500000000000536,-0.41000000000002146
N1_ROLLING_SWEEP_FADE,NEUTRAL,SHORT,2024-10-01 01:35:00+00:00,2024-10-01 01:40:00+00:00,2024-10-01 01:40:00+00:00,2024-10-01 01:50:00+00:00,1.11388,1.11428,1.11328,1.11429,STOP,0.0004,-1.0250000000000536,-1.1500000000000536,-0.41000000000002146
N4_MICRO_BREAKOUT,NEUTRAL,LONG,2024-10-01 01:55:00+00:00,2024-10-01 02:00:00+00:00,2024-10-01 02:00:00+00:00,2024-10-01 02:05:00+00:00,1.11439,1.11399,1.11499,1.11398,STOP,0.0004,-1.0250000000000536,-1.1500000000000536,-0.41000000000002146
N1_ROLLING_SWEEP_FADE,NEUTRAL,LONG,2024-10-01 23:55:00+00:00,2024-10-02 00:00:00+00:00,2024-10-02 00:00:00+00:00,2024-10-02 00:30:00+00:00,1.10653,1.10613,1.10713,1.1071199999999999,TARGET,0.0004,1.474999999999671,1.349999999999671,0.5899999999998684
N1_ROLLING_SWEEP_FADE,NEUTRAL,SHORT,2024-10-02 00:30:00+00:00,2024-10-02 00:35:00+00:00,2024-10-02 00:35:00+00:00,2024-10-02 00:55:00+00:00,1.10703,1.10743,1.10643,1.10644,TARGET,0.0004,1.474999999999671,1.349999999999671,0.5899999999998684
N1_ROLLING_SWEEP_FADE,NEUTRAL,SHORT,2024-10-16 01:15:00+00:00,2024-10-16 01:20:00+00:00,2024-10-16 01:20:00+00:00,2024-10-16 01:30:00+00:00,1.0885799999999999,1.0889799999999998,1.08798,1.08899,STOP,0.0004,-1.0250000000000536,-1.1500000000000536,-0.41000000000002146
N1_ROLLING_SWEEP_FADE,NEUTRAL,SHORT,2024-10-16 01:30:00+00:00,2024-10-16 01:35:00+00:00,2024-10-16 01:35:00+00:00,2024-10-16 01:40:00+00:00,1.08872,1.0891199999999999,1.08812,1.08913,STOP,0.0004,-1.0250000000000536,-1.1500000000000536,-0.41000000000002146
N4_MICRO_BREAKOUT,NEUTRAL,LONG,2024-10-16 01:40:00+00:00,2024-10-16 01:45:00+00:00,2024-10-16 01:45:00+00:00,2024-10-16 05:05:00+00:00,1.0891600000000001,1.0887600000000002,1.08976,1.08875,STOP,0.0004,-1.0250000000000536,-1.1500000000000536,-0.41000000000002146
N1_ROLLING_SWEEP_FADE,NEUTRAL,SHORT,2024-10-16 05:50:00+00:00,2024-10-16 05:55:00+00:00,2024-10-16 05:55:00+00:00,2024-10-16 06:00:00+00:00,1.08884,1.08924,1.08824,1.0882500000000002,TARGET,0.0004,1.474999999999671,1.349999999999671,0.5899999999998684
N1_ROLLING_SWEEP_FADE,NEUTRAL,SHORT,2024-10-17 00:30:00+00:00,2024-10-17 00:35:00+00:00,2024-10-17 00:35:00+00:00,2024-10-17 03:20:00+00:00,1.08619,1.08659,1.08559,1.0856000000000001,TARGET,0.0004,1.474999999999671,1.349999999999671,0.5899999999998684
N1_ROLLING_SWEEP_FADE,NEUTRAL,LONG,2024-10-17 05:05:00+00:00,2024-10-17 05:10:00+00:00,2024-10-17 05:10:00+00:00,2024-10-17 06:55:00+00:00,1.08541,1.08501,1.08601,1.085,STOP,0.0004,-1.0250000000000536,-1.1500000000000536,-0.41000000000002146
N3_ANCHOR_REVERSION,NEUTRAL,LONG,2024-10-30 12:00:00+00:00,2024-10-30 12:05:00+00:00,2024-10-30 12:05:00+00:00,2024-10-30 12:15:00+00:00,1.08281,1.08241,1.08341,1.0824,STOP,0.0004,-1.0250000000000536,-1.1500000000000536,-0.41000000000002146
N4_MICRO_BREAKOUT,NEUTRAL,SHORT,2024-10-30 12:15:00+00:00,2024-10-30 12:20:00+00:00,2024-10-30 12:20:00+00:00,2024-10-30 12:30:00+00:00,1.08128,1.08168,1.08068,1.08169,STOP,0.0004,-1.0250000000000536,-1.1500000000000536,-0.41000000000002146
N4_MICRO_BREAKOUT,NEUTRAL,SHORT,2024-10-30 12:30:00+00:00,2024-10-30 12:35:00+00:00,2024-10-30 12:35:00+00:00,2024-10-30 12:35:00+00:00,1.08096,1.0813599999999999,1.08036,1.08137,STOP,0.0004,-1.0250000000000536,-1.1500000000000536,-0.41000000000002146
N3_ANCHOR_REVERSION,NEUTRAL,LONG,2024-10-30 12:35:00+00:00,2024-10-30 12:40:00+00:00,2024-10-30 12:40:00+00:00,2024-10-30 12:40:00+00:00,1.08166,1.08126,1.08226,1.08125,STOP,0.0004,-1.0250000000000536,-1.1500000000000536,-0.41000000000002146
N4_MICRO_BREAKOUT,NEUTRAL,SHORT,2024-10-31 00:25:00+00:00,2024-10-31 00:30:00+00:00,2024-10-31 00:30:00+00:00,2024-10-31 01:45:00+00:00,1.08557,1.0859699999999999,1.08497,1.08498,TARGET,0.0004,1.474999999999671,1.349999999999671,0.5899999999998684
N4_MICRO_BREAKOUT,NEUTRAL,SHORT,2024-10-31 01:50:00+00:00,2024-10-31 01:55:00+00:00,2024-10-31 01:55:00+00:00,2024-10-31 02:35:00+00:00,1.08467,1.08507,1.08407,1.08508,STOP,0.0004,-1.0250000000000536,-1.1500000000000536,-0.41000000000002146
N3_ANCHOR_REVERSION,NEUTRAL,LONG,2024-10-31 02:45:00+00:00,2024-10-31 02:50:00+00:00,2024-10-31 02:50:00+00:00,2024-10-31 04:25:00+00:00,1.0849600000000001,1.0845600000000002,1.08556,1.0845500000000001,STOP,0.0004,-1.0250000000000536,-1.1500000000000536,-0.41000000000002146
N3_ANCHOR_REVERSION,NEUTRAL,LONG,2024-11-01 03:35:00+00:00,2024-11-01 03:40:00+00:00,2024-11-01 03:40:00+00:00,2024-11-01 05:20:00+00:00,1.08785,1.08745,1.08845,1.08744,STOP,0.0004,-1.0250000000000536,-1.1500000000000536,-0.41000000000002146
N4_MICRO_BREAKOUT,NEUTRAL,SHORT,2024-11-01 17:40:00+00:00,2024-11-01 17:45:00+00:00,2024-11-01 17:45:00+00:00,2024-11-01 18:00:00+00:00,1.08357,1.0839699999999999,1.08297,1.08398,STOP,0.0004,-1.0250000000000536,-1.1500000000000536,-0.41000000000002146
N3_ANCHOR_REVERSION,NEUTRAL,LONG,2024-11-01 18:55:00+00:00,2024-11-01 19:00:00+00:00,2024-11-01 19:00:00+00:00,2024-11-01 19:35:00+00:00,1.08397,1.0835700000000001,1.08457,1.08356,STOP,0.0004,-1.0250000000000536,-1.1500000000000536,-0.41000000000002146
N3_ANCHOR_REVERSION,NEUTRAL,LONG,2024-11-01 20:35:00+00:00,2024-11-01 20:40:00+00:00,2024-11-01 20:40:00+00:00,2024-11-01 20:55:00+00:00,1.08345,1.08305,1.08405,1.08326,TIME_12H,0.0004,-0.47500000000033626,-0.6000000000003363,-0.1900000000001345
N4_MICRO_BREAKOUT,NEUTRAL,LONG,2024-11-04 03:00:00+00:00,2024-11-04 03:05:00+00:00,2024-11-04 03:05:00+00:00,2024-11-04 03:50:00+00:00,1.08985,1.08945,1.09045,1.0904399999999999,TARGET,0.0004,1.474999999999671,1.349999999999671,0.5899999999998684
N3_ANCHOR_REVERSION,NEUTRAL,SHORT,2024-11-04 04:55:00+00:00,2024-11-04 05:00:00+00:00,2024-11-04 05:00:00+00:00,2024-11-04 06:00:00+00:00,1.08972,1.09012,1.08912,1.09013,STOP,0.0004,-1.0250000000000536,-1.1500000000000536,-0.41000000000002146
N4_MICRO_BREAKOUT,NEUTRAL,LONG,2024-11-04 06:00:00+00:00,2024-11-04 06:05:00+00:00,2024-11-04 06:05:00+00:00,2024-11-04 06:05:00+00:00,1.0902200000000002,1.0898200000000002,1.0908200000000001,1.0898100000000002,STOP,0.0004,-1.0250000000000536,-1.1500000000000536,-0.41000000000002146
N3_ANCHOR_REVERSION,NEUTRAL,SHORT,2024-11-04 06:05:00+00:00,2024-11-04 06:10:00+00:00,2024-11-04 06:10:00+00:00,2024-11-04 06:55:00+00:00,1.08979,1.09019,1.08919,1.0892000000000002,TARGET,0.0004,1.474999999999671,1.349999999999671,0.5899999999998684
N4_MICRO_BREAKOUT,NEUTRAL,LONG,2024-11-05 05:30:00+00:00,2024-11-05 05:35:00+00:00,2024-11-05 05:35:00+00:00,2024-11-05 07:05:00+00:00,1.08797,1.0875700000000001,1.08857,1.08856,TARGET,0.0004,1.474999999999671,1.349999999999671,0.5899999999998684
N1_ROLLING_SWEEP_FADE,NEUTRAL,SHORT,2024-11-05 18:30:00+00:00,2024-11-05 18:35:00+00:00,2024-11-05 18:35:00+00:00,2024-11-05 19:05:00+00:00,1.09344,1.09384,1.09284,1.09285,TARGET,0.0004,1.474999999999671,1.349999999999671,0.5899999999998684
N1_ROLLING_SWEEP_FADE,NEUTRAL,LONG,2024-11-05 23:00:00+00:00,2024-11-05 23:05:00+00:00,2024-11-05 23:05:00+00:00,2024-11-05 23:10:00+00:00,1.09267,1.09227,1.09327,1.09226,STOP,0.0004,-1.0250000000000536,-1.1500000000000536,-0.41000000000002146
N4_MICRO_BREAKOUT,NEUTRAL,SHORT,2024-11-05 23:10:00+00:00,2024-11-05 23:15:00+00:00,2024-11-05 23:15:00+00:00,2024-11-05 23:30:00+00:00,1.0918299999999999,1.0922299999999998,1.09123,1.0922399999999999,STOP,0.0004,-1.0250000000000536,-1.1500000000000536,-0.41000000000002146
N4_MICRO_BREAKOUT,NEUTRAL,SHORT,2024-11-06 00:20:00+00:00,2024-11-06 00:25:00+00:00,2024-11-06 00:25:00+00:00,2024-11-06 00:25:00+00:00,1.08826,1.08866,1.08766,1.08867,STOP,0.0004,-1.0250000000000536,-1.1500000000000536,-0.41000000000002146
N4_MICRO_BREAKOUT,NEUTRAL,SHORT,2024-11-06 00:40:00+00:00,2024-11-06 00:45:00+00:00,2024-11-06 00:45:00+00:00,2024-11-06 00:45:00+00:00,1.08501,1.08541,1.08441,1.0844200000000002,TARGET,0.0004,1.474999999999671,1.349999999999671,0.5899999999998684
N4_MICRO_BREAKOUT,NEUTRAL,SHORT,2024-11-06 01:00:00+00:00,2024-11-06 01:05:00+00:00,2024-11-06 01:05:00+00:00,2024-11-06 01:05:00+00:00,1.08269,1.0830899999999999,1.08209,1.0831,STOP,0.0004,-1.0250000000000536,-1.1500000000000536,-0.41000000000002146
N1_ROLLING_SWEEP_FADE,NEUTRAL,LONG,2024-11-06 01:05:00+00:00,2024-11-06 01:10:00+00:00,2024-11-06 01:10:00+00:00,2024-11-06 01:10:00+00:00,1.08379,1.08339,1.08439,1.08338,STOP,0.0004,-1.0250000000000536,-1.1500000000000536,-0.41000000000002146
N1_ROLLING_SWEEP_FADE,NEUTRAL,SHORT,2024-11-08 20:30:00+00:00,2024-11-08 20:35:00+00:00,2024-11-08 20:35:00+00:00,2024-11-08 20:40:00+00:00,1.0714599999999999,1.0718599999999998,1.07086,1.0718699999999999,STOP,0.0004,-1.0250000000000536,-1.1500000000000536,-0.41000000000002146
N1_ROLLING_SWEEP_FADE,NEUTRAL,SHORT,2024-11-08 20:55:00+00:00,2024-11-08 21:00:00+00:00,2024-11-08 21:00:00+00:00,2024-11-08 21:20:00+00:00,1.0717599999999998,1.0721599999999998,1.07116,1.0721699999999998,STOP,0.0004,-1.0250000000000536,-1.1500000000000536,-0.41000000000002146
N4_MICRO_BREAKOUT,NEUTRAL,SHORT,2024-11-10 22:55:00+00:00,2024-11-10 23:00:00+00:00,2024-11-10 23:00:00+00:00,2024-11-10 23:00:00+00:00,1.07084,1.07124,1.07024,1.07125,STOP,0.0004,-1.0250000000000536,-1.1500000000000536,-0.41000000000002146
N4_MICRO_BREAKOUT,NEUTRAL,LONG,2024-11-11 00:25:00+00:00,2024-11-11 00:30:00+00:00,2024-11-11 00:30:00+00:00,2024-11-11 00:50:00+00:00,1.0719100000000001,1.0715100000000002,1.07251,1.0715000000000001,STOP,0.0004,-1.0250000000000536,-1.1500000000000536,-0.41000000000002146
N4_MICRO_BREAKOUT,NEUTRAL,LONG,2024-11-11 01:10:00+00:00,2024-11-11 01:15:00+00:00,2024-11-11 01:15:00+00:00,2024-11-11 03:35:00+00:00,1.07221,1.0718100000000002,1.07281,1.0718,STOP,0.0004,-1.0250000000000536,-1.1500000000000536,-0.41000000000002146
N1_ROLLING_SWEEP_FADE,NEUTRAL,LONG,2024-11-11 04:05:00+00:00,2024-11-11 04:10:00+00:00,2024-11-11 04:10:00+00:00,2024-11-11 04:35:00+00:00,1.0715100000000002,1.0711100000000002,1.0721100000000001,1.0711000000000002,STOP,0.0004,-1.0250000000000536,-1.1500000000000536,-0.41000000000002146
N4_MICRO_BREAKOUT,NEUTRAL,SHORT,2024-11-11 04:40:00+00:00,2024-11-11 04:45:00+00:00,2024-11-11 04:45:00+00:00,2024-11-11 04:50:00+00:00,1.07087,1.07127,1.07027,1.07128,STOP,0.0004,-1.0250000000000536,-1.1500000000000536,-0.41000000000002146
N1_ROLLING_SWEEP_FADE,NEUTRAL,LONG,2024-11-12 01:35:00+00:00,2024-11-12 01:40:00+00:00,2024-11-12 01:40:00+00:00,2024-11-12 01:45:00+00:00,1.0653700000000002,1.0649700000000002,1.06597,1.06596,TARGET,0.0004,1.474999999999671,1.349999999999671,0.5899999999998684
N1_ROLLING_SWEEP_FADE,NEUTRAL,SHORT,2024-11-12 01:45:00+00:00,2024-11-12 01:50:00+00:00,2024-11-12 01:50:00+00:00,2024-11-12 01:55:00+00:00,1.0655,1.0658999999999998,1.0649,1.06491,TARGET,0.0004,1.474999999999671,1.349999999999671,0.5899999999998684
N1_ROLLING_SWEEP_FADE,NEUTRAL,LONG,2024-11-12 12:10:00+00:00,2024-11-12 12:15:00+00:00,2024-11-12 12:15:00+00:00,2024-11-12 12:15:00+00:00,1.06166,1.06126,1.06226,1.06125,STOP,0.0004,-1.0250000000000536,-1.1500000000000536,-0.41000000000002146
N1_ROLLING_SWEEP_FADE,NEUTRAL,LONG,2024-11-12 12:30:00+00:00,2024-11-12 12:35:00+00:00,2024-11-12 12:35:00+00:00,2024-11-12 12:45:00+00:00,1.06118,1.06078,1.06178,1.0617699999999999,TARGET,0.0004,1.474999999999671,1.349999999999671,0.5899999999998684
N4_MICRO_BREAKOUT,NEUTRAL,LONG,2024-11-19 12:55:00+00:00,2024-11-19 13:00:00+00:00,2024-11-19 13:00:00+00:00,2024-11-19 13:05:00+00:00,1.05729,1.05689,1.05789,1.05788,TARGET,0.0004,1.474999999999671,1.349999999999671,0.5899999999998684
N4_MICRO_BREAKOUT,NEUTRAL,LONG,2024-11-19 13:15:00+00:00,2024-11-19 13:20:00+00:00,2024-11-19 13:20:00+00:00,2024-11-19 13:20:00+00:00,1.05847,1.05807,1.05907,1.05806,STOP,0.0004,-1.0250000000000536,-1.1500000000000536,-0.41000000000002146
N3_ANCHOR_REVERSION,NEUTRAL,SHORT,2024-11-19 13:20:00+00:00,2024-11-19 13:25:00+00:00,2024-11-19 13:25:00+00:00,2024-11-19 13:25:00+00:00,1.05784,1.0582399999999998,1.05724,1.05825,STOP,0.0004,-1.0250000000000536,-1.1500000000000536,-0.41000000000002146
N4_MICRO_BREAKOUT,NEUTRAL,LONG,2024-11-19 13:30:00+00:00,2024-11-19 13:35:00+00:00,2024-11-19 13:35:00+00:00,2024-11-19 13:35:00+00:00,1.0585600000000002,1.0581600000000002,1.05916,1.05915,TARGET,0.0004,1.474999999999671,1.349999999999671,0.5899999999998684
N3_ANCHOR_REVERSION,NEUTRAL,LONG,2024-11-20 11:30:00+00:00,2024-11-20 11:35:00+00:00,2024-11-20 11:35:00+00:00,2024-11-20 11:40:00+00:00,1.05536,1.0549600000000001,1.05596,1.05495,STOP,0.0004,-1.0250000000000536,-1.1500000000000536,-0.41000000000002146
N3_ANCHOR_REVERSION,NEUTRAL,LONG,2024-11-20 14:25:00+00:00,2024-11-20 14:30:00+00:00,2024-11-20 14:30:00+00:00,2024-11-20 14:30:00+00:00,1.05383,1.05343,1.05443,1.05442,TARGET,0.0004,1.474999999999671,1.349999999999671,0.5899999999998684
N3_ANCHOR_REVERSION,NEUTRAL,LONG,2024-11-20 14:40:00+00:00,2024-11-20 14:45:00+00:00,2024-11-20 14:45:00+00:00,2024-11-20 14:45:00+00:00,1.05431,1.0539100000000001,1.05491,1.0539,STOP,0.0004,-1.0250000000000536,-1.1500000000000536,-0.41000000000002146
N3_ANCHOR_REVERSION,NEUTRAL,LONG,2024-11-20 15:25:00+00:00,2024-11-20 15:30:00+00:00,2024-11-20 15:30:00+00:00,2024-11-20 15:30:00+00:00,1.05362,1.05322,1.05422,1.05321,STOP,0.0004,-1.0250000000000536,-1.1500000000000536,-0.41000000000002146
N3_ANCHOR_REVERSION,NEUTRAL,SHORT,2024-11-21 00:05:00+00:00,2024-11-21 00:10:00+00:00,2024-11-21 00:10:00+00:00,2024-11-21 00:55:00+00:00,1.0544,1.0548,1.0538,1.05481,STOP,0.0004,-1.0250000000000536,-1.1500000000000536,-0.41000000000002146
N1_ROLLING_SWEEP_FADE,NEUTRAL,SHORT,2024-11-21 00:55:00+00:00,2024-11-21 01:00:00+00:00,2024-11-21 01:00:00+00:00,2024-11-21 01:15:00+00:00,1.05457,1.05497,1.05397,1.05498,STOP,0.0004,-1.0250000000000536,-1.1500000000000536,-0.41000000000002146
N4_MICRO_BREAKOUT,NEUTRAL,LONG,2024-11-21 01:20:00+00:00,2024-11-21 01:25:00+00:00,2024-11-21 01:25:00+00:00,2024-11-21 01:30:00+00:00,1.05502,1.0546200000000001,1.05562,1.05461,STOP,0.0004,-1.0250000000000536,-1.1500000000000536,-0.41000000000002146
N3_ANCHOR_REVERSION,NEUTRAL,SHORT,2024-11-21 01:30:00+00:00,2024-11-21 01:35:00+00:00,2024-11-21 01:35:00+00:00,2024-11-21 01:45:00+00:00,1.0546,1.055,1.054,1.05501,STOP,0.0004,-1.0250000000000536,-1.1500000000000536,-0.41000000000002146
N3_ANCHOR_REVERSION,NEUTRAL,LONG,2024-11-22 00:00:00+00:00,2024-11-22 00:05:00+00:00,2024-11-22 00:05:00+00:00,2024-11-22 00:20:00+00:00,1.0471400000000002,1.0467400000000002,1.0477400000000001,1.0467300000000002,STOP,0.0004,-1.0250000000000536,-1.1500000000000536,-0.41000000000002146
N1_ROLLING_SWEEP_FADE,NEUTRAL,LONG,2024-11-22 00:20:00+00:00,2024-11-22 00:25:00+00:00,2024-11-22 00:25:00+00:00,2024-11-22 01:00:00+00:00,1.04706,1.0466600000000001,1.04766,1.04765,TARGET,0.0004,1.474999999999671,1.349999999999671,0.5899999999998684
N1_ROLLING_SWEEP_FADE,NEUTRAL,SHORT,2024-11-22 01:50:00+00:00,2024-11-22 01:55:00+00:00,2024-11-22 01:55:00+00:00,2024-11-22 02:10:00+00:00,1.04758,1.04798,1.04698,1.04699,TARGET,0.0004,1.474999999999671,1.349999999999671,0.5899999999998684
N1_ROLLING_SWEEP_FADE,NEUTRAL,LONG,2024-11-22 04:45:00+00:00,2024-11-22 04:50:00+00:00,2024-11-22 04:50:00+00:00,2024-11-22 05:00:00+00:00,1.04753,1.0471300000000001,1.04813,1.04712,STOP,0.0004,-1.0250000000000536,-1.1500000000000536,-0.41000000000002146
N1_ROLLING_SWEEP_FADE,NEUTRAL,LONG,2024-11-25 05:25:00+00:00,2024-11-25 05:30:00+00:00,2024-11-25 05:30:00+00:00,2024-11-25 06:20:00+00:00,1.04786,1.04746,1.04846,1.0484499999999999,TARGET,0.0004,1.474999999999671,1.349999999999671,0.5899999999998684
N4_MICRO_BREAKOUT,NEUTRAL,LONG,2024-11-25 06:20:00+00:00,2024-11-25 06:25:00+00:00,2024-11-25 06:25:00+00:00,2024-11-25 06:50:00+00:00,1.04868,1.04828,1.04928,1.04827,STOP,0.0004,-1.0250000000000536,-1.1500000000000536,-0.41000000000002146
N1_ROLLING_SWEEP_FADE,NEUTRAL,LONG,2024-11-25 07:05:00+00:00,2024-11-25 07:10:00+00:00,2024-11-25 07:10:00+00:00,2024-11-25 07:10:00+00:00,1.0482500000000001,1.0478500000000002,1.04885,1.04784,STOP,0.0004,-1.0250000000000536,-1.1500000000000536,-0.41000000000002146
N2_ASIA_RANGE_FADE,NEUTRAL,LONG,2024-11-25 07:15:00+00:00,2024-11-25 07:20:00+00:00,2024-11-25 07:20:00+00:00,2024-11-25 07:20:00+00:00,1.04759,1.04719,1.04819,1.04718,STOP,0.0004,-1.0250000000000536,-1.1500000000000536,-0.41000000000002146
N4_MICRO_BREAKOUT,NEUTRAL,LONG,2024-11-26 04:00:00+00:00,2024-11-26 04:05:00+00:00,2024-11-26 04:05:00+00:00,2024-11-26 04:15:00+00:00,1.04868,1.04828,1.04928,1.04827,STOP,0.0004,-1.0250000000000536,-1.1500000000000536,-0.41000000000002146
N3_ANCHOR_REVERSION,NEUTRAL,SHORT,2024-11-26 05:10:00+00:00,2024-11-26 05:15:00+00:00,2024-11-26 05:15:00+00:00,2024-11-26 05:35:00+00:00,1.0477299999999998,1.0481299999999998,1.04713,1.0481399999999998,STOP,0.0004,-1.0250000000000536,-1.1500000000000536,-0.41000000000002146
N3_ANCHOR_REVERSION,NEUTRAL,SHORT,2024-11-26 06:40:00+00:00,2024-11-26 06:45:00+00:00,2024-11-26 06:45:00+00:00,2024-11-26 07:00:00+00:00,1.04802,1.04842,1.04742,1.04743,TARGET,0.0004,1.474999999999671,1.349999999999671,0.5899999999998684
N4_MICRO_BREAKOUT,NEUTRAL,LONG,2024-11-26 12:10:00+00:00,2024-11-26 12:15:00+00:00,2024-11-26 12:15:00+00:00,2024-11-26 12:15:00+00:00,1.05241,1.0520100000000001,1.05301,1.053,TARGET,0.0004,1.474999999999671,1.349999999999671,0.5899999999998684
N1_ROLLING_SWEEP_FADE,NEUTRAL,LONG,2024-12-04 19:00:00+00:00,2024-12-04 19:05:00+00:00,2024-12-04 19:05:00+00:00,2024-12-04 19:05:00+00:00,1.0519100000000001,1.0515100000000002,1.05251,1.0525,TARGET,0.0004,1.474999999999671,1.349999999999671,0.5899999999998684
N1_ROLLING_SWEEP_FADE,NEUTRAL,LONG,2024-12-04 19:25:00+00:00,2024-12-04 19:30:00+00:00,2024-12-04 19:30:00+00:00,2024-12-04 19:30:00+00:00,1.05159,1.05119,1.05219,1.05218,TARGET,0.0004,1.474999999999671,1.349999999999671,0.5899999999998684
N3_ANCHOR_REVERSION,NEUTRAL,LONG,2024-12-04 19:40:00+00:00,2024-12-04 19:45:00+00:00,2024-12-04 19:45:00+00:00,2024-12-04 20:15:00+00:00,1.0513700000000001,1.0509700000000002,1.05197,1.0509600000000001,STOP,0.0004,-1.0250000000000536,-1.1500000000000536,-0.41000000000002146
N3_ANCHOR_REVERSION,NEUTRAL,LONG,2024-12-04 21:55:00+00:00,2024-12-04 22:00:00+00:00,2024-12-04 22:00:00+00:00,2024-12-04 22:00:00+00:00,1.05135,1.05095,1.05195,1.05094,STOP,0.0004,-1.0250000000000536,-1.1500000000000536,-0.41000000000002146
N1_ROLLING_SWEEP_FADE,NEUTRAL,LONG,2024-12-05 01:35:00+00:00,2024-12-05 01:40:00+00:00,2024-12-05 01:40:00+00:00,2024-12-05 01:45:00+00:00,1.05138,1.05098,1.05198,1.05097,STOP,0.0004,-1.0250000000000536,-1.1500000000000536,-0.41000000000002146
N4_MICRO_BREAKOUT,NEUTRAL,SHORT,2024-12-05 01:45:00+00:00,2024-12-05 01:50:00+00:00,2024-12-05 01:50:00+00:00,2024-12-05 01:50:00+00:00,1.051,1.0514,1.0504,1.05141,STOP,0.0004,-1.0250000000000536,-1.1500000000000536,-0.41000000000002146
N3_ANCHOR_REVERSION,NEUTRAL,SHORT,2024-12-05 02:50:00+00:00,2024-12-05 02:55:00+00:00,2024-12-05 02:55:00+00:00,2024-12-05 04:00:00+00:00,1.05201,1.0524099999999998,1.05141,1.05242,STOP,0.0004,-1.0250000000000536,-1.1500000000000536,-0.41000000000002146
N3_ANCHOR_REVERSION,NEUTRAL,SHORT,2024-12-05 05:25:00+00:00,2024-12-05 05:30:00+00:00,2024-12-05 05:30:00+00:00,2024-12-05 05:40:00+00:00,1.0524,1.0528,1.0518,1.05281,STOP,0.0004,-1.0250000000000536,-1.1500000000000536,-0.41000000000002146
N3_ANCHOR_REVERSION,NEUTRAL,SHORT,2024-12-10 07:00:00+00:00,2024-12-10 07:05:00+00:00,2024-12-10 07:05:00+00:00,2024-12-10 07:20:00+00:00,1.0563099999999999,1.0567099999999998,1.05571,1.05572,TARGET,0.0004,1.474999999999671,1.349999999999671,0.5899999999998684
N1_ROLLING_SWEEP_FADE,NEUTRAL,LONG,2024-12-10 07:20:00+00:00,2024-12-10 07:25:00+00:00,2024-12-10 07:25:00+00:00,2024-12-10 07:45:00+00:00,1.05594,1.0555400000000001,1.05654,1.05553,STOP,0.0004,-1.0250000000000536,-1.1500000000000536,-0.41000000000002146
N1_ROLLING_SWEEP_FADE,NEUTRAL,LONG,2024-12-10 07:45:00+00:00,2024-12-10 07:50:00+00:00,2024-12-10 07:50:00+00:00,2024-12-10 07:50:00+00:00,1.05572,1.05532,1.05632,1.05531,STOP,0.0004,-1.0250000000000536,-1.1500000000000536,-0.41000000000002146
N1_ROLLING_SWEEP_FADE,NEUTRAL,SHORT,2024-12-10 12:10:00+00:00,2024-12-10 12:15:00+00:00,2024-12-10 12:15:00+00:00,2024-12-10 12:25:00+00:00,1.05284,1.05324,1.05224,1.0522500000000001,TARGET,0.0004,1.474999999999671,1.349999999999671,0.5899999999998684
N1_ROLLING_SWEEP_FADE,NEUTRAL,SHORT,2024-12-30 11:55:00+00:00,2024-12-30 12:00:00+00:00,2024-12-30 12:00:00+00:00,2024-12-30 12:05:00+00:00,1.0447899999999999,1.0451899999999998,1.04419,1.0452,STOP,0.0004,-1.0250000000000536,-1.1500000000000536,-0.41000000000002146
N3_ANCHOR_REVERSION,NEUTRAL,SHORT,2024-12-30 12:15:00+00:00,2024-12-30 12:20:00+00:00,2024-12-30 12:20:00+00:00,2024-12-30 12:20:00+00:00,1.0452,1.0455999999999999,1.0446,1.04461,TARGET,0.0004,1.474999999999671,1.349999999999671,0.5899999999998684
N1_ROLLING_SWEEP_FADE,NEUTRAL,LONG,2024-12-30 12:25:00+00:00,2024-12-30 12:30:00+00:00,2024-12-30 12:30:00+00:00,2024-12-30 12:30:00+00:00,1.04458,1.04418,1.04518,1.04417,STOP,0.0004,-1.0250000000000536,-1.1500000000000536,-0.41000000000002146
N3_ANCHOR_REVERSION,NEUTRAL,SHORT,2024-12-30 13:00:00+00:00,2024-12-30 13:05:00+00:00,2024-12-30 13:05:00+00:00,2024-12-30 13:10:00+00:00,1.04491,1.04531,1.04431,1.0443200000000001,TARGET,0.0004,1.474999999999671,1.349999999999671,0.5899999999998684
N1_ROLLING_SWEEP_FADE,NEUTRAL,LONG,2024-12-31 04:30:00+00:00,2024-12-31 04:35:00+00:00,2024-12-31 04:35:00+00:00,2024-12-31 06:15:00+00:00,1.04058,1.04018,1.04118,1.04017,STOP,0.0004,-1.0250000000000536,-1.1500000000000536,-0.41000000000002146
N4_MICRO_BREAKOUT,NEUTRAL,SHORT,2024-12-31 06:25:00+00:00,2024-12-31 06:30:00+00:00,2024-12-31 06:30:00+00:00,2024-12-31 06:50:00+00:00,1.04012,1.04052,1.03952,1.04053,STOP,0.0004,-1.0250000000000536,-1.1500000000000536,-0.41000000000002146
N1_ROLLING_SWEEP_FADE,NEUTRAL,LONG,2024-12-31 15:00:00+00:00,2024-12-31 15:05:00+00:00,2024-12-31 15:05:00+00:00,2024-12-31 15:10:00+00:00,1.0378200000000002,1.0374200000000002,1.0384200000000001,1.03841,TARGET,0.0004,1.474999999999671,1.349999999999671,0.5899999999998684
N4_MICRO_BREAKOUT,NEUTRAL,SHORT,2024-12-31 15:30:00+00:00,2024-12-31 15:35:00+00:00,2024-12-31 15:35:00+00:00,2024-12-31 15:35:00+00:00,1.03671,1.03711,1.03611,1.03712,STOP,0.0004,-1.0250000000000536,-1.1500000000000536,-0.41000000000002146
N4_MICRO_BREAKOUT,NEUTRAL,SHORT,2024-12-31 21:55:00+00:00,2024-12-31 22:00:00+00:00,2025-01-01 22:00:00+00:00,2025-01-01 22:00:00+00:00,1.0350199999999998,1.0354199999999998,1.03442,1.0359200000000002,STOP,0.0004,-2.2500000000008624,-2.3750000000008624,-0.900000000000345
N1_ROLLING_SWEEP_FADE,NEUTRAL,SHORT,2025-01-01 22:55:00+00:00,2025-01-01 23:00:00+00:00,2025-01-01 23:00:00+00:00,2025-01-01 23:00:00+00:00,1.03549,1.03589,1.03489,1.0359,STOP,0.0004,-1.0250000000000536,-1.1500000000000536,-0.41000000000002146
N1_ROLLING_SWEEP_FADE,NEUTRAL,LONG,2025-01-01 23:35:00+00:00,2025-01-01 23:40:00+00:00,2025-01-01 23:40:00+00:00,2025-01-02 00:55:00+00:00,1.0349300000000001,1.0345300000000002,1.03553,1.03552,TARGET,0.0004,1.474999999999671,1.349999999999671,0.5899999999998684
N1_ROLLING_SWEEP_FADE,NEUTRAL,SHORT,2025-01-02 00:55:00+00:00,2025-01-02 01:00:00+00:00,2025-01-02 01:00:00+00:00,2025-01-02 01:00:00+00:00,1.0352,1.0355999999999999,1.0346,1.03461,TARGET,0.0004,1.474999999999671,1.349999999999671,0.5899999999998684
N1_ROLLING_SWEEP_FADE,NEUTRAL,LONG,2025-01-02 01:00:00+00:00,2025-01-02 01:05:00+00:00,2025-01-02 01:05:00+00:00,2025-01-02 01:15:00+00:00,1.0350300000000001,1.0346300000000002,1.03563,1.03462,STOP,0.0004,-1.0250000000000536,-1.1500000000000536,-0.41000000000002146
N3_ANCHOR_REVERSION,NEUTRAL,SHORT,2025-01-02 01:50:00+00:00,2025-01-02 01:55:00+00:00,2025-01-02 01:55:00+00:00,2025-01-02 02:10:00+00:00,1.03579,1.03619,1.03519,1.0362,STOP,0.0004,-1.0250000000000536,-1.1500000000000536,-0.41000000000002146
N1_ROLLING_SWEEP_FADE,NEUTRAL,SHORT,2025-01-02 12:00:00+00:00,2025-01-02 12:05:00+00:00,2025-01-02 12:05:00+00:00,2025-01-02 12:40:00+00:00,1.0331599999999999,1.0335599999999998,1.03256,1.03257,TARGET,0.0004,1.474999999999671,1.349999999999671,0.5899999999998684
N1_ROLLING_SWEEP_FADE,NEUTRAL,SHORT,2025-01-03 00:00:00+00:00,2025-01-03 00:05:00+00:00,2025-01-03 00:05:00+00:00,2025-01-03 00:45:00+00:00,1.02678,1.02718,1.02618,1.02719,STOP,0.0004,-1.0250000000000536,-1.1500000000000536,-0.41000000000002146
N1_ROLLING_SWEEP_FADE,NEUTRAL,SHORT,2025-01-03 00:50:00+00:00,2025-01-03 00:55:00+00:00,2025-01-03 00:55:00+00:00,2025-01-03 02:50:00+00:00,1.02712,1.02752,1.02652,1.02753,STOP,0.0004,-1.0250000000000536,-1.1500000000000536,-0.41000000000002146
N3_ANCHOR_REVERSION,NEUTRAL,SHORT,2025-01-03 03:10:00+00:00,2025-01-03 03:15:00+00:00,2025-01-03 03:15:00+00:00,2025-01-03 05:15:00+00:00,1.02717,1.0275699999999999,1.02657,1.02658,TARGET,0.0004,1.474999999999671,1.349999999999671,0.5899999999998684
N1_ROLLING_SWEEP_FADE,NEUTRAL,LONG,2025-01-03 05:20:00+00:00,2025-01-03 05:25:00+00:00,2025-01-03 05:25:00+00:00,2025-01-03 06:50:00+00:00,1.0270700000000001,1.0266700000000002,1.02767,1.02766,TARGET,0.0004,1.474999999999671,1.349999999999671,0.5899999999998684
N3_ANCHOR_REVERSION,NEUTRAL,LONG,2025-01-07 00:05:00+00:00,2025-01-07 00:10:00+00:00,2025-01-07 00:10:00+00:00,2025-01-07 00:15:00+00:00,1.0382900000000002,1.0378900000000002,1.03889,1.0378800000000001,STOP,0.0004,-1.0250000000000536,-1.1500000000000536,-0.41000000000002146
N4_MICRO_BREAKOUT,NEUTRAL,SHORT,2025-01-07 00:25:00+00:00,2025-01-07 00:30:00+00:00,2025-01-07 00:30:00+00:00,2025-01-07 00:40:00+00:00,1.03773,1.03813,1.03713,1.03814,STOP,0.0004,-1.0250000000000536,-1.1500000000000536,-0.41000000000002146
N3_ANCHOR_REVERSION,NEUTRAL,LONG,2025-01-07 00:40:00+00:00,2025-01-07 00:45:00+00:00,2025-01-07 00:45:00+00:00,2025-01-07 01:10:00+00:00,1.0382,1.0378,1.0388,1.03779,STOP,0.0004,-1.0250000000000536,-1.1500000000000536,-0.41000000000002146
N3_ANCHOR_REVERSION,NEUTRAL,LONG,2025-01-07 01:15:00+00:00,2025-01-07 01:20:00+00:00,2025-01-07 01:20:00+00:00,2025-01-07 01:35:00+00:00,1.03817,1.03777,1.03877,1.03776,STOP,0.0004,-1.0250000000000536,-1.1500000000000536,-0.41000000000002146
N1_ROLLING_SWEEP_FADE,NEUTRAL,SHORT,2025-01-08 01:10:00+00:00,2025-01-08 01:15:00+00:00,2025-01-08 01:15:00+00:00,2025-01-08 01:35:00+00:00,1.03473,1.0351299999999999,1.03413,1.03514,STOP,0.0004,-1.0250000000000536,-1.1500000000000536,-0.41000000000002146
N1_ROLLING_SWEEP_FADE,NEUTRAL,SHORT,2025-01-08 01:40:00+00:00,2025-01-08 01:45:00+00:00,2025-01-08 01:45:00+00:00,2025-01-08 02:00:00+00:00,1.0349899999999999,1.0353899999999998,1.03439,1.0353999999999999,STOP,0.0004,-1.0250000000000536,-1.1500000000000536,-0.41000000000002146
N1_ROLLING_SWEEP_FADE,NEUTRAL,SHORT,2025-01-08 05:30:00+00:00,2025-01-08 05:35:00+00:00,2025-01-08 05:35:00+00:00,2025-01-08 06:55:00+00:00,1.03544,1.0358399999999999,1.03484,1.03485,TARGET,0.0004,1.474999999999671,1.349999999999671,0.5899999999998684
N1_ROLLING_SWEEP_FADE,NEUTRAL,SHORT,2025-01-15 19:40:00+00:00,2025-01-15 19:45:00+00:00,2025-01-15 19:45:00+00:00,2025-01-15 19:50:00+00:00,1.0290599999999999,1.0294599999999998,1.02846,1.0294699999999999,STOP,0.0004,-1.0250000000000536,-1.1500000000000536,-0.41000000000002146
N3_ANCHOR_REVERSION,NEUTRAL,LONG,2025-01-17 20:05:00+00:00,2025-01-17 20:10:00+00:00,2025-01-17 20:10:00+00:00,2025-01-17 21:00:00+00:00,1.02774,1.0273400000000001,1.02834,1.02733,STOP,0.0004,-1.0250000000000536,-1.1500000000000536,-0.41000000000002146
N3_ANCHOR_REVERSION,NEUTRAL,LONG,2025-01-17 21:40:00+00:00,2025-01-17 21:45:00+00:00,2025-01-17 21:45:00+00:00,2025-01-17 21:50:00+00:00,1.0273,1.0269000000000001,1.0279,1.02689,STOP,0.0004,-1.0250000000000536,-1.1500000000000536,-0.41000000000002146
N1_ROLLING_SWEEP_FADE,NEUTRAL,LONG,2025-01-17 21:55:00+00:00,2025-01-17 22:00:00+00:00,2025-01-19 22:00:00+00:00,2025-01-19 22:00:00+00:00,1.02845,1.0280500000000001,1.02905,1.0279099999999999,STOP,0.0004,-1.3500000000005175,-1.4750000000005175,-0.540000000000207
N1_ROLLING_SWEEP_FADE,NEUTRAL,SHORT,2025-01-20 00:00:00+00:00,2025-01-20 00:05:00+00:00,2025-01-20 00:05:00+00:00,2025-01-20 00:05:00+00:00,1.02795,1.0283499999999999,1.02735,1.02836,STOP,0.0004,-1.0250000000000536,-1.1500000000000536,-0.41000000000002146
N4_MICRO_BREAKOUT,NEUTRAL,LONG,2025-01-20 00:05:00+00:00,2025-01-20 00:10:00+00:00,2025-01-20 00:10:00+00:00,2025-01-20 01:30:00+00:00,1.0284300000000002,1.0280300000000002,1.0290300000000001,1.0280200000000002,STOP,0.0004,-1.0250000000000536,-1.1500000000000536,-0.41000000000002146
N3_ANCHOR_REVERSION,NEUTRAL,SHORT,2025-01-20 02:00:00+00:00,2025-01-20 02:05:00+00:00,2025-01-20 02:05:00+00:00,2025-01-20 03:00:00+00:00,1.02891,1.02931,1.02831,1.02932,STOP,0.0004,-1.0250000000000536,-1.1500000000000536,-0.41000000000002146
N3_ANCHOR_REVERSION,NEUTRAL,SHORT,2025-01-20 03:35:00+00:00,2025-01-20 03:40:00+00:00,2025-01-20 03:40:00+00:00,2025-01-20 03:45:00+00:00,1.02962,1.03002,1.02902,1.03003,STOP,0.0004,-1.0250000000000536,-1.1500000000000536,-0.41000000000002146
N3_ANCHOR_REVERSION,NEUTRAL,SHORT,2025-01-23 18:25:00+00:00,2025-01-23 18:30:00+00:00,2025-01-23 18:30:00+00:00,2025-01-23 19:10:00+00:00,1.0427199999999999,1.0431199999999998,1.04212,1.04213,TARGET,0.0004,1.474999999999671,1.349999999999671,0.5899999999998684
N1_ROLLING_SWEEP_FADE,NEUTRAL,LONG,2025-01-23 20:00:00+00:00,2025-01-23 20:05:00+00:00,2025-01-23 20:05:00+00:00,2025-01-23 20:15:00+00:00,1.0422500000000001,1.0418500000000002,1.04285,1.04284,TARGET,0.0004,1.474999999999671,1.349999999999671,0.5899999999998684
N1_ROLLING_SWEEP_FADE,NEUTRAL,LONG,2025-01-23 21:00:00+00:00,2025-01-23 21:05:00+00:00,2025-01-23 21:05:00+00:00,2025-01-23 21:05:00+00:00,1.04197,1.04157,1.04257,1.04156,STOP,0.0004,-1.0250000000000536,-1.1500000000000536,-0.41000000000002146
N4_MICRO_BREAKOUT,NEUTRAL,SHORT,2025-01-23 22:50:00+00:00,2025-01-23 22:55:00+00:00,2025-01-23 22:55:00+00:00,2025-01-23 22:55:00+00:00,1.04134,1.0417399999999999,1.04074,1.04175,STOP,0.0004,-1.0250000000000536,-1.1500000000000536,-0.41000000000002146
N1_ROLLING_SWEEP_FADE,NEUTRAL,LONG,2025-01-24 00:00:00+00:00,2025-01-24 00:05:00+00:00,2025-01-24 00:05:00+00:00,2025-01-24 00:45:00+00:00,1.04169,1.04129,1.04229,1.0422799999999999,TARGET,0.0004,1.474999999999671,1.349999999999671,0.5899999999998684
N1_ROLLING_SWEEP_FADE,NEUTRAL,SHORT,2025-01-24 00:45:00+00:00,2025-01-24 00:50:00+00:00,2025-01-24 00:50:00+00:00,2025-01-24 01:35:00+00:00,1.04205,1.0424499999999999,1.04145,1.04146,TARGET,0.0004,1.474999999999671,1.349999999999671,0.5899999999998684
N4_MICRO_BREAKOUT,NEUTRAL,SHORT,2025-01-24 01:35:00+00:00,2025-01-24 01:40:00+00:00,2025-01-24 01:40:00+00:00,2025-01-24 01:45:00+00:00,1.04131,1.04171,1.04071,1.04172,STOP,0.0004,-1.0250000000000536,-1.1500000000000536,-0.41000000000002146
N4_MICRO_BREAKOUT,NEUTRAL,LONG,2025-01-24 02:10:00+00:00,2025-01-24 02:15:00+00:00,2025-01-24 02:15:00+00:00,2025-01-24 02:15:00+00:00,1.04319,1.04279,1.04379,1.04378,TARGET,0.0004,1.474999999999671,1.349999999999671,0.5899999999998684
N1_ROLLING_SWEEP_FADE,NEUTRAL,SHORT,2025-01-29 14:30:00+00:00,2025-01-29 14:35:00+00:00,2025-01-29 14:35:00+00:00,2025-01-29 14:35:00+00:00,1.03945,1.03985,1.03885,1.03986,STOP,0.0004,-1.0250000000000536,-1.1500000000000536,-0.41000000000002146
N1_ROLLING_SWEEP_FADE,NEUTRAL,SHORT,2025-01-29 14:45:00+00:00,2025-01-29 14:50:00+00:00,2025-01-29 14:50:00+00:00,2025-01-29 14:50:00+00:00,1.03947,1.0398699999999999,1.03887,1.03988,STOP,0.0004,-1.0250000000000536,-1.1500000000000536,-0.41000000000002146
N3_ANCHOR_REVERSION,NEUTRAL,SHORT,2025-01-29 15:20:00+00:00,2025-01-29 15:25:00+00:00,2025-01-29 15:25:00+00:00,2025-01-29 15:30:00+00:00,1.04061,1.04101,1.04001,1.04102,STOP,0.0004,-1.0250000000000536,-1.1500000000000536,-0.41000000000002146
N4_MICRO_BREAKOUT,NEUTRAL,LONG,2025-01-29 15:35:00+00:00,2025-01-29 15:40:00+00:00,2025-01-29 15:40:00+00:00,2025-01-29 15:40:00+00:00,1.0416,1.0412000000000001,1.0422,1.04219,TARGET,0.0004,1.474999999999671,1.349999999999671,0.5899999999998684
N3_ANCHOR_REVERSION,NEUTRAL,LONG,2025-01-30 23:00:00+00:00,2025-01-30 23:05:00+00:00,2025-01-30 23:05:00+00:00,2025-01-30 23:10:00+00:00,1.03891,1.03851,1.03951,1.0385,STOP,0.0004,-1.0250000000000536,-1.1500000000000536,-0.41000000000002146
N3_ANCHOR_REVERSION,NEUTRAL,LONG,2025-01-30 23:30:00+00:00,2025-01-30 23:35:00+00:00,2025-01-30 23:35:00+00:00,2025-01-31 00:00:00+00:00,1.03925,1.03885,1.03985,1.0398399999999999,TARGET,0.0004,1.474999999999671,1.349999999999671,0.5899999999998684
N4_MICRO_BREAKOUT,NEUTRAL,SHORT,2025-01-31 00:50:00+00:00,2025-01-31 00:55:00+00:00,2025-01-31 00:55:00+00:00,2025-01-31 01:05:00+00:00,1.0385199999999999,1.0389199999999998,1.03792,1.03893,STOP,0.0004,-1.0250000000000536,-1.1500000000000536,-0.41000000000002146
N1_ROLLING_SWEEP_FADE,NEUTRAL,LONG,2025-01-31 01:25:00+00:00,2025-01-31 01:30:00+00:00,2025-01-31 01:30:00+00:00,2025-01-31 02:25:00+00:00,1.0386900000000001,1.0382900000000002,1.03929,1.03928,TARGET,0.0004,1.474999999999671,1.349999999999671,0.5899999999998684
N1_ROLLING_SWEEP_FADE,NEUTRAL,SHORT,2025-01-31 02:25:00+00:00,2025-01-31 02:30:00+00:00,2025-01-31 02:30:00+00:00,2025-01-31 02:40:00+00:00,1.03904,1.03944,1.03844,1.03945,STOP,0.0004,-1.0250000000000536,-1.1500000000000536,-0.41000000000002146
N3_ANCHOR_REVERSION,NEUTRAL,LONG,2025-02-02 23:15:00+00:00,2025-02-02 23:20:00+00:00,2025-02-02 23:20:00+00:00,2025-02-02 23:20:00+00:00,1.02513,1.0247300000000001,1.02573,1.02472,STOP,0.0004,-1.0250000000000536,-1.1500000000000536,-0.41000000000002146
N3_ANCHOR_REVERSION,NEUTRAL,LONG,2025-02-02 23:40:00+00:00,2025-02-02 23:45:00+00:00,2025-02-02 23:45:00+00:00,2025-02-02 23:45:00+00:00,1.0248300000000001,1.0244300000000002,1.02543,1.02542,TARGET,0.0004,1.474999999999671,1.349999999999671,0.5899999999998684
N3_ANCHOR_REVERSION,NEUTRAL,LONG,2025-02-03 00:00:00+00:00,2025-02-03 00:05:00+00:00,2025-02-03 00:05:00+00:00,2025-02-03 00:05:00+00:00,1.02604,1.02564,1.02664,1.02663,TARGET,0.0004,1.474999999999671,1.349999999999671,0.5899999999998684
N1_ROLLING_SWEEP_FADE,NEUTRAL,SHORT,2025-02-03 00:10:00+00:00,2025-02-03 00:15:00+00:00,2025-02-03 00:15:00+00:00,2025-02-03 00:15:00+00:00,1.02566,1.02606,1.02506,1.0250700000000001,TARGET,0.0004,1.474999999999671,1.349999999999671,0.5899999999998684
N3_ANCHOR_REVERSION,NEUTRAL,LONG,2025-02-03 00:25:00+00:00,2025-02-03 00:30:00+00:00,2025-02-03 00:30:00+00:00,2025-02-03 00:30:00+00:00,1.02376,1.02336,1.02436,1.02335,STOP,0.0004,-1.0250000000000536,-1.1500000000000536,-0.41000000000002146
N3_ANCHOR_REVERSION,NEUTRAL,LONG,2025-02-03 00:55:00+00:00,2025-02-03 01:00:00+00:00,2025-02-03 01:00:00+00:00,2025-02-03 01:00:00+00:00,1.02325,1.02285,1.02385,1.02284,STOP,0.0004,-1.0250000000000536,-1.1500000000000536,-0.41000000000002146
N3_ANCHOR_REVERSION,NEUTRAL,LONG,2025-02-04 03:50:00+00:00,2025-02-04 03:55:00+00:00,2025-02-04 03:55:00+00:00,2025-02-04 04:05:00+00:00,1.0315400000000001,1.0311400000000002,1.03214,1.03113,STOP,0.0004,-1.0250000000000536,-1.1500000000000536,-0.41000000000002146
N4_MICRO_BREAKOUT,NEUTRAL,SHORT,2025-02-04 04:55:00+00:00,2025-02-04 05:00:00+00:00,2025-02-04 05:00:00+00:00,2025-02-04 05:00:00+00:00,1.0305499999999999,1.0309499999999998,1.02995,1.02996,TARGET,0.0004,1.474999999999671,1.349999999999671,0.5899999999998684
N3_ANCHOR_REVERSION,NEUTRAL,LONG,2025-02-04 05:15:00+00:00,2025-02-04 05:20:00+00:00,2025-02-04 05:20:00+00:00,2025-02-04 05:20:00+00:00,1.02824,1.02784,1.02884,1.02783,STOP,0.0004,-1.0250000000000536,-1.1500000000000536,-0.41000000000002146
N3_ANCHOR_REVERSION,NEUTRAL,LONG,2025-02-04 05:25:00+00:00,2025-02-04 05:30:00+00:00,2025-02-04 05:30:00+00:00,2025-02-04 05:35:00+00:00,1.02868,1.02828,1.02928,1.02927,TARGET,0.0004,1.474999999999671,1.349999999999671,0.5899999999998684
N4_MICRO_BREAKOUT,NEUTRAL,SHORT,2025-02-04 23:55:00+00:00,2025-02-05 00:00:00+00:00,2025-02-05 00:00:00+00:00,2025-02-05 00:00:00+00:00,1.03711,1.03751,1.03651,1.03752,STOP,0.0004,-1.0250000000000536,-1.1500000000000536,-0.41000000000002146
N4_MICRO_BREAKOUT,NEUTRAL,SHORT,2025-02-05 00:05:00+00:00,2025-02-05 00:10:00+00:00,2025-02-05 00:10:00+00:00,2025-02-05 00:15:00+00:00,1.03697,1.03737,1.03637,1.03738,STOP,0.0004,-1.0250000000000536,-1.1500000000000536,-0.41000000000002146
N1_ROLLING_SWEEP_FADE,NEUTRAL,SHORT,2025-02-05 01:15:00+00:00,2025-02-05 01:20:00+00:00,2025-02-05 01:20:00+00:00,2025-02-05 01:20:00+00:00,1.03779,1.03819,1.03719,1.0382,STOP,0.0004,-1.0250000000000536,-1.1500000000000536,-0.41000000000002146
N3_ANCHOR_REVERSION,NEUTRAL,LONG,2025-02-09 22:25:00+00:00,2025-02-09 22:30:00+00:00,2025-02-09 22:30:00+00:00,2025-02-09 22:45:00+00:00,1.02969,1.02929,1.03029,1.02928,STOP,0.0004,-1.0250000000000536,-1.1500000000000536,-0.41000000000002146
N3_ANCHOR_REVERSION,NEUTRAL,LONG,2025-02-09 23:00:00+00:00,2025-02-09 23:05:00+00:00,2025-02-09 23:05:00+00:00,2025-02-09 23:05:00+00:00,1.03079,1.0303900000000001,1.03139,1.03038,STOP,0.0004,-1.0250000000000536,-1.1500000000000536,-0.41000000000002146
N3_ANCHOR_REVERSION,NEUTRAL,LONG,2025-02-09 23:10:00+00:00,2025-02-09 23:15:00+00:00,2025-02-09 23:15:00+00:00,2025-02-10 00:00:00+00:00,1.0308700000000002,1.0304700000000002,1.03147,1.03146,TARGET,0.0004,1.474999999999671,1.349999999999671,0.5899999999998684
N1_ROLLING_SWEEP_FADE,NEUTRAL,SHORT,2025-02-10 00:05:00+00:00,2025-02-10 00:10:00+00:00,2025-02-10 00:10:00+00:00,2025-02-10 00:20:00+00:00,1.0314999999999999,1.0318999999999998,1.0309,1.0319099999999999,STOP,0.0004,-1.0250000000000536,-1.1500000000000536,-0.41000000000002146
N1_ROLLING_SWEEP_FADE,NEUTRAL,LONG,2025-02-10 01:00:00+00:00,2025-02-10 01:05:00+00:00,2025-02-10 01:05:00+00:00,2025-02-10 01:25:00+00:00,1.03115,1.03075,1.03175,1.03074,STOP,0.0004,-1.0250000000000536,-1.1500000000000536,-0.41000000000002146
N4_MICRO_BREAKOUT,NEUTRAL,SHORT,2025-02-10 01:25:00+00:00,2025-02-10 01:30:00+00:00,2025-02-10 01:30:00+00:00,2025-02-10 02:50:00+00:00,1.03059,1.0309899999999999,1.02999,1.03,TARGET,0.0004,1.474999999999671,1.349999999999671,0.5899999999998684
N3_ANCHOR_REVERSION,NEUTRAL,LONG,2025-02-10 03:05:00+00:00,2025-02-10 03:10:00+00:00,2025-02-10 03:10:00+00:00,2025-02-10 03:30:00+00:00,1.03043,1.03003,1.03103,1.0310199999999998,TARGET,0.0004,1.474999999999671,1.349999999999671,0.5899999999998684
N1_ROLLING_SWEEP_FADE,NEUTRAL,LONG,2025-02-12 03:00:00+00:00,2025-02-12 03:05:00+00:00,2025-02-12 03:05:00+00:00,2025-02-12 03:40:00+00:00,1.0362600000000002,1.0358600000000002,1.0368600000000001,1.0358500000000002,STOP,0.0004,-1.0250000000000536,-1.1500000000000536,-0.41000000000002146
N3_ANCHOR_REVERSION,NEUTRAL,LONG,2025-02-12 05:20:00+00:00,2025-02-12 05:25:00+00:00,2025-02-12 05:25:00+00:00,2025-02-12 07:15:00+00:00,1.0358,1.0354,1.0364,1.03639,TARGET,0.0004,1.474999999999671,1.349999999999671,0.5899999999998684
N1_ROLLING_SWEEP_FADE,NEUTRAL,SHORT,2025-02-12 18:00:00+00:00,2025-02-12 18:05:00+00:00,2025-02-12 18:05:00+00:00,2025-02-12 18:10:00+00:00,1.0420699999999998,1.0424699999999998,1.04147,1.04148,TARGET,0.0004,1.474999999999671,1.349999999999671,0.5899999999998684
N3_ANCHOR_REVERSION,NEUTRAL,SHORT,2025-02-12 18:25:00+00:00,2025-02-12 18:30:00+00:00,2025-02-12 18:30:00+00:00,2025-02-12 18:30:00+00:00,1.04091,1.04131,1.04031,1.0403200000000001,TARGET,0.0004,1.474999999999671,1.349999999999671,0.5899999999998684
N4_MICRO_BREAKOUT,NEUTRAL,LONG,2025-02-12 23:55:00+00:00,2025-02-13 00:00:00+00:00,2025-02-13 00:00:00+00:00,2025-02-13 00:40:00+00:00,1.03928,1.03888,1.03988,1.0398699999999999,TARGET,0.0004,1.474999999999671,1.349999999999671,0.5899999999998684
N3_ANCHOR_REVERSION,NEUTRAL,SHORT,2025-02-13 00:45:00+00:00,2025-02-13 00:50:00+00:00,2025-02-13 00:50:00+00:00,2025-02-13 00:55:00+00:00,1.03952,1.03992,1.03892,1.0389300000000001,TARGET,0.0004,1.474999999999671,1.349999999999671,0.5899999999998684
N4_MICRO_BREAKOUT,NEUTRAL,LONG,2025-02-13 01:50:00+00:00,2025-02-13 01:55:00+00:00,2025-02-13 01:55:00+00:00,2025-02-13 02:05:00+00:00,1.0400900000000002,1.0396900000000002,1.0406900000000001,1.0396800000000002,STOP,0.0004,-1.0250000000000536,-1.1500000000000536,-0.41000000000002146
N3_ANCHOR_REVERSION,NEUTRAL,SHORT,2025-02-13 02:05:00+00:00,2025-02-13 02:10:00+00:00,2025-02-13 02:10:00+00:00,2025-02-13 02:25:00+00:00,1.03968,1.04008,1.03908,1.04009,STOP,0.0004,-1.0250000000000536,-1.1500000000000536,-0.41000000000002146
N3_ANCHOR_REVERSION,NEUTRAL,SHORT,2025-02-14 00:25:00+00:00,2025-02-14 00:30:00+00:00,2025-02-14 00:30:00+00:00,2025-02-14 02:25:00+00:00,1.0464,1.0468,1.0458,1.0458100000000001,TARGET,0.0004,1.474999999999671,1.349999999999671,0.5899999999998684
N4_MICRO_BREAKOUT,NEUTRAL,SHORT,2025-02-14 05:05:00+00:00,2025-02-14 05:10:00+00:00,2025-02-14 05:10:00+00:00,2025-02-14 06:20:00+00:00,1.0453,1.0456999999999999,1.0447,1.04571,STOP,0.0004,-1.0250000000000536,-1.1500000000000536,-0.41000000000002146
N1_ROLLING_SWEEP_FADE,NEUTRAL,SHORT,2025-02-14 06:45:00+00:00,2025-02-14 06:50:00+00:00,2025-02-14 06:50:00+00:00,2025-02-14 07:00:00+00:00,1.0458699999999999,1.0462699999999998,1.04527,1.0462799999999999,STOP,0.0004,-1.0250000000000536,-1.1500000000000536,-0.41000000000002146
N4_MICRO_BREAKOUT,NEUTRAL,LONG,2025-02-14 07:00:00+00:00,2025-02-14 07:05:00+00:00,2025-02-14 07:05:00+00:00,2025-02-14 07:10:00+00:00,1.04643,1.04603,1.04703,1.0470199999999998,TARGET,0.0004,1.474999999999671,1.349999999999671,0.5899999999998684
N3_ANCHOR_REVERSION,NEUTRAL,LONG,2025-02-19 11:05:00+00:00,2025-02-19 11:10:00+00:00,2025-02-19 11:10:00+00:00,2025-02-19 11:10:00+00:00,1.04321,1.04281,1.04381,1.0428,STOP,0.0004,-1.0250000000000536,-1.1500000000000536,-0.41000000000002146
N3_ANCHOR_REVERSION,NEUTRAL,LONG,2025-02-19 12:00:00+00:00,2025-02-19 12:05:00+00:00,2025-02-19 12:05:00+00:00,2025-02-19 12:55:00+00:00,1.04258,1.04218,1.04318,1.04317,TARGET,0.0004,1.474999999999671,1.349999999999671,0.5899999999998684
N1_ROLLING_SWEEP_FADE,NEUTRAL,SHORT,2025-02-19 12:55:00+00:00,2025-02-19 13:00:00+00:00,2025-02-19 13:00:00+00:00,2025-02-19 13:00:00+00:00,1.04281,1.04321,1.04221,1.04322,STOP,0.0004,-1.0250000000000536,-1.1500000000000536,-0.41000000000002146
N1_ROLLING_SWEEP_FADE,NEUTRAL,SHORT,2025-02-19 14:55:00+00:00,2025-02-19 15:00:00+00:00,2025-02-19 15:00:00+00:00,2025-02-19 15:30:00+00:00,1.0433999999999999,1.0437999999999998,1.0428,1.04381,STOP,0.0004,-1.0250000000000536,-1.1500000000000536,-0.41000000000002146
N4_MICRO_BREAKOUT,NEUTRAL,LONG,2025-02-20 00:50:00+00:00,2025-02-20 00:55:00+00:00,2025-02-20 00:55:00+00:00,2025-02-20 01:30:00+00:00,1.0429300000000001,1.0425300000000002,1.04353,1.0425200000000001,STOP,0.0004,-1.0250000000000536,-1.1500000000000536,-0.41000000000002146
N1_ROLLING_SWEEP_FADE,NEUTRAL,SHORT,2025-02-20 07:55:00+00:00,2025-02-20 08:00:00+00:00,2025-02-20 08:00:00+00:00,2025-02-20 08:00:00+00:00,1.0431199999999998,1.0435199999999998,1.04252,1.0435299999999998,STOP,0.0004,-1.0250000000000536,-1.1500000000000536,-0.41000000000002146
N4_MICRO_BREAKOUT,NEUTRAL,LONG,2025-02-20 08:00:00+00:00,2025-02-20 08:05:00+00:00,2025-02-20 08:05:00+00:00,2025-02-20 08:30:00+00:00,1.04356,1.04316,1.04416,1.04415,TARGET,0.0004,1.474999999999671,1.349999999999671,0.5899999999998684
N2_ASIA_RANGE_FADE,NEUTRAL,SHORT,2025-02-20 08:30:00+00:00,2025-02-20 08:35:00+00:00,2025-02-20 08:35:00+00:00,2025-02-20 08:50:00+00:00,1.0436299999999998,1.0440299999999998,1.04303,1.04304,TARGET,0.0004,1.474999999999671,1.349999999999671,0.5899999999998684
N4_MICRO_BREAKOUT,NEUTRAL,SHORT,2025-02-27 19:30:00+00:00,2025-02-27 19:35:00+00:00,2025-02-27 19:35:00+00:00,2025-02-27 21:25:00+00:00,1.04054,1.04094,1.03994,1.0399500000000002,TARGET,0.0004,1.474999999999671,1.349999999999671,0.5899999999998684
N3_ANCHOR_REVERSION,NEUTRAL,LONG,2025-02-27 21:55:00+00:00,2025-02-27 22:00:00+00:00,2025-02-27 22:00:00+00:00,2025-02-27 22:40:00+00:00,1.0399,1.0395,1.0405,1.03949,STOP,0.0004,-1.0250000000000536,-1.1500000000000536,-0.41000000000002146
N4_MICRO_BREAKOUT,NEUTRAL,SHORT,2025-02-27 22:50:00+00:00,2025-02-27 22:55:00+00:00,2025-02-27 22:55:00+00:00,2025-02-27 22:55:00+00:00,1.03912,1.03952,1.03852,1.03953,STOP,0.0004,-1.0250000000000536,-1.1500000000000536,-0.41000000000002146
N1_ROLLING_SWEEP_FADE,NEUTRAL,LONG,2025-02-27 22:55:00+00:00,2025-02-27 23:00:00+00:00,2025-02-27 23:00:00+00:00,2025-02-28 00:40:00+00:00,1.03957,1.0391700000000001,1.04017,1.04016,TARGET,0.0004,1.474999999999671,1.349999999999671,0.5899999999998684
N1_ROLLING_SWEEP_FADE,NEUTRAL,SHORT,2025-02-28 00:40:00+00:00,2025-02-28 00:45:00+00:00,2025-02-28 00:45:00+00:00,2025-02-28 00:55:00+00:00,1.03986,1.04026,1.03926,1.04027,STOP,0.0004,-1.0250000000000536,-1.1500000000000536,-0.41000000000002146
N3_ANCHOR_REVERSION,NEUTRAL,LONG,2025-02-28 01:40:00+00:00,2025-02-28 01:45:00+00:00,2025-02-28 01:45:00+00:00,2025-02-28 01:50:00+00:00,1.03935,1.03895,1.03995,1.03894,STOP,0.0004,-1.0250000000000536,-1.1500000000000536,-0.41000000000002146
N4_MICRO_BREAKOUT,NEUTRAL,SHORT,2025-02-28 01:50:00+00:00,2025-02-28 01:55:00+00:00,2025-02-28 01:55:00+00:00,2025-02-28 02:05:00+00:00,1.0386799999999998,1.0390799999999998,1.03808,1.0390899999999998,STOP,0.0004,-1.0250000000000536,-1.1500000000000536,-0.41000000000002146
N1_ROLLING_SWEEP_FADE,NEUTRAL,LONG,2025-02-28 02:15:00+00:00,2025-02-28 02:20:00+00:00,2025-02-28 02:20:00+00:00,2025-02-28 02:45:00+00:00,1.03862,1.0382200000000001,1.03922,1.03821,STOP,0.0004,-1.0250000000000536,-1.1500000000000536,-0.41000000000002146
N3_ANCHOR_REVERSION,NEUTRAL,SHORT,2025-03-02 23:00:00+00:00,2025-03-02 23:05:00+00:00,2025-03-02 23:05:00+00:00,2025-03-02 23:05:00+00:00,1.0400399999999999,1.0404399999999998,1.03944,1.0404499999999999,STOP,0.0004,-1.0250000000000536,-1.1500000000000536,-0.41000000000002146
N4_MICRO_BREAKOUT,NEUTRAL,LONG,2025-03-02 23:05:00+00:00,2025-03-02 23:10:00+00:00,2025-03-02 23:10:00+00:00,2025-03-02 23:10:00+00:00,1.04142,1.04102,1.04202,1.04101,STOP,0.0004,-1.0250000000000536,-1.1500000000000536,-0.41000000000002146
N3_ANCHOR_REVERSION,NEUTRAL,SHORT,2025-03-02 23:40:00+00:00,2025-03-02 23:45:00+00:00,2025-03-02 23:45:00+00:00,2025-03-03 00:00:00+00:00,1.04172,1.04212,1.04112,1.04113,TARGET,0.0004,1.474999999999671,1.349999999999671,0.5899999999998684
N3_ANCHOR_REVERSION,NEUTRAL,SHORT,2025-03-03 00:00:00+00:00,2025-03-03 00:05:00+00:00,2025-03-03 00:05:00+00:00,2025-03-03 00:05:00+00:00,1.04023,1.04063,1.03963,1.04064,STOP,0.0004,-1.0250000000000536,-1.1500000000000536,-0.41000000000002146
N3_ANCHOR_REVERSION,NEUTRAL,SHORT,2025-03-03 00:10:00+00:00,2025-03-03 00:15:00+00:00,2025-03-03 00:15:00+00:00,2025-03-03 00:15:00+00:00,1.04094,1.04134,1.04034,1.04135,STOP,0.0004,-1.0250000000000536,-1.1500000000000536,-0.41000000000002146
N3_ANCHOR_REVERSION,NEUTRAL,SHORT,2025-03-03 00:35:00+00:00,2025-03-03 00:40:00+00:00,2025-03-03 00:40:00+00:00,2025-03-03 01:00:00+00:00,1.04144,1.0418399999999999,1.04084,1.04085,TARGET,0.0004,1.474999999999671,1.349999999999671,0.5899999999998684
N1_ROLLING_SWEEP_FADE,NEUTRAL,SHORT,2025-03-03 01:10:00+00:00,2025-03-03 01:15:00+00:00,2025-03-03 01:15:00+00:00,2025-03-03 01:55:00+00:00,1.04178,1.0421799999999999,1.04118,1.04219,STOP,0.0004,-1.0250000000000536,-1.1500000000000536,-0.41000000000002146
N1_ROLLING_SWEEP_FADE,NEUTRAL,LONG,2025-03-04 00:45:00+00:00,2025-03-04 00:50:00+00:00,2025-03-04 00:50:00+00:00,2025-03-04 00:55:00+00:00,1.04816,1.04776,1.04876,1.0487499999999998,TARGET,0.0004,1.474999999999671,1.349999999999671,0.5899999999998684
N4_MICRO_BREAKOUT,NEUTRAL,LONG,2025-03-04 01:15:00+00:00,2025-03-04 01:20:00+00:00,2025-03-04 01:20:00+00:00,2025-03-04 01:55:00+00:00,1.04922,1.04882,1.04982,1.04881,STOP,0.0004,-1.0250000000000536,-1.1500000000000536,-0.41000000000002146
N1_ROLLING_SWEEP_FADE,NEUTRAL,SHORT,2025-03-05 18:00:00+00:00,2025-03-05 18:05:00+00:00,2025-03-05 18:05:00+00:00,2025-03-05 18:05:00+00:00,1.0785099999999999,1.0789099999999998,1.07791,1.07792,TARGET,0.0004,1.474999999999671,1.349999999999671,0.5899999999998684
N3_ANCHOR_REVERSION,NEUTRAL,SHORT,2025-03-05 21:50:00+00:00,2025-03-05 21:55:00+00:00,2025-03-05 21:55:00+00:00,2025-03-05 22:25:00+00:00,1.07897,1.07937,1.07837,1.07938,STOP,0.0004,-1.0250000000000536,-1.1500000000000536,-0.41000000000002146
N4_MICRO_BREAKOUT,NEUTRAL,LONG,2025-03-05 23:00:00+00:00,2025-03-05 23:05:00+00:00,2025-03-05 23:05:00+00:00,2025-03-05 23:05:00+00:00,1.0795400000000002,1.0791400000000002,1.08014,1.0791300000000001,STOP,0.0004,-1.0250000000000536,-1.1500000000000536,-0.41000000000002146
N3_ANCHOR_REVERSION,NEUTRAL,SHORT,2025-03-05 23:05:00+00:00,2025-03-05 23:10:00+00:00,2025-03-05 23:10:00+00:00,2025-03-05 23:40:00+00:00,1.07908,1.07948,1.07848,1.07949,STOP,0.0004,-1.0250000000000536,-1.1500000000000536,-0.41000000000002146
N4_MICRO_BREAKOUT,NEUTRAL,LONG,2025-03-06 00:00:00+00:00,2025-03-06 00:05:00+00:00,2025-03-06 00:05:00+00:00,2025-03-06 00:05:00+00:00,1.07982,1.07942,1.08042,1.07941,STOP,0.0004,-1.0250000000000536,-1.1500000000000536,-0.41000000000002146
N4_MICRO_BREAKOUT,NEUTRAL,LONG,2025-03-06 00:15:00+00:00,2025-03-06 00:20:00+00:00,2025-03-06 00:20:00+00:00,2025-03-06 00:20:00+00:00,1.08003,1.07963,1.08063,1.07962,STOP,0.0004,-1.0250000000000536,-1.1500000000000536,-0.41000000000002146
N1_ROLLING_SWEEP_FADE,NEUTRAL,LONG,2025-03-06 00:25:00+00:00,2025-03-06 00:30:00+00:00,2025-03-06 00:30:00+00:00,2025-03-06 00:50:00+00:00,1.0796700000000001,1.0792700000000002,1.08027,1.08026,TARGET,0.0004,1.474999999999671,1.349999999999671,0.5899999999998684
N4_MICRO_BREAKOUT,NEUTRAL,LONG,2025-03-06 00:50:00+00:00,2025-03-06 00:55:00+00:00,2025-03-06 00:55:00+00:00,2025-03-06 00:55:00+00:00,1.08029,1.07989,1.08089,1.07988,STOP,0.0004,-1.0250000000000536,-1.1500000000000536,-0.41000000000002146
N1_ROLLING_SWEEP_FADE,NEUTRAL,LONG,2025-03-07 12:10:00+00:00,2025-03-07 12:15:00+00:00,2025-03-07 12:15:00+00:00,2025-03-07 12:15:00+00:00,1.0847,1.0843,1.0853,1.08429,STOP,0.0004,-1.0250000000000536,-1.1500000000000536,-0.41000000000002146
N1_ROLLING_SWEEP_FADE,NEUTRAL,SHORT,2025-03-07 12:50:00+00:00,2025-03-07 12:55:00+00:00,2025-03-07 12:55:00+00:00,2025-03-07 12:55:00+00:00,1.08483,1.08523,1.08423,1.08524,STOP,0.0004,-1.0250000000000536,-1.1500000000000536,-0.41000000000002146
N4_MICRO_BREAKOUT,NEUTRAL,LONG,2025-03-07 13:30:00+00:00,2025-03-07 13:35:00+00:00,2025-03-07 13:35:00+00:00,2025-03-07 13:35:00+00:00,1.08844,1.0880400000000001,1.08904,1.08803,STOP,0.0004,-1.0250000000000536,-1.1500000000000536,-0.41000000000002146
N1_ROLLING_SWEEP_FADE,NEUTRAL,SHORT,2025-03-07 13:35:00+00:00,2025-03-07 13:40:00+00:00,2025-03-07 13:40:00+00:00,2025-03-07 13:40:00+00:00,1.0872,1.0876,1.0866,1.08761,STOP,0.0004,-1.0250000000000536,-1.1500000000000536,-0.41000000000002146
N1_ROLLING_SWEEP_FADE,NEUTRAL,SHORT,2025-03-13 13:55:00+00:00,2025-03-13 14:00:00+00:00,2025-03-13 14:00:00+00:00,2025-03-13 14:00:00+00:00,1.0847,1.0851,1.0841,1.08511,STOP,0.0004,-1.0250000000000536,-1.1500000000000536,-0.41000000000002146
N1_ROLLING_SWEEP_FADE,NEUTRAL,SHORT,2025-03-13 14:15:00+00:00,2025-03-13 14:20:00+00:00,2025-03-13 14:20:00+00:00,2025-03-13 14:25:00+00:00,1.08606,1.08646,1.08546,1.08647,STOP,0.0004,-1.0250000000000536,-1.1500000000000536,-0.41000000000002146
N1_ROLLING_SWEEP_FADE,NEUTRAL,SHORT,2025-03-13 14:55:00+00:00,2025-03-13 15:00:00+00:00,2025-03-13 15:00:00+00:00,2025-03-13 15:25:00+00:00,1.08648,1.0868799999999998,1.08588,1.08589,TARGET,0.0004,1.474999999999671,1.349999999999671,0.5899999999998684
N4_MICRO_BREAKOUT,NEUTRAL,SHORT,2025-03-14 01:55:00+00:00,2025-03-14 02:00:00+00:00,2025-03-14 02:00:00+00:00,2025-03-14 03:30:00+00:00,1.08406,1.08446,1.08346,1.08447,STOP,0.0004,-1.0250000000000536,-1.1500000000000536,-0.41000000000002146
N1_ROLLING_SWEEP_FADE,NEUTRAL,LONG,2025-03-14 14:00:00+00:00,2025-03-14 14:05:00+00:00,2025-03-14 14:05:00+00:00,2025-03-14 14:15:00+00:00,1.0881100000000001,1.0877100000000002,1.08871,1.0877000000000001,STOP,0.0004,-1.0250000000000536,-1.1500000000000536,-0.41000000000002146
N1_ROLLING_SWEEP_FADE,NEUTRAL,SHORT,2025-03-16 22:00:00+00:00,2025-03-16 22:05:00+00:00,2025-03-16 22:05:00+00:00,2025-03-16 22:15:00+00:00,1.0877999999999999,1.0881999999999998,1.0872,1.08821,STOP,0.0004,-1.0250000000000536,-1.1500000000000536,-0.41000000000002146
N1_ROLLING_SWEEP_FADE,NEUTRAL,LONG,2025-03-17 00:50:00+00:00,2025-03-17 00:55:00+00:00,2025-03-17 00:55:00+00:00,2025-03-17 01:00:00+00:00,1.08792,1.08752,1.08852,1.08751,STOP,0.0004,-1.0250000000000536,-1.1500000000000536,-0.41000000000002146
N3_ANCHOR_REVERSION,NEUTRAL,SHORT,2025-03-17 15:55:00+00:00,2025-03-17 16:00:00+00:00,2025-03-17 16:00:00+00:00,2025-03-17 16:15:00+00:00,1.09213,1.09253,1.0915300000000001,1.0915400000000002,TARGET,0.0004,1.474999999999671,1.349999999999671,0.5899999999998684
N3_ANCHOR_REVERSION,NEUTRAL,SHORT,2025-03-17 19:00:00+00:00,2025-03-17 19:05:00+00:00,2025-03-17 19:05:00+00:00,2025-03-17 20:30:00+00:00,1.09235,1.0927499999999999,1.09175,1.09276,STOP,0.0004,-1.0250000000000536,-1.1500000000000536,-0.41000000000002146
N1_ROLLING_SWEEP_FADE,NEUTRAL,SHORT,2025-03-17 22:05:00+00:00,2025-03-17 22:10:00+00:00,2025-03-17 22:10:00+00:00,2025-03-18 01:30:00+00:00,1.0920999999999998,1.0924999999999998,1.0915,1.09151,TARGET,0.0004,1.474999999999671,1.349999999999671,0.5899999999998684
N3_ANCHOR_REVERSION,NEUTRAL,SHORT,2025-03-18 09:00:00+00:00,2025-03-18 09:05:00+00:00,2025-03-18 09:05:00+00:00,2025-03-18 09:30:00+00:00,1.0947399999999998,1.0951399999999998,1.09414,1.09415,TARGET,0.0004,1.474999999999671,1.349999999999671,0.5899999999998684
N3_ANCHOR_REVERSION,NEUTRAL,SHORT,2025-03-18 10:00:00+00:00,2025-03-18 10:05:00+00:00,2025-03-18 10:05:00+00:00,2025-03-18 10:05:00+00:00,1.09463,1.09503,1.09403,1.09504,STOP,0.0004,-1.0250000000000536,-1.1500000000000536,-0.41000000000002146
N4_MICRO_BREAKOUT,NEUTRAL,SHORT,2025-03-18 11:40:00+00:00,2025-03-18 11:45:00+00:00,2025-03-18 11:45:00+00:00,2025-03-18 11:50:00+00:00,1.09265,1.0930499999999999,1.09205,1.09206,TARGET,0.0004,1.474999999999671,1.349999999999671,0.5899999999998684
N2_ASIA_RANGE_FADE,NEUTRAL,SHORT,2025-03-18 11:50:00+00:00,2025-03-18 11:55:00+00:00,2025-03-18 11:55:00+00:00,2025-03-18 11:55:00+00:00,1.09157,1.0919699999999999,1.09097,1.09198,STOP,0.0004,-1.0250000000000536,-1.1500000000000536,-0.41000000000002146
N4_MICRO_BREAKOUT,NEUTRAL,SHORT,2025-03-19 00:00:00+00:00,2025-03-19 00:05:00+00:00,2025-03-19 00:05:00+00:00,2025-03-19 02:10:00+00:00,1.09355,1.09395,1.09295,1.09396,STOP,0.0004,-1.0250000000000536,-1.1500000000000536,-0.41000000000002146
N4_MICRO_BREAKOUT,NEUTRAL,LONG,2025-03-19 02:30:00+00:00,2025-03-19 02:35:00+00:00,2025-03-19 02:35:00+00:00,2025-03-19 03:15:00+00:00,1.09437,1.09397,1.09497,1.09396,STOP,0.0004,-1.0250000000000536,-1.1500000000000536,-0.41000000000002146
N3_ANCHOR_REVERSION,NEUTRAL,LONG,2025-03-19 03:30:00+00:00,2025-03-19 03:35:00+00:00,2025-03-19 03:35:00+00:00,2025-03-19 04:10:00+00:00,1.09369,1.09329,1.09429,1.09328,STOP,0.0004,-1.0250000000000536,-1.1500000000000536,-0.41000000000002146
N4_MICRO_BREAKOUT,NEUTRAL,SHORT,2025-03-19 06:05:00+00:00,2025-03-19 06:10:00+00:00,2025-03-19 06:10:00+00:00,2025-03-19 07:00:00+00:00,1.09265,1.0930499999999999,1.09205,1.09206,TARGET,0.0004,1.474999999999671,1.349999999999671,0.5899999999998684
N3_ANCHOR_REVERSION,NEUTRAL,SHORT,2025-03-20 16:00:00+00:00,2025-03-20 16:05:00+00:00,2025-03-20 16:05:00+00:00,2025-03-20 16:10:00+00:00,1.0844399999999998,1.0848399999999998,1.08384,1.0848499999999999,STOP,0.0004,-1.0250000000000536,-1.1500000000000536,-0.41000000000002146
N3_ANCHOR_REVERSION,NEUTRAL,SHORT,2025-03-23 22:05:00+00:00,2025-03-23 22:10:00+00:00,2025-03-23 22:10:00+00:00,2025-03-23 23:10:00+00:00,1.08208,1.0824799999999999,1.08148,1.08249,STOP,0.0004,-1.0250000000000536,-1.1500000000000536,-0.41000000000002146
N4_MICRO_BREAKOUT,NEUTRAL,LONG,2025-03-23 23:10:00+00:00,2025-03-23 23:15:00+00:00,2025-03-23 23:15:00+00:00,2025-03-23 23:45:00+00:00,1.08247,1.08207,1.08307,1.08306,TARGET,0.0004,1.474999999999671,1.349999999999671,0.5899999999998684
N4_MICRO_BREAKOUT,NEUTRAL,LONG,2025-03-23 23:45:00+00:00,2025-03-23 23:50:00+00:00,2025-03-23 23:50:00+00:00,2025-03-24 00:10:00+00:00,1.08322,1.0828200000000001,1.08382,1.08381,TARGET,0.0004,1.474999999999671,1.349999999999671,0.5899999999998684
N4_MICRO_BREAKOUT,NEUTRAL,LONG,2025-03-24 00:10:00+00:00,2025-03-24 00:15:00+00:00,2025-03-24 00:15:00+00:00,2025-03-24 00:30:00+00:00,1.0839400000000001,1.0835400000000002,1.08454,1.08353,STOP,0.0004,-1.0250000000000536,-1.1500000000000536,-0.41000000000002146
N3_ANCHOR_REVERSION,NEUTRAL,SHORT,2025-03-24 00:40:00+00:00,2025-03-24 00:45:00+00:00,2025-03-24 00:45:00+00:00,2025-03-24 01:20:00+00:00,1.0834899999999998,1.0838899999999998,1.08289,1.0829,TARGET,0.0004,1.474999999999671,1.349999999999671,0.5899999999998684
N1_ROLLING_SWEEP_FADE,NEUTRAL,LONG,2025-03-24 01:30:00+00:00,2025-03-24 01:35:00+00:00,2025-03-24 01:35:00+00:00,2025-03-24 01:40:00+00:00,1.0828900000000001,1.0824900000000002,1.08349,1.08248,STOP,0.0004,-1.0250000000000536,-1.1500000000000536,-0.41000000000002146
N1_ROLLING_SWEEP_FADE,NEUTRAL,SHORT,2025-03-28 18:50:00+00:00,2025-03-28 18:55:00+00:00,2025-03-28 18:55:00+00:00,2025-03-28 19:10:00+00:00,1.08243,1.08283,1.08183,1.08284,STOP,0.0004,-1.0250000000000536,-1.1500000000000536,-0.41000000000002146
N1_ROLLING_SWEEP_FADE,NEUTRAL,SHORT,2025-03-28 19:20:00+00:00,2025-03-28 19:25:00+00:00,2025-03-28 19:25:00+00:00,2025-03-28 19:35:00+00:00,1.08249,1.08289,1.08189,1.0829,STOP,0.0004,-1.0250000000000536,-1.1500000000000536,-0.41000000000002146
N1_ROLLING_SWEEP_FADE,NEUTRAL,LONG,2025-03-28 19:50:00+00:00,2025-03-28 19:55:00+00:00,2025-03-28 19:55:00+00:00,2025-03-28 20:25:00+00:00,1.08251,1.0821100000000001,1.08311,1.0831,TARGET,0.0004,1.474999999999671,1.349999999999671,0.5899999999998684
N3_ANCHOR_REVERSION,NEUTRAL,SHORT,2025-03-28 20:50:00+00:00,2025-03-28 20:55:00+00:00,2025-03-28 20:55:00+00:00,2025-03-28 20:55:00+00:00,1.083,1.0834,1.0824,1.08291,TIME_12H,0.0004,0.2249999999998087,0.09999999999980869,0.08999999999992347
N4_MICRO_BREAKOUT,NEUTRAL,SHORT,2025-03-30 21:35:00+00:00,2025-03-30 21:40:00+00:00,2025-03-30 21:40:00+00:00,2025-03-30 22:00:00+00:00,1.08155,1.08195,1.08095,1.0809600000000001,TARGET,0.0004,1.474999999999671,1.349999999999671,0.5899999999998684
N4_MICRO_BREAKOUT,NEUTRAL,SHORT,2025-03-30 22:00:00+00:00,2025-03-30 22:05:00+00:00,2025-03-30 22:05:00+00:00,2025-03-30 22:05:00+00:00,1.08072,1.0811199999999999,1.08012,1.08113,STOP,0.0004,-1.0250000000000536,-1.1500000000000536,-0.41000000000002146
N3_ANCHOR_REVERSION,NEUTRAL,LONG,2025-03-30 22:20:00+00:00,2025-03-30 22:25:00+00:00,2025-03-30 22:25:00+00:00,2025-03-30 22:35:00+00:00,1.08132,1.08092,1.08192,1.08191,TARGET,0.0004,1.474999999999671,1.349999999999671,0.5899999999998684
N4_MICRO_BREAKOUT,NEUTRAL,LONG,2025-03-31 00:10:00+00:00,2025-03-31 00:15:00+00:00,2025-03-31 00:15:00+00:00,2025-03-31 00:35:00+00:00,1.0830000000000002,1.0826000000000002,1.0836000000000001,1.08359,TARGET,0.0004,1.474999999999671,1.349999999999671,0.5899999999998684
N4_MICRO_BREAKOUT,NEUTRAL,LONG,2025-03-31 00:40:00+00:00,2025-03-31 00:45:00+00:00,2025-03-31 00:45:00+00:00,2025-03-31 01:30:00+00:00,1.08392,1.08352,1.08452,1.0845099999999999,TARGET,0.0004,1.474999999999671,1.349999999999671,0.5899999999998684
N3_ANCHOR_REVERSION,NEUTRAL,LONG,2025-04-01 12:55:00+00:00,2025-04-01 13:00:00+00:00,2025-04-01 13:00:00+00:00,2025-04-01 13:05:00+00:00,1.07878,1.0783800000000001,1.07938,1.07837,STOP,0.0004,-1.0250000000000536,-1.1500000000000536,-0.41000000000002146
N3_ANCHOR_REVERSION,NEUTRAL,LONG,2025-04-01 13:10:00+00:00,2025-04-01 13:15:00+00:00,2025-04-01 13:15:00+00:00,2025-04-01 13:20:00+00:00,1.07854,1.07814,1.07914,1.07913,TARGET,0.0004,1.474999999999671,1.349999999999671,0.5899999999998684
N4_MICRO_BREAKOUT,NEUTRAL,LONG,2025-04-01 14:10:00+00:00,2025-04-01 14:15:00+00:00,2025-04-01 14:15:00+00:00,2025-04-01 14:15:00+00:00,1.08118,1.08078,1.08178,1.08077,STOP,0.0004,-1.0250000000000536,-1.1500000000000536,-0.41000000000002146
N1_ROLLING_SWEEP_FADE,NEUTRAL,SHORT,2025-04-01 14:15:00+00:00,2025-04-01 14:20:00+00:00,2025-04-01 14:20:00+00:00,2025-04-01 14:20:00+00:00,1.0808799999999998,1.0812799999999998,1.08028,1.08029,TARGET,0.0004,1.474999999999671,1.349999999999671,0.5899999999998684
N1_ROLLING_SWEEP_FADE,NEUTRAL,LONG,2025-04-02 00:15:00+00:00,2025-04-02 00:20:00+00:00,2025-04-02 00:20:00+00:00,2025-04-02 00:45:00+00:00,1.0793300000000001,1.0789300000000002,1.07993,1.07892,STOP,0.0004,-1.0250000000000536,-1.1500000000000536,-0.41000000000002146
N1_ROLLING_SWEEP_FADE,NEUTRAL,LONG,2025-04-02 00:45:00+00:00,2025-04-02 00:50:00+00:00,2025-04-02 00:50:00+00:00,2025-04-02 01:00:00+00:00,1.0792300000000001,1.0788300000000002,1.07983,1.0788200000000001,STOP,0.0004,-1.0250000000000536,-1.1500000000000536,-0.41000000000002146
N4_MICRO_BREAKOUT,NEUTRAL,SHORT,2025-04-07 19:55:00+00:00,2025-04-07 20:00:00+00:00,2025-04-07 20:00:00+00:00,2025-04-07 20:00:00+00:00,1.0915899999999998,1.0919899999999998,1.09099,1.0919999999999999,STOP,0.0004,-1.0250000000000536,-1.1500000000000536,-0.41000000000002146
N1_ROLLING_SWEEP_FADE,NEUTRAL,SHORT,2025-04-08 16:50:00+00:00,2025-04-08 16:55:00+00:00,2025-04-08 16:55:00+00:00,2025-04-08 16:55:00+00:00,1.09246,1.09286,1.09186,1.09287,STOP,0.0004,-1.0250000000000536,-1.1500000000000536,-0.41000000000002146
N3_ANCHOR_REVERSION,NEUTRAL,SHORT,2025-04-08 17:30:00+00:00,2025-04-08 17:35:00+00:00,2025-04-08 17:35:00+00:00,2025-04-08 17:35:00+00:00,1.0940999999999999,1.0944999999999998,1.0935,1.09351,TARGET,0.0004,1.474999999999671,1.349999999999671,0.5899999999998684
N1_ROLLING_SWEEP_FADE,NEUTRAL,LONG,2025-04-09 23:50:00+00:00,2025-04-09 23:55:00+00:00,2025-04-09 23:55:00+00:00,2025-04-10 00:00:00+00:00,1.0948,1.0944,1.0954,1.0953899999999999,TARGET,0.0004,1.474999999999671,1.349999999999671,0.5899999999998684
N4_MICRO_BREAKOUT,NEUTRAL,LONG,2025-04-10 00:35:00+00:00,2025-04-10 00:40:00+00:00,2025-04-10 00:40:00+00:00,2025-04-10 00:40:00+00:00,1.09776,1.0973600000000001,1.09836,1.09735,STOP,0.0004,-1.0250000000000536,-1.1500000000000536,-0.41000000000002146
N1_ROLLING_SWEEP_FADE,NEUTRAL,SHORT,2025-04-10 00:40:00+00:00,2025-04-10 00:45:00+00:00,2025-04-10 00:45:00+00:00,2025-04-10 00:45:00+00:00,1.09744,1.09784,1.09684,1.09785,STOP,0.0004,-1.0250000000000536,-1.1500000000000536,-0.41000000000002146
N4_MICRO_BREAKOUT,NEUTRAL,LONG,2025-04-10 00:50:00+00:00,2025-04-10 00:55:00+00:00,2025-04-10 00:55:00+00:00,2025-04-10 01:00:00+00:00,1.09844,1.0980400000000001,1.09904,1.09803,STOP,0.0004,-1.0250000000000536,-1.1500000000000536,-0.41000000000002146
N3_ANCHOR_REVERSION,NEUTRAL,SHORT,2025-04-10 03:20:00+00:00,2025-04-10 03:25:00+00:00,2025-04-10 03:25:00+00:00,2025-04-10 03:35:00+00:00,1.09825,1.09865,1.09765,1.09866,STOP,0.0004,-1.0250000000000536,-1.1500000000000536,-0.41000000000002146
N3_ANCHOR_REVERSION,NEUTRAL,SHORT,2025-04-11 00:10:00+00:00,2025-04-11 00:15:00+00:00,2025-04-11 00:15:00+00:00,2025-04-11 00:15:00+00:00,1.12582,1.12622,1.12522,1.1252300000000002,TARGET,0.0004,1.474999999999671,1.349999999999671,0.5899999999998684
N4_MICRO_BREAKOUT,NEUTRAL,LONG,2025-04-11 00:20:00+00:00,2025-04-11 00:25:00+00:00,2025-04-11 00:25:00+00:00,2025-04-11 00:25:00+00:00,1.1279700000000001,1.1275700000000002,1.12857,1.1275600000000001,STOP,0.0004,-1.0250000000000536,-1.1500000000000536,-0.41000000000002146
N3_ANCHOR_REVERSION,NEUTRAL,SHORT,2025-04-11 00:40:00+00:00,2025-04-11 00:45:00+00:00,2025-04-11 00:45:00+00:00,2025-04-11 00:45:00+00:00,1.1313499999999999,1.1317499999999998,1.13075,1.1317599999999999,STOP,0.0004,-1.0250000000000536,-1.1500000000000536,-0.41000000000002146
N4_MICRO_BREAKOUT,NEUTRAL,SHORT,2025-04-11 05:35:00+00:00,2025-04-11 05:40:00+00:00,2025-04-11 05:40:00+00:00,2025-04-11 05:40:00+00:00,1.12795,1.12835,1.12735,1.1273600000000001,TARGET,0.0004,1.474999999999671,1.349999999999671,0.5899999999998684
N4_MICRO_BREAKOUT,NEUTRAL,LONG,2025-04-15 22:05:00+00:00,2025-04-15 22:10:00+00:00,2025-04-15 22:10:00+00:00,2025-04-15 22:20:00+00:00,1.12942,1.1290200000000001,1.13002,1.12901,STOP,0.0004,-1.0250000000000536,-1.1500000000000536,-0.41000000000002146
N3_ANCHOR_REVERSION,NEUTRAL,SHORT,2025-04-15 22:40:00+00:00,2025-04-15 22:45:00+00:00,2025-04-15 22:45:00+00:00,2025-04-15 23:00:00+00:00,1.12946,1.1298599999999999,1.12886,1.12887,TARGET,0.0004,1.474999999999671,1.349999999999671,0.5899999999998684
N4_MICRO_BREAKOUT,NEUTRAL,LONG,2025-04-15 23:45:00+00:00,2025-04-15 23:50:00+00:00,2025-04-15 23:50:00+00:00,2025-04-15 23:50:00+00:00,1.1298300000000001,1.1294300000000002,1.13043,1.12942,STOP,0.0004,-1.0250000000000536,-1.1500000000000536,-0.41000000000002146
N4_MICRO_BREAKOUT,NEUTRAL,LONG,2025-04-16 00:05:00+00:00,2025-04-16 00:10:00+00:00,2025-04-16 00:10:00+00:00,2025-04-16 00:10:00+00:00,1.1302800000000002,1.1298800000000002,1.13088,1.13087,TARGET,0.0004,1.474999999999671,1.349999999999671,0.5899999999998684
N3_ANCHOR_REVERSION,NEUTRAL,SHORT,2025-04-16 00:20:00+00:00,2025-04-16 00:25:00+00:00,2025-04-16 00:25:00+00:00,2025-04-16 00:30:00+00:00,1.1310799999999999,1.1314799999999998,1.13048,1.1314899999999999,STOP,0.0004,-1.0250000000000536,-1.1500000000000536,-0.41000000000002146
N1_ROLLING_SWEEP_FADE,NEUTRAL,SHORT,2025-04-16 00:35:00+00:00,2025-04-16 00:40:00+00:00,2025-04-16 00:40:00+00:00,2025-04-16 00:50:00+00:00,1.13141,1.13181,1.13081,1.13182,STOP,0.0004,-1.0250000000000536,-1.1500000000000536,-0.41000000000002146
N3_ANCHOR_REVERSION,NEUTRAL,SHORT,2025-04-16 06:00:00+00:00,2025-04-16 06:05:00+00:00,2025-04-16 06:05:00+00:00,2025-04-16 06:15:00+00:00,1.13693,1.13733,1.13633,1.13734,STOP,0.0004,-1.0250000000000536,-1.1500000000000536,-0.41000000000002146
N3_ANCHOR_REVERSION,NEUTRAL,SHORT,2025-04-21 02:40:00+00:00,2025-04-21 02:45:00+00:00,2025-04-21 02:45:00+00:00,2025-04-21 02:50:00+00:00,1.15095,1.1513499999999999,1.15035,1.15036,TARGET,0.0004,1.474999999999671,1.349999999999671,0.5899999999998684
N3_ANCHOR_REVERSION,NEUTRAL,SHORT,2025-04-21 04:00:00+00:00,2025-04-21 04:05:00+00:00,2025-04-21 04:05:00+00:00,2025-04-21 04:05:00+00:00,1.15068,1.1510799999999999,1.15008,1.15009,TARGET,0.0004,1.474999999999671,1.349999999999671,0.5899999999998684
N4_MICRO_BREAKOUT,NEUTRAL,LONG,2025-04-21 05:30:00+00:00,2025-04-21 05:35:00+00:00,2025-04-21 05:35:00+00:00,2025-04-21 05:35:00+00:00,1.1534600000000002,1.1530600000000002,1.15406,1.1530500000000001,STOP,0.0004,-1.0250000000000536,-1.1500000000000536,-0.41000000000002146
N3_ANCHOR_REVERSION,NEUTRAL,SHORT,2025-04-21 05:35:00+00:00,2025-04-21 05:40:00+00:00,2025-04-21 05:40:00+00:00,2025-04-21 05:40:00+00:00,1.15299,1.15339,1.15239,1.1534,STOP,0.0004,-1.0250000000000536,-1.1500000000000536,-0.41000000000002146
N1_ROLLING_SWEEP_FADE,NEUTRAL,LONG,2025-04-22 13:10:00+00:00,2025-04-22 13:15:00+00:00,2025-04-22 13:15:00+00:00,2025-04-22 13:30:00+00:00,1.14652,1.14612,1.14712,1.14611,STOP,0.0004,-1.0250000000000536,-1.1500000000000536,-0.41000000000002146
N3_ANCHOR_REVERSION,NEUTRAL,LONG,2025-04-22 13:35:00+00:00,2025-04-22 13:40:00+00:00,2025-04-22 13:40:00+00:00,2025-04-22 13:40:00+00:00,1.1462700000000001,1.1458700000000002,1.14687,1.14586,STOP,0.0004,-1.0250000000000536,-1.1500000000000536,-0.41000000000002146
N1_ROLLING_SWEEP_FADE,NEUTRAL,SHORT,2025-04-22 13:55:00+00:00,2025-04-22 14:00:00+00:00,2025-04-22 14:00:00+00:00,2025-04-22 14:00:00+00:00,1.1474,1.1478,1.1468,1.14681,TARGET,0.0004,1.474999999999671,1.349999999999671,0.5899999999998684
N3_ANCHOR_REVERSION,NEUTRAL,LONG,2025-04-22 16:05:00+00:00,2025-04-22 16:10:00+00:00,2025-04-22 16:10:00+00:00,2025-04-22 16:10:00+00:00,1.1467500000000002,1.1463500000000002,1.14735,1.1463400000000001,STOP,0.0004,-1.0250000000000536,-1.1500000000000536,-0.41000000000002146
N1_ROLLING_SWEEP_FADE,NEUTRAL,SHORT,2025-04-23 05:20:00+00:00,2025-04-23 05:25:00+00:00,2025-04-23 05:25:00+00:00,2025-04-23 05:35:00+00:00,1.13936,1.1397599999999999,1.13876,1.13877,TARGET,0.0004,1.474999999999671,1.349999999999671,0.5899999999998684
N4_MICRO_BREAKOUT,NEUTRAL,SHORT,2025-04-23 05:45:00+00:00,2025-04-23 05:50:00+00:00,2025-04-23 05:50:00+00:00,2025-04-23 05:50:00+00:00,1.13744,1.13784,1.13684,1.13785,STOP,0.0004,-1.0250000000000536,-1.1500000000000536,-0.41000000000002146
N1_ROLLING_SWEEP_FADE,NEUTRAL,LONG,2025-04-23 05:50:00+00:00,2025-04-23 05:55:00+00:00,2025-04-23 05:55:00+00:00,2025-04-23 05:55:00+00:00,1.1380100000000002,1.1376100000000002,1.1386100000000001,1.1376000000000002,STOP,0.0004,-1.0250000000000536,-1.1500000000000536,-0.41000000000002146
N4_MICRO_BREAKOUT,NEUTRAL,LONG,2025-04-23 07:15:00+00:00,2025-04-23 07:20:00+00:00,2025-04-23 07:20:00+00:00,2025-04-23 07:20:00+00:00,1.13974,1.13934,1.14034,1.13933,STOP,0.0004,-1.0250000000000536,-1.1500000000000536,-0.41000000000002146
N1_ROLLING_SWEEP_FADE,NEUTRAL,LONG,2025-04-24 00:05:00+00:00,2025-04-24 00:10:00+00:00,2025-04-24 00:10:00+00:00,2025-04-24 00:20:00+00:00,1.13253,1.13213,1.13313,1.13312,TARGET,0.0004,1.474999999999671,1.349999999999671,0.5899999999998684
N4_MICRO_BREAKOUT,NEUTRAL,LONG,2025-04-24 00:20:00+00:00,2025-04-24 00:25:00+00:00,2025-04-24 00:25:00+00:00,2025-04-24 00:35:00+00:00,1.13369,1.1332900000000001,1.13429,1.13328,STOP,0.0004,-1.0250000000000536,-1.1500000000000536,-0.41000000000002146
N1_ROLLING_SWEEP_FADE,NEUTRAL,SHORT,2025-04-24 01:00:00+00:00,2025-04-24 01:05:00+00:00,2025-04-24 01:05:00+00:00,2025-04-24 01:15:00+00:00,1.13445,1.13485,1.13385,1.13486,STOP,0.0004,-1.0250000000000536,-1.1500000000000536,-0.41000000000002146
N3_ANCHOR_REVERSION,NEUTRAL,SHORT,2025-04-24 01:30:00+00:00,2025-04-24 01:35:00+00:00,2025-04-24 01:35:00+00:00,2025-04-24 01:35:00+00:00,1.1347399999999999,1.1351399999999998,1.13414,1.1351499999999999,STOP,0.0004,-1.0250000000000536,-1.1500000000000536,-0.41000000000002146
N4_MICRO_BREAKOUT,NEUTRAL,SHORT,2025-04-25 03:55:00+00:00,2025-04-25 04:00:00+00:00,2025-04-25 04:00:00+00:00,2025-04-25 04:00:00+00:00,1.13259,1.13299,1.13199,1.1320000000000001,TARGET,0.0004,1.474999999999671,1.349999999999671,0.5899999999998684
N1_ROLLING_SWEEP_FADE,NEUTRAL,LONG,2025-04-25 04:05:00+00:00,2025-04-25 04:10:00+00:00,2025-04-25 04:10:00+00:00,2025-04-25 04:20:00+00:00,1.1323500000000002,1.1319500000000002,1.1329500000000001,1.13294,TARGET,0.0004,1.474999999999671,1.349999999999671,0.5899999999998684
N4_MICRO_BREAKOUT,NEUTRAL,SHORT,2025-04-25 05:45:00+00:00,2025-04-25 05:50:00+00:00,2025-04-25 05:50:00+00:00,2025-04-25 05:50:00+00:00,1.1326699999999998,1.1330699999999998,1.13207,1.1330799999999999,STOP,0.0004,-1.0250000000000536,-1.1500000000000536,-0.41000000000002146
N3_ANCHOR_REVERSION,NEUTRAL,LONG,2025-04-25 05:55:00+00:00,2025-04-25 06:00:00+00:00,2025-04-25 06:00:00+00:00,2025-04-25 06:00:00+00:00,1.1331900000000001,1.1327900000000002,1.13379,1.1327800000000001,STOP,0.0004,-1.0250000000000536,-1.1500000000000536,-0.41000000000002146
N3_ANCHOR_REVERSION,NEUTRAL,SHORT,2025-04-28 19:55:00+00:00,2025-04-28 20:00:00+00:00,2025-04-28 20:00:00+00:00,2025-04-28 21:00:00+00:00,1.14218,1.14258,1.14158,1.14259,STOP,0.0004,-1.0250000000000536,-1.1500000000000536,-0.41000000000002146
N4_MICRO_BREAKOUT,NEUTRAL,SHORT,2025-04-30 17:55:00+00:00,2025-04-30 18:00:00+00:00,2025-04-30 18:00:00+00:00,2025-04-30 18:00:00+00:00,1.1345399999999999,1.1349399999999998,1.13394,1.13495,STOP,0.0004,-1.0250000000000536,-1.1500000000000536,-0.41000000000002146
N3_ANCHOR_REVERSION,NEUTRAL,LONG,2025-04-30 22:00:00+00:00,2025-04-30 22:05:00+00:00,2025-04-30 22:05:00+00:00,2025-04-30 22:15:00+00:00,1.13296,1.13256,1.13356,1.13255,STOP,0.0004,-1.0250000000000536,-1.1500000000000536,-0.41000000000002146
N4_MICRO_BREAKOUT,NEUTRAL,SHORT,2025-04-30 22:15:00+00:00,2025-04-30 22:20:00+00:00,2025-04-30 22:20:00+00:00,2025-04-30 22:35:00+00:00,1.13221,1.13261,1.13161,1.13262,STOP,0.0004,-1.0250000000000536,-1.1500000000000536,-0.41000000000002146
N4_MICRO_BREAKOUT,NEUTRAL,SHORT,2025-04-30 23:10:00+00:00,2025-04-30 23:15:00+00:00,2025-04-30 23:15:00+00:00,2025-04-30 23:15:00+00:00,1.13192,1.13232,1.13132,1.13233,STOP,0.0004,-1.0250000000000536,-1.1500000000000536,-0.41000000000002146
N1_ROLLING_SWEEP_FADE,NEUTRAL,SHORT,2025-05-01 00:20:00+00:00,2025-05-01 00:25:00+00:00,2025-05-01 00:25:00+00:00,2025-05-01 01:00:00+00:00,1.1327099999999999,1.1331099999999998,1.13211,1.13212,TARGET,0.0004,1.474999999999671,1.349999999999671,0.5899999999998684
N1_ROLLING_SWEEP_FADE,NEUTRAL,LONG,2025-05-01 01:55:00+00:00,2025-05-01 02:00:00+00:00,2025-05-01 02:00:00+00:00,2025-05-01 02:30:00+00:00,1.1308900000000002,1.1304900000000002,1.13149,1.13148,TARGET,0.0004,1.474999999999671,1.349999999999671,0.5899999999998684
N1_ROLLING_SWEEP_FADE,NEUTRAL,SHORT,2025-05-01 03:00:00+00:00,2025-05-01 03:05:00+00:00,2025-05-01 03:05:00+00:00,2025-05-01 03:05:00+00:00,1.13129,1.1316899999999999,1.13069,1.1307,TARGET,0.0004,1.474999999999671,1.349999999999671,0.5899999999998684
N4_MICRO_BREAKOUT,NEUTRAL,SHORT,2025-05-01 03:05:00+00:00,2025-05-01 03:10:00+00:00,2025-05-01 03:10:00+00:00,2025-05-01 03:15:00+00:00,1.13045,1.13085,1.12985,1.13086,STOP,0.0004,-1.0250000000000536,-1.1500000000000536,-0.41000000000002146
N3_ANCHOR_REVERSION,NEUTRAL,SHORT,2025-05-01 23:55:00+00:00,2025-05-02 00:00:00+00:00,2025-05-02 00:00:00+00:00,2025-05-02 00:00:00+00:00,1.12954,1.12994,1.12894,1.12995,STOP,0.0004,-1.0250000000000536,-1.1500000000000536,-0.41000000000002146
N1_ROLLING_SWEEP_FADE,NEUTRAL,SHORT,2025-05-02 00:00:00+00:00,2025-05-02 00:05:00+00:00,2025-05-02 00:05:00+00:00,2025-05-02 00:15:00+00:00,1.1294,1.1298,1.1288,1.12881,TARGET,0.0004,1.474999999999671,1.349999999999671,0.5899999999998684
N4_MICRO_BREAKOUT,NEUTRAL,SHORT,2025-05-02 00:25:00+00:00,2025-05-02 00:30:00+00:00,2025-05-02 00:30:00+00:00,2025-05-02 00:40:00+00:00,1.12819,1.12859,1.12759,1.1276000000000002,TARGET,0.0004,1.474999999999671,1.349999999999671,0.5899999999998684
N3_ANCHOR_REVERSION,NEUTRAL,LONG,2025-05-02 00:50:00+00:00,2025-05-02 00:55:00+00:00,2025-05-02 00:55:00+00:00,2025-05-02 01:10:00+00:00,1.1279400000000002,1.1275400000000002,1.12854,1.12853,TARGET,0.0004,1.474999999999671,1.349999999999671,0.5899999999998684
N1_ROLLING_SWEEP_FADE,NEUTRAL,SHORT,2025-05-06 12:55:00+00:00,2025-05-06 13:00:00+00:00,2025-05-06 13:00:00+00:00,2025-05-06 13:05:00+00:00,1.13401,1.13441,1.13341,1.13342,TARGET,0.0004,1.474999999999671,1.349999999999671,0.5899999999998684
N1_ROLLING_SWEEP_FADE,NEUTRAL,SHORT,2025-05-06 13:35:00+00:00,2025-05-06 13:40:00+00:00,2025-05-06 13:40:00+00:00,2025-05-06 13:40:00+00:00,1.13409,1.13449,1.13349,1.1345,STOP,0.0004,-1.0250000000000536,-1.1500000000000536,-0.41000000000002146
N4_MICRO_BREAKOUT,NEUTRAL,LONG,2025-05-06 13:45:00+00:00,2025-05-06 13:50:00+00:00,2025-05-06 13:50:00+00:00,2025-05-06 13:50:00+00:00,1.1357300000000001,1.1353300000000002,1.13633,1.13532,STOP,0.0004,-1.0250000000000536,-1.1500000000000536,-0.41000000000002146
N1_ROLLING_SWEEP_FADE,NEUTRAL,SHORT,2025-05-06 14:15:00+00:00,2025-05-06 14:20:00+00:00,2025-05-06 14:20:00+00:00,2025-05-06 14:20:00+00:00,1.1347,1.1351,1.1341,1.13511,STOP,0.0004,-1.0250000000000536,-1.1500000000000536,-0.41000000000002146
N1_ROLLING_SWEEP_FADE,NEUTRAL,SHORT,2025-05-07 00:05:00+00:00,2025-05-07 00:10:00+00:00,2025-05-07 00:10:00+00:00,2025-05-07 00:10:00+00:00,1.13435,1.13475,1.13375,1.13476,STOP,0.0004,-1.0250000000000536,-1.1500000000000536,-0.41000000000002146
N4_MICRO_BREAKOUT,NEUTRAL,SHORT,2025-05-07 00:20:00+00:00,2025-05-07 00:25:00+00:00,2025-05-07 00:25:00+00:00,2025-05-07 00:30:00+00:00,1.1328,1.1332,1.1322,1.13321,STOP,0.0004,-1.0250000000000536,-1.1500000000000536,-0.41000000000002146
N1_ROLLING_SWEEP_FADE,NEUTRAL,LONG,2025-05-07 22:10:00+00:00,2025-05-07 22:15:00+00:00,2025-05-07 22:15:00+00:00,2025-05-07 22:30:00+00:00,1.13083,1.13043,1.13143,1.13042,STOP,0.0004,-1.0250000000000536,-1.1500000000000536,-0.41000000000002146
N3_ANCHOR_REVERSION,NEUTRAL,LONG,2025-05-07 22:35:00+00:00,2025-05-07 22:40:00+00:00,2025-05-07 22:40:00+00:00,2025-05-07 22:45:00+00:00,1.13073,1.13033,1.13133,1.13032,STOP,0.0004,-1.0250000000000536,-1.1500000000000536,-0.41000000000002146
N1_ROLLING_SWEEP_FADE,NEUTRAL,SHORT,2025-05-08 00:10:00+00:00,2025-05-08 00:15:00+00:00,2025-05-08 00:15:00+00:00,2025-05-08 00:20:00+00:00,1.13106,1.13146,1.13046,1.13147,STOP,0.0004,-1.0250000000000536,-1.1500000000000536,-0.41000000000002146
N1_ROLLING_SWEEP_FADE,NEUTRAL,SHORT,2025-05-08 00:40:00+00:00,2025-05-08 00:45:00+00:00,2025-05-08 00:45:00+00:00,2025-05-08 00:45:00+00:00,1.13123,1.13163,1.13063,1.13164,STOP,0.0004,-1.0250000000000536,-1.1500000000000536,-0.41000000000002146
N4_MICRO_BREAKOUT,NEUTRAL,LONG,2025-05-08 00:50:00+00:00,2025-05-08 00:55:00+00:00,2025-05-08 00:55:00+00:00,2025-05-08 00:55:00+00:00,1.1320700000000001,1.1316700000000002,1.13267,1.13166,STOP,0.0004,-1.0250000000000536,-1.1500000000000536,-0.41000000000002146
N1_ROLLING_SWEEP_FADE,NEUTRAL,SHORT,2025-05-08 00:55:00+00:00,2025-05-08 01:00:00+00:00,2025-05-08 01:00:00+00:00,2025-05-08 01:00:00+00:00,1.13099,1.13139,1.13039,1.1314,STOP,0.0004,-1.0250000000000536,-1.1500000000000536,-0.41000000000002146
N1_ROLLING_SWEEP_FADE,NEUTRAL,SHORT,2025-05-16 19:00:00+00:00,2025-05-16 19:05:00+00:00,2025-05-16 19:05:00+00:00,2025-05-16 19:25:00+00:00,1.11529,1.1156899999999998,1.11469,1.1157,STOP,0.0004,-1.0250000000000536,-1.1500000000000536,-0.41000000000002146
N1_ROLLING_SWEEP_FADE,NEUTRAL,SHORT,2025-05-16 19:25:00+00:00,2025-05-16 19:30:00+00:00,2025-05-16 19:30:00+00:00,2025-05-16 19:50:00+00:00,1.1155199999999998,1.1159199999999998,1.11492,1.11493,TARGET,0.0004,1.474999999999671,1.349999999999671,0.5899999999998684
N1_ROLLING_SWEEP_FADE,NEUTRAL,LONG,2025-05-16 19:50:00+00:00,2025-05-16 19:55:00+00:00,2025-05-16 19:55:00+00:00,2025-05-16 20:40:00+00:00,1.11504,1.11464,1.11564,1.11463,STOP,0.0004,-1.0250000000000536,-1.1500000000000536,-0.41000000000002146
N1_ROLLING_SWEEP_FADE,NEUTRAL,LONG,2025-05-16 20:40:00+00:00,2025-05-16 20:45:00+00:00,2025-05-16 20:45:00+00:00,2025-05-16 20:50:00+00:00,1.11493,1.11453,1.11553,1.1155199999999998,TARGET,0.0004,1.474999999999671,1.349999999999671,0.5899999999998684
N1_ROLLING_SWEEP_FADE,NEUTRAL,SHORT,2025-05-19 01:00:00+00:00,2025-05-19 01:05:00+00:00,2025-05-19 01:05:00+00:00,2025-05-19 01:10:00+00:00,1.1194899999999999,1.1198899999999998,1.11889,1.1189,TARGET,0.0004,1.474999999999671,1.349999999999671,0.5899999999998684
N4_MICRO_BREAKOUT,NEUTRAL,LONG,2025-05-19 06:30:00+00:00,2025-05-19 06:35:00+00:00,2025-05-19 06:35:00+00:00,2025-05-19 06:35:00+00:00,1.12115,1.1207500000000001,1.12175,1.12074,STOP,0.0004,-1.0250000000000536,-1.1500000000000536,-0.41000000000002146
N3_ANCHOR_REVERSION,NEUTRAL,SHORT,2025-05-19 06:40:00+00:00,2025-05-19 06:45:00+00:00,2025-05-19 06:45:00+00:00,2025-05-19 06:55:00+00:00,1.12063,1.12103,1.12003,1.12104,STOP,0.0004,-1.0250000000000536,-1.1500000000000536,-0.41000000000002146
N4_MICRO_BREAKOUT,NEUTRAL,LONG,2025-05-19 07:05:00+00:00,2025-05-19 07:10:00+00:00,2025-05-19 07:10:00+00:00,2025-05-19 07:10:00+00:00,1.1217700000000002,1.1213700000000002,1.12237,1.1213600000000001,STOP,0.0004,-1.0250000000000536,-1.1500000000000536,-0.41000000000002146
N2_ASIA_RANGE_FADE,NEUTRAL,SHORT,2025-05-20 09:00:00+00:00,2025-05-20 09:05:00+00:00,2025-05-20 09:05:00+00:00,2025-05-20 09:05:00+00:00,1.1257599999999999,1.1261599999999998,1.12516,1.12617,STOP,0.0004,-1.0250000000000536,-1.1500000000000536,-0.41000000000002146
N3_ANCHOR_REVERSION,NEUTRAL,LONG,2025-05-20 11:00:00+00:00,2025-05-20 11:05:00+00:00,2025-05-20 11:05:00+00:00,2025-05-20 11:55:00+00:00,1.12476,1.12436,1.12536,1.12435,STOP,0.0004,-1.0250000000000536,-1.1500000000000536,-0.41000000000002146
N3_ANCHOR_REVERSION,NEUTRAL,LONG,2025-05-20 12:25:00+00:00,2025-05-20 12:30:00+00:00,2025-05-20 12:30:00+00:00,2025-05-20 12:30:00+00:00,1.12284,1.12244,1.12344,1.12343,TARGET,0.0004,1.474999999999671,1.349999999999671,0.5899999999998684
N3_ANCHOR_REVERSION,NEUTRAL,LONG,2025-05-20 12:45:00+00:00,2025-05-20 12:50:00+00:00,2025-05-20 12:50:00+00:00,2025-05-20 13:00:00+00:00,1.12328,1.12288,1.12388,1.12287,STOP,0.0004,-1.0250000000000536,-1.1500000000000536,-0.41000000000002146
N3_ANCHOR_REVERSION,NEUTRAL,SHORT,2025-05-21 00:10:00+00:00,2025-05-21 00:15:00+00:00,2025-05-21 00:15:00+00:00,2025-05-21 00:20:00+00:00,1.12879,1.12919,1.12819,1.1292,STOP,0.0004,-1.0250000000000536,-1.1500000000000536,-0.41000000000002146
N4_MICRO_BREAKOUT,NEUTRAL,LONG,2025-05-21 00:20:00+00:00,2025-05-21 00:25:00+00:00,2025-05-21 00:25:00+00:00,2025-05-21 00:35:00+00:00,1.12937,1.12897,1.12997,1.1299599999999999,TARGET,0.0004,1.474999999999671,1.349999999999671,0.5899999999998684
N1_ROLLING_SWEEP_FADE,NEUTRAL,SHORT,2025-05-21 00:35:00+00:00,2025-05-21 00:40:00+00:00,2025-05-21 00:40:00+00:00,2025-05-21 00:50:00+00:00,1.12968,1.13008,1.12908,1.1290900000000001,TARGET,0.0004,1.474999999999671,1.349999999999671,0.5899999999998684
N3_ANCHOR_REVERSION,NEUTRAL,SHORT,2025-05-21 01:10:00+00:00,2025-05-21 01:15:00+00:00,2025-05-21 01:15:00+00:00,2025-05-21 01:25:00+00:00,1.12943,1.12983,1.12883,1.12884,TARGET,0.0004,1.474999999999671,1.349999999999671,0.5899999999998684
N4_MICRO_BREAKOUT,NEUTRAL,SHORT,2025-05-22 16:55:00+00:00,2025-05-22 17:00:00+00:00,2025-05-22 17:00:00+00:00,2025-05-22 17:15:00+00:00,1.12693,1.12733,1.12633,1.1263400000000001,TARGET,0.0004,1.474999999999671,1.349999999999671,0.5899999999998684
N1_ROLLING_SWEEP_FADE,NEUTRAL,SHORT,2025-05-22 19:55:00+00:00,2025-05-22 20:00:00+00:00,2025-05-22 20:00:00+00:00,2025-05-22 20:05:00+00:00,1.12785,1.12825,1.12725,1.12826,STOP,0.0004,-1.0250000000000536,-1.1500000000000536,-0.41000000000002146
N1_ROLLING_SWEEP_FADE,NEUTRAL,LONG,2025-05-23 04:05:00+00:00,2025-05-23 04:10:00+00:00,2025-05-23 04:10:00+00:00,2025-05-23 04:35:00+00:00,1.1312900000000001,1.1308900000000002,1.13189,1.13188,TARGET,0.0004,1.474999999999671,1.349999999999671,0.5899999999998684
N4_MICRO_BREAKOUT,NEUTRAL,LONG,2025-05-23 04:35:00+00:00,2025-05-23 04:40:00+00:00,2025-05-23 04:40:00+00:00,2025-05-23 05:30:00+00:00,1.13202,1.13162,1.13262,1.13161,STOP,0.0004,-1.0250000000000536,-1.1500000000000536,-0.41000000000002146
N3_ANCHOR_REVERSION,NEUTRAL,SHORT,2025-05-23 06:10:00+00:00,2025-05-23 06:15:00+00:00,2025-05-23 06:15:00+00:00,2025-05-23 06:15:00+00:00,1.13214,1.1325399999999999,1.13154,1.13255,STOP,0.0004,-1.0250000000000536,-1.1500000000000536,-0.41000000000002146
N3_ANCHOR_REVERSION,NEUTRAL,SHORT,2025-05-23 09:55:00+00:00,2025-05-23 10:00:00+00:00,2025-05-23 10:00:00+00:00,2025-05-23 10:00:00+00:00,1.1349099999999999,1.1353099999999998,1.13431,1.1353199999999999,STOP,0.0004,-1.0250000000000536,-1.1500000000000536,-0.41000000000002146
N4_MICRO_BREAKOUT,NEUTRAL,LONG,2025-05-26 00:55:00+00:00,2025-05-26 01:00:00+00:00,2025-05-26 01:00:00+00:00,2025-05-26 01:00:00+00:00,1.13975,1.13935,1.14035,1.13934,STOP,0.0004,-1.0250000000000536,-1.1500000000000536,-0.41000000000002146
N3_ANCHOR_REVERSION,NEUTRAL,SHORT,2025-05-26 01:05:00+00:00,2025-05-26 01:10:00+00:00,2025-05-26 01:10:00+00:00,2025-05-26 01:15:00+00:00,1.13896,1.13936,1.13836,1.13937,STOP,0.0004,-1.0250000000000536,-1.1500000000000536,-0.41000000000002146
N4_MICRO_BREAKOUT,NEUTRAL,LONG,2025-05-26 01:15:00+00:00,2025-05-26 01:20:00+00:00,2025-05-26 01:20:00+00:00,2025-05-26 01:30:00+00:00,1.13985,1.13945,1.14045,1.13944,STOP,0.0004,-1.0250000000000536,-1.1500000000000536,-0.41000000000002146
N3_ANCHOR_REVERSION,NEUTRAL,SHORT,2025-05-26 01:30:00+00:00,2025-05-26 01:35:00+00:00,2025-05-26 01:35:00+00:00,2025-05-26 01:35:00+00:00,1.13923,1.13963,1.13863,1.13964,STOP,0.0004,-1.0250000000000536,-1.1500000000000536,-0.41000000000002146
N3_ANCHOR_REVERSION,NEUTRAL,LONG,2025-05-27 05:55:00+00:00,2025-05-27 06:00:00+00:00,2025-05-27 06:00:00+00:00,2025-05-27 06:05:00+00:00,1.13792,1.13752,1.13852,1.13851,TARGET,0.0004,1.474999999999671,1.349999999999671,0.5899999999998684
N1_ROLLING_SWEEP_FADE,NEUTRAL,SHORT,2025-05-27 06:20:00+00:00,2025-05-27 06:25:00+00:00,2025-05-27 06:25:00+00:00,2025-05-27 06:40:00+00:00,1.1389099999999999,1.1393099999999998,1.13831,1.13832,TARGET,0.0004,1.474999999999671,1.349999999999671,0.5899999999998684
N4_MICRO_BREAKOUT,NEUTRAL,SHORT,2025-05-27 06:50:00+00:00,2025-05-27 06:55:00+00:00,2025-05-27 06:55:00+00:00,2025-05-27 06:55:00+00:00,1.13719,1.1375899999999999,1.13659,1.1366,TARGET,0.0004,1.474999999999671,1.349999999999671,0.5899999999998684
N4_MICRO_BREAKOUT,NEUTRAL,SHORT,2025-05-27 07:25:00+00:00,2025-05-27 07:30:00+00:00,2025-05-27 07:30:00+00:00,2025-05-27 07:30:00+00:00,1.13469,1.13509,1.13409,1.1351,STOP,0.0004,-1.0250000000000536,-1.1500000000000536,-0.41000000000002146
N1_ROLLING_SWEEP_FADE,NEUTRAL,LONG,2025-05-29 05:15:00+00:00,2025-05-29 05:20:00+00:00,2025-05-29 05:20:00+00:00,2025-05-29 05:20:00+00:00,1.12487,1.12447,1.12547,1.12446,STOP,0.0004,-1.0250000000000536,-1.1500000000000536,-0.41000000000002146
N1_ROLLING_SWEEP_FADE,NEUTRAL,LONG,2025-05-29 05:30:00+00:00,2025-05-29 05:35:00+00:00,2025-05-29 05:35:00+00:00,2025-05-29 05:35:00+00:00,1.1246500000000001,1.1242500000000002,1.12525,1.1242400000000001,STOP,0.0004,-1.0250000000000536,-1.1500000000000536,-0.41000000000002146
N4_MICRO_BREAKOUT,NEUTRAL,SHORT,2025-05-29 05:45:00+00:00,2025-05-29 05:50:00+00:00,2025-05-29 05:50:00+00:00,2025-05-29 05:50:00+00:00,1.12337,1.12377,1.12277,1.12378,STOP,0.0004,-1.0250000000000536,-1.1500000000000536,-0.41000000000002146
N1_ROLLING_SWEEP_FADE,NEUTRAL,LONG,2025-05-29 05:50:00+00:00,2025-05-29 05:55:00+00:00,2025-05-29 05:55:00+00:00,2025-05-29 06:00:00+00:00,1.12388,1.12348,1.12448,1.1244699999999999,TARGET,0.0004,1.474999999999671,1.349999999999671,0.5899999999998684
N3_ANCHOR_REVERSION,NEUTRAL,SHORT,2025-05-29 23:55:00+00:00,2025-05-30 00:00:00+00:00,2025-05-30 00:00:00+00:00,2025-05-30 00:00:00+00:00,1.13767,1.13807,1.13707,1.13808,STOP,0.0004,-1.0250000000000536,-1.1500000000000536,-0.41000000000002146
N4_MICRO_BREAKOUT,NEUTRAL,LONG,2025-05-30 00:00:00+00:00,2025-05-30 00:05:00+00:00,2025-05-30 00:05:00+00:00,2025-05-30 00:05:00+00:00,1.1381000000000001,1.1377000000000002,1.1387,1.13769,STOP,0.0004,-1.0250000000000536,-1.1500000000000536,-0.41000000000002146
N1_ROLLING_SWEEP_FADE,NEUTRAL,SHORT,2025-05-30 00:05:00+00:00,2025-05-30 00:10:00+00:00,2025-05-30 00:10:00+00:00,2025-05-30 00:15:00+00:00,1.13767,1.13807,1.13707,1.13808,STOP,0.0004,-1.0250000000000536,-1.1500000000000536,-0.41000000000002146
N4_MICRO_BREAKOUT,NEUTRAL,LONG,2025-05-30 00:15:00+00:00,2025-05-30 00:20:00+00:00,2025-05-30 00:20:00+00:00,2025-05-30 00:30:00+00:00,1.1381700000000001,1.1377700000000002,1.13877,1.13776,STOP,0.0004,-1.0250000000000536,-1.1500000000000536,-0.41000000000002146
N3_ANCHOR_REVERSION,NEUTRAL,LONG,2025-06-03 18:45:00+00:00,2025-06-03 18:50:00+00:00,2025-06-03 18:50:00+00:00,2025-06-03 19:50:00+00:00,1.13738,1.13698,1.13798,1.13697,STOP,0.0004,-1.0250000000000536,-1.1500000000000536,-0.41000000000002146
N3_ANCHOR_REVERSION,NEUTRAL,LONG,2025-06-03 20:00:00+00:00,2025-06-03 20:05:00+00:00,2025-06-03 20:05:00+00:00,2025-06-03 23:30:00+00:00,1.1372,1.1368,1.1378,1.1377899999999999,TARGET,0.0004,1.474999999999671,1.349999999999671,0.5899999999998684
N1_ROLLING_SWEEP_FADE,NEUTRAL,LONG,2025-06-06 19:55:00+00:00,2025-06-06 20:00:00+00:00,2025-06-06 20:00:00+00:00,2025-06-06 20:40:00+00:00,1.1396600000000001,1.1392600000000002,1.14026,1.13925,STOP,0.0004,-1.0250000000000536,-1.1500000000000536,-0.41000000000002146
N1_ROLLING_SWEEP_FADE,NEUTRAL,LONG,2025-06-06 20:50:00+00:00,2025-06-06 20:55:00+00:00,2025-06-06 20:55:00+00:00,2025-06-06 20:55:00+00:00,1.1393600000000002,1.1389600000000002,1.13996,1.13934,TIME_12H,0.0004,-0.05000000000032756,-0.17500000000032756,-0.020000000000131024
N3_ANCHOR_REVERSION,NEUTRAL,SHORT,2025-06-08 22:40:00+00:00,2025-06-08 22:45:00+00:00,2025-06-08 22:45:00+00:00,2025-06-08 22:55:00+00:00,1.1402999999999999,1.1406999999999998,1.1397,1.14071,STOP,0.0004,-1.0250000000000536,-1.1500000000000536,-0.41000000000002146
N4_MICRO_BREAKOUT,NEUTRAL,LONG,2025-06-08 22:55:00+00:00,2025-06-08 23:00:00+00:00,2025-06-08 23:00:00+00:00,2025-06-09 00:10:00+00:00,1.14073,1.14033,1.14133,1.14032,STOP,0.0004,-1.0250000000000536,-1.1500000000000536,-0.41000000000002146
N1_ROLLING_SWEEP_FADE,NEUTRAL,LONG,2025-06-09 00:20:00+00:00,2025-06-09 00:25:00+00:00,2025-06-09 00:25:00+00:00,2025-06-09 00:50:00+00:00,1.13989,1.1394900000000001,1.14049,1.13948,STOP,0.0004,-1.0250000000000536,-1.1500000000000536,-0.41000000000002146
N1_ROLLING_SWEEP_FADE,NEUTRAL,LONG,2025-06-09 00:50:00+00:00,2025-06-09 00:55:00+00:00,2025-06-09 00:55:00+00:00,2025-06-09 00:55:00+00:00,1.1398000000000001,1.1394000000000002,1.1404,1.1393900000000001,STOP,0.0004,-1.0250000000000536,-1.1500000000000536,-0.41000000000002146
N4_MICRO_BREAKOUT,NEUTRAL,SHORT,2025-06-09 00:55:00+00:00,2025-06-09 01:00:00+00:00,2025-06-09 01:00:00+00:00,2025-06-09 01:00:00+00:00,1.1393799999999998,1.1397799999999998,1.13878,1.1397899999999999,STOP,0.0004,-1.0250000000000536,-1.1500000000000536,-0.41000000000002146
N4_MICRO_BREAKOUT,NEUTRAL,LONG,2025-06-09 01:20:00+00:00,2025-06-09 01:25:00+00:00,2025-06-09 01:25:00+00:00,2025-06-09 01:30:00+00:00,1.14097,1.14057,1.14157,1.14056,STOP,0.0004,-1.0250000000000536,-1.1500000000000536,-0.41000000000002146
N3_ANCHOR_REVERSION,NEUTRAL,SHORT,2025-06-09 23:55:00+00:00,2025-06-10 00:00:00+00:00,2025-06-10 00:00:00+00:00,2025-06-10 00:05:00+00:00,1.14259,1.14299,1.14199,1.143,STOP,0.0004,-1.0250000000000536,-1.1500000000000536,-0.41000000000002146
N4_MICRO_BREAKOUT,NEUTRAL,LONG,2025-06-10 00:05:00+00:00,2025-06-10 00:10:00+00:00,2025-06-10 00:10:00+00:00,2025-06-10 00:20:00+00:00,1.1429200000000002,1.1425200000000002,1.14352,1.14351,TARGET,0.0004,1.474999999999671,1.349999999999671,0.5899999999998684
N3_ANCHOR_REVERSION,NEUTRAL,SHORT,2025-06-10 00:30:00+00:00,2025-06-10 00:35:00+00:00,2025-06-10 00:35:00+00:00,2025-06-10 00:40:00+00:00,1.1430099999999999,1.1434099999999998,1.14241,1.14242,TARGET,0.0004,1.474999999999671,1.349999999999671,0.5899999999998684
N1_ROLLING_SWEEP_FADE,NEUTRAL,LONG,2025-06-10 01:00:00+00:00,2025-06-10 01:05:00+00:00,2025-06-10 01:05:00+00:00,2025-06-10 01:10:00+00:00,1.1427,1.1423,1.1433,1.14229,STOP,0.0004,-1.0250000000000536,-1.1500000000000536,-0.41000000000002146
N3_ANCHOR_REVERSION,NEUTRAL,SHORT,2025-06-11 18:10:00+00:00,2025-06-11 18:15:00+00:00,2025-06-11 18:15:00+00:00,2025-06-11 18:15:00+00:00,1.14954,1.14994,1.14894,1.1489500000000001,TARGET,0.0004,1.474999999999671,1.349999999999671,0.5899999999998684
N1_ROLLING_SWEEP_FADE,NEUTRAL,LONG,2025-06-11 18:30:00+00:00,2025-06-11 18:35:00+00:00,2025-06-11 18:35:00+00:00,2025-06-11 18:40:00+00:00,1.1488800000000001,1.1484800000000002,1.14948,1.14847,STOP,0.0004,-1.0250000000000536,-1.1500000000000536,-0.41000000000002146
N1_ROLLING_SWEEP_FADE,NEUTRAL,LONG,2025-06-11 19:55:00+00:00,2025-06-11 20:00:00+00:00,2025-06-11 20:00:00+00:00,2025-06-11 22:00:00+00:00,1.14836,1.14796,1.14896,1.14895,TARGET,0.0004,1.474999999999671,1.349999999999671,0.5899999999998684
N4_MICRO_BREAKOUT,NEUTRAL,LONG,2025-06-11 22:00:00+00:00,2025-06-11 22:05:00+00:00,2025-06-11 22:05:00+00:00,2025-06-11 22:55:00+00:00,1.1493900000000001,1.1489900000000002,1.14999,1.14998,TARGET,0.0004,1.474999999999671,1.349999999999671,0.5899999999998684
N3_ANCHOR_REVERSION,NEUTRAL,SHORT,2025-06-12 00:00:00+00:00,2025-06-12 00:05:00+00:00,2025-06-12 00:05:00+00:00,2025-06-12 00:25:00+00:00,1.1505699999999999,1.1509699999999998,1.14997,1.15098,STOP,0.0004,-1.0250000000000536,-1.1500000000000536,-0.41000000000002146
N3_ANCHOR_REVERSION,NEUTRAL,SHORT,2025-06-12 00:30:00+00:00,2025-06-12 00:35:00+00:00,2025-06-12 00:35:00+00:00,2025-06-12 00:35:00+00:00,1.15056,1.15096,1.14996,1.15097,STOP,0.0004,-1.0250000000000536,-1.1500000000000536,-0.41000000000002146
N4_MICRO_BREAKOUT,NEUTRAL,LONG,2025-06-12 00:40:00+00:00,2025-06-12 00:45:00+00:00,2025-06-12 00:45:00+00:00,2025-06-12 00:45:00+00:00,1.1517700000000002,1.1513700000000002,1.1523700000000001,1.15236,TARGET,0.0004,1.474999999999671,1.349999999999671,0.5899999999998684
N4_MICRO_BREAKOUT,NEUTRAL,LONG,2025-06-16 14:00:00+00:00,2025-06-16 14:05:00+00:00,2025-06-16 14:05:00+00:00,2025-06-16 14:05:00+00:00,1.1607800000000001,1.1603800000000002,1.16138,1.16137,TARGET,0.0004,1.474999999999671,1.349999999999671,0.5899999999998684
N3_ANCHOR_REVERSION,NEUTRAL,SHORT,2025-06-16 14:20:00+00:00,2025-06-16 14:25:00+00:00,2025-06-16 14:25:00+00:00,2025-06-16 14:30:00+00:00,1.16072,1.16112,1.16012,1.16113,STOP,0.0004,-1.0250000000000536,-1.1500000000000536,-0.41000000000002146
N3_ANCHOR_REVERSION,NEUTRAL,SHORT,2025-06-16 14:30:00+00:00,2025-06-16 14:35:00+00:00,2025-06-16 14:35:00+00:00,2025-06-16 14:35:00+00:00,1.16071,1.1611099999999999,1.16011,1.16112,STOP,0.0004,-1.0250000000000536,-1.1500000000000536,-0.41000000000002146
N1_ROLLING_SWEEP_FADE,NEUTRAL,LONG,2025-06-16 15:00:00+00:00,2025-06-16 15:05:00+00:00,2025-06-16 15:05:00+00:00,2025-06-16 15:05:00+00:00,1.15934,1.15894,1.15994,1.15893,STOP,0.0004,-1.0250000000000536,-1.1500000000000536,-0.41000000000002146
N1_ROLLING_SWEEP_FADE,NEUTRAL,LONG,2025-06-16 23:55:00+00:00,2025-06-17 00:00:00+00:00,2025-06-17 00:00:00+00:00,2025-06-17 00:00:00+00:00,1.15544,1.15504,1.15604,1.15503,STOP,0.0004,-1.0250000000000536,-1.1500000000000536,-0.41000000000002146
N1_ROLLING_SWEEP_FADE,NEUTRAL,LONG,2025-06-17 00:20:00+00:00,2025-06-17 00:25:00+00:00,2025-06-17 00:25:00+00:00,2025-06-17 00:30:00+00:00,1.15491,1.1545100000000001,1.15551,1.1545,STOP,0.0004,-1.0250000000000536,-1.1500000000000536,-0.41000000000002146
N1_ROLLING_SWEEP_FADE,NEUTRAL,LONG,2025-06-17 00:30:00+00:00,2025-06-17 00:35:00+00:00,2025-06-17 00:35:00+00:00,2025-06-17 01:10:00+00:00,1.15476,1.15436,1.15536,1.1553499999999999,TARGET,0.0004,1.474999999999671,1.349999999999671,0.5899999999998684
N1_ROLLING_SWEEP_FADE,NEUTRAL,SHORT,2025-06-17 01:50:00+00:00,2025-06-17 01:55:00+00:00,2025-06-17 01:55:00+00:00,2025-06-17 02:10:00+00:00,1.15568,1.15608,1.15508,1.1550900000000002,TARGET,0.0004,1.474999999999671,1.349999999999671,0.5899999999998684
N1_ROLLING_SWEEP_FADE,NEUTRAL,SHORT,2025-06-18 00:00:00+00:00,2025-06-18 00:05:00+00:00,2025-06-18 00:05:00+00:00,2025-06-18 00:05:00+00:00,1.14824,1.1486399999999999,1.14764,1.14865,STOP,0.0004,-1.0250000000000536,-1.1500000000000536,-0.41000000000002146
N4_MICRO_BREAKOUT,NEUTRAL,LONG,2025-06-18 00:40:00+00:00,2025-06-18 00:45:00+00:00,2025-06-18 00:45:00+00:00,2025-06-18 00:55:00+00:00,1.14942,1.1490200000000002,1.15002,1.14901,STOP,0.0004,-1.0250000000000536,-1.1500000000000536,-0.41000000000002146
N3_ANCHOR_REVERSION,NEUTRAL,SHORT,2025-06-18 01:15:00+00:00,2025-06-18 01:20:00+00:00,2025-06-18 01:20:00+00:00,2025-06-18 01:20:00+00:00,1.14924,1.14964,1.14864,1.14965,STOP,0.0004,-1.0250000000000536,-1.1500000000000536,-0.41000000000002146
N1_ROLLING_SWEEP_FADE,NEUTRAL,SHORT,2025-06-18 01:30:00+00:00,2025-06-18 01:35:00+00:00,2025-06-18 01:35:00+00:00,2025-06-18 03:20:00+00:00,1.1497899999999999,1.1501899999999998,1.14919,1.1502,STOP,0.0004,-1.0250000000000536,-1.1500000000000536,-0.41000000000002146
N4_MICRO_BREAKOUT,NEUTRAL,SHORT,2025-06-19 01:00:00+00:00,2025-06-19 01:05:00+00:00,2025-06-19 01:05:00+00:00,2025-06-19 01:05:00+00:00,1.14727,1.14767,1.14667,1.1466800000000001,TARGET,0.0004,1.474999999999671,1.349999999999671,0.5899999999998684
N3_ANCHOR_REVERSION,NEUTRAL,LONG,2025-06-19 01:10:00+00:00,2025-06-19 01:15:00+00:00,2025-06-19 01:15:00+00:00,2025-06-19 01:20:00+00:00,1.1471200000000001,1.1467200000000002,1.14772,1.1467100000000001,STOP,0.0004,-1.0250000000000536,-1.1500000000000536,-0.41000000000002146
N3_ANCHOR_REVERSION,NEUTRAL,LONG,2025-06-19 01:30:00+00:00,2025-06-19 01:35:00+00:00,2025-06-19 01:35:00+00:00,2025-06-19 01:35:00+00:00,1.14707,1.14667,1.14767,1.14666,STOP,0.0004,-1.0250000000000536,-1.1500000000000536,-0.41000000000002146
N4_MICRO_BREAKOUT,NEUTRAL,SHORT,2025-06-19 01:55:00+00:00,2025-06-19 02:00:00+00:00,2025-06-19 02:00:00+00:00,2025-06-19 02:00:00+00:00,1.14527,1.14567,1.14467,1.14568,STOP,0.0004,-1.0250000000000536,-1.1500000000000536,-0.41000000000002146
N3_ANCHOR_REVERSION,NEUTRAL,SHORT,2025-06-20 01:00:00+00:00,2025-06-20 01:05:00+00:00,2025-06-20 01:05:00+00:00,2025-06-20 01:20:00+00:00,1.15187,1.15227,1.15127,1.15228,STOP,0.0004,-1.0250000000000536,-1.1500000000000536,-0.41000000000002146
N3_ANCHOR_REVERSION,NEUTRAL,SHORT,2025-06-20 01:35:00+00:00,2025-06-20 01:40:00+00:00,2025-06-20 01:40:00+00:00,2025-06-20 02:35:00+00:00,1.1516899999999999,1.1520899999999998,1.15109,1.1521,STOP,0.0004,-1.0250000000000536,-1.1500000000000536,-0.41000000000002146
N1_ROLLING_SWEEP_FADE,NEUTRAL,LONG,2025-06-20 04:55:00+00:00,2025-06-20 05:00:00+00:00,2025-06-20 05:00:00+00:00,2025-06-20 05:15:00+00:00,1.1527500000000002,1.1523500000000002,1.15335,1.1523400000000001,STOP,0.0004,-1.0250000000000536,-1.1500000000000536,-0.41000000000002146
N1_ROLLING_SWEEP_FADE,NEUTRAL,SHORT,2025-06-20 05:55:00+00:00,2025-06-20 06:00:00+00:00,2025-06-20 06:00:00+00:00,2025-06-20 06:20:00+00:00,1.1526999999999998,1.1530999999999998,1.1521,1.15211,TARGET,0.0004,1.474999999999671,1.349999999999671,0.5899999999998684
N1_ROLLING_SWEEP_FADE,NEUTRAL,SHORT,2025-06-23 02:05:00+00:00,2025-06-23 02:10:00+00:00,2025-06-23 02:10:00+00:00,2025-06-23 02:10:00+00:00,1.14971,1.15011,1.14911,1.15012,STOP,0.0004,-1.0250000000000536,-1.1500000000000536,-0.41000000000002146
N3_ANCHOR_REVERSION,NEUTRAL,SHORT,2025-06-23 02:35:00+00:00,2025-06-23 02:40:00+00:00,2025-06-23 02:40:00+00:00,2025-06-23 03:10:00+00:00,1.1503299999999999,1.1507299999999998,1.14973,1.14974,TARGET,0.0004,1.474999999999671,1.349999999999671,0.5899999999998684
N1_ROLLING_SWEEP_FADE,NEUTRAL,LONG,2025-06-23 03:25:00+00:00,2025-06-23 03:30:00+00:00,2025-06-23 03:30:00+00:00,2025-06-23 04:10:00+00:00,1.1495900000000001,1.1491900000000002,1.15019,1.14918,STOP,0.0004,-1.0250000000000536,-1.1500000000000536,-0.41000000000002146
N1_ROLLING_SWEEP_FADE,NEUTRAL,LONG,2025-06-23 04:45:00+00:00,2025-06-23 04:50:00+00:00,2025-06-23 04:50:00+00:00,2025-06-23 05:00:00+00:00,1.14893,1.14853,1.14953,1.1495199999999999,TARGET,0.0004,1.474999999999671,1.349999999999671,0.5899999999998684
N3_ANCHOR_REVERSION,NEUTRAL,SHORT,2025-06-24 00:00:00+00:00,2025-06-24 00:05:00+00:00,2025-06-24 00:05:00+00:00,2025-06-24 00:30:00+00:00,1.15959,1.1599899999999999,1.15899,1.16,STOP,0.0004,-1.0250000000000536,-1.1500000000000536,-0.41000000000002146
N1_ROLLING_SWEEP_FADE,NEUTRAL,SHORT,2025-06-24 00:45:00+00:00,2025-06-24 00:50:00+00:00,2025-06-24 00:50:00+00:00,2025-06-24 00:50:00+00:00,1.15973,1.1601299999999999,1.15913,1.16014,STOP,0.0004,-1.0250000000000536,-1.1500000000000536,-0.41000000000002146
N3_ANCHOR_REVERSION,NEUTRAL,SHORT,2025-07-02 20:00:00+00:00,2025-07-02 20:05:00+00:00,2025-07-02 20:05:00+00:00,2025-07-02 21:45:00+00:00,1.17991,1.18031,1.17931,1.1793200000000001,TARGET,0.0004,1.474999999999671,1.349999999999671,0.5899999999998684
N4_MICRO_BREAKOUT,NEUTRAL,SHORT,2025-07-02 21:50:00+00:00,2025-07-02 21:55:00+00:00,2025-07-02 21:55:00+00:00,2025-07-02 21:55:00+00:00,1.1786999999999999,1.1790999999999998,1.1781,1.1791099999999999,STOP,0.0004,-1.0250000000000536,-1.1500000000000536,-0.41000000000002146
N1_ROLLING_SWEEP_FADE,NEUTRAL,SHORT,2025-07-02 23:45:00+00:00,2025-07-02 23:50:00+00:00,2025-07-02 23:50:00+00:00,2025-07-03 00:00:00+00:00,1.1798199999999999,1.1802199999999998,1.17922,1.18023,STOP,0.0004,-1.0250000000000536,-1.1500000000000536,-0.41000000000002146
N4_MICRO_BREAKOUT,NEUTRAL,LONG,2025-07-03 00:00:00+00:00,2025-07-03 00:05:00+00:00,2025-07-03 00:05:00+00:00,2025-07-03 00:05:00+00:00,1.18029,1.17989,1.18089,1.17988,STOP,0.0004,-1.0250000000000536,-1.1500000000000536,-0.41000000000002146
N1_ROLLING_SWEEP_FADE,NEUTRAL,SHORT,2025-07-03 00:05:00+00:00,2025-07-03 00:10:00+00:00,2025-07-03 00:10:00+00:00,2025-07-03 00:10:00+00:00,1.17979,1.1801899999999999,1.17919,1.1802,STOP,0.0004,-1.0250000000000536,-1.1500000000000536,-0.41000000000002146
N3_ANCHOR_REVERSION,NEUTRAL,SHORT,2025-07-03 00:20:00+00:00,2025-07-03 00:25:00+00:00,2025-07-03 00:25:00+00:00,2025-07-03 00:40:00+00:00,1.18037,1.1807699999999999,1.17977,1.18078,STOP,0.0004,-1.0250000000000536,-1.1500000000000536,-0.41000000000002146
N4_MICRO_BREAKOUT,NEUTRAL,LONG,2025-07-03 00:40:00+00:00,2025-07-03 00:45:00+00:00,2025-07-03 00:45:00+00:00,2025-07-03 01:50:00+00:00,1.1808400000000001,1.1804400000000002,1.18144,1.18043,STOP,0.0004,-1.0250000000000536,-1.1500000000000536,-0.41000000000002146
N3_ANCHOR_REVERSION,NEUTRAL,SHORT,2025-07-04 00:20:00+00:00,2025-07-04 00:25:00+00:00,2025-07-04 00:25:00+00:00,2025-07-04 01:40:00+00:00,1.17671,1.1771099999999999,1.17611,1.17612,TARGET,0.0004,1.474999999999671,1.349999999999671,0.5899999999998684
N1_ROLLING_SWEEP_FADE,NEUTRAL,LONG,2025-07-04 01:55:00+00:00,2025-07-04 02:00:00+00:00,2025-07-04 02:00:00+00:00,2025-07-04 02:25:00+00:00,1.17602,1.17562,1.17662,1.17661,TARGET,0.0004,1.474999999999671,1.349999999999671,0.5899999999998684
N4_MICRO_BREAKOUT,NEUTRAL,SHORT,2025-07-07 07:05:00+00:00,2025-07-07 07:10:00+00:00,2025-07-07 07:10:00+00:00,2025-07-07 07:10:00+00:00,1.17495,1.17535,1.17435,1.17536,STOP,0.0004,-1.0250000000000536,-1.1500000000000536,-0.41000000000002146
N3_ANCHOR_REVERSION,NEUTRAL,LONG,2025-07-07 07:10:00+00:00,2025-07-07 07:15:00+00:00,2025-07-07 07:15:00+00:00,2025-07-07 07:25:00+00:00,1.1756900000000001,1.1752900000000002,1.17629,1.17528,STOP,0.0004,-1.0250000000000536,-1.1500000000000536,-0.41000000000002146
N1_ROLLING_SWEEP_FADE,NEUTRAL,LONG,2025-07-07 07:30:00+00:00,2025-07-07 07:35:00+00:00,2025-07-07 07:35:00+00:00,2025-07-07 08:00:00+00:00,1.17483,1.17443,1.17543,1.17442,STOP,0.0004,-1.0250000000000536,-1.1500000000000536,-0.41000000000002146
N4_MICRO_BREAKOUT,NEUTRAL,SHORT,2025-07-07 08:05:00+00:00,2025-07-07 08:10:00+00:00,2025-07-07 08:10:00+00:00,2025-07-07 08:15:00+00:00,1.1736499999999999,1.1740499999999998,1.17305,1.1740599999999999,STOP,0.0004,-1.0250000000000536,-1.1500000000000536,-0.41000000000002146
N3_ANCHOR_REVERSION,NEUTRAL,LONG,2025-07-10 12:55:00+00:00,2025-07-10 13:00:00+00:00,2025-07-10 13:00:00+00:00,2025-07-10 13:05:00+00:00,1.17073,1.17033,1.17133,1.17132,TARGET,0.0004,1.474999999999671,1.349999999999671,0.5899999999998684
N3_ANCHOR_REVERSION,NEUTRAL,LONG,2025-07-10 13:35:00+00:00,2025-07-10 13:40:00+00:00,2025-07-10 13:40:00+00:00,2025-07-10 13:40:00+00:00,1.1703700000000001,1.1699700000000002,1.17097,1.16996,STOP,0.0004,-1.0250000000000536,-1.1500000000000536,-0.41000000000002146
N4_MICRO_BREAKOUT,NEUTRAL,SHORT,2025-07-10 14:20:00+00:00,2025-07-10 14:25:00+00:00,2025-07-10 14:25:00+00:00,2025-07-10 14:25:00+00:00,1.16747,1.16787,1.16687,1.1668800000000001,TARGET,0.0004,1.474999999999671,1.349999999999671,0.5899999999998684
N3_ANCHOR_REVERSION,NEUTRAL,LONG,2025-07-10 14:30:00+00:00,2025-07-10 14:35:00+00:00,2025-07-10 14:35:00+00:00,2025-07-10 14:35:00+00:00,1.16758,1.16718,1.16818,1.16717,STOP,0.0004,-1.0250000000000536,-1.1500000000000536,-0.41000000000002146
N1_ROLLING_SWEEP_FADE,NEUTRAL,LONG,2025-07-10 23:55:00+00:00,2025-07-11 00:00:00+00:00,2025-07-11 00:00:00+00:00,2025-07-11 00:05:00+00:00,1.1702400000000002,1.1698400000000002,1.17084,1.1698300000000001,STOP,0.0004,-1.0250000000000536,-1.1500000000000536,-0.41000000000002146
N4_MICRO_BREAKOUT,NEUTRAL,SHORT,2025-07-11 00:15:00+00:00,2025-07-11 00:20:00+00:00,2025-07-11 00:20:00+00:00,2025-07-11 00:25:00+00:00,1.16807,1.16847,1.16747,1.16748,TARGET,0.0004,1.474999999999671,1.349999999999671,0.5899999999998684
N1_ROLLING_SWEEP_FADE,NEUTRAL,LONG,2025-07-11 00:35:00+00:00,2025-07-11 00:40:00+00:00,2025-07-11 00:40:00+00:00,2025-07-11 00:50:00+00:00,1.16717,1.16677,1.16777,1.16676,STOP,0.0004,-1.0250000000000536,-1.1500000000000536,-0.41000000000002146
N1_ROLLING_SWEEP_FADE,NEUTRAL,SHORT,2025-07-21 12:10:00+00:00,2025-07-21 12:15:00+00:00,2025-07-21 12:15:00+00:00,2025-07-21 13:00:00+00:00,1.16681,1.1672099999999999,1.16621,1.16622,TARGET,0.0004,1.474999999999671,1.349999999999671,0.5899999999998684
N4_MICRO_BREAKOUT,NEUTRAL,LONG,2025-07-21 14:00:00+00:00,2025-07-21 14:05:00+00:00,2025-07-21 14:05:00+00:00,2025-07-21 14:30:00+00:00,1.16785,1.16745,1.16845,1.16844,TARGET,0.0004,1.474999999999671,1.349999999999671,0.5899999999998684
N4_MICRO_BREAKOUT,NEUTRAL,LONG,2025-07-21 14:35:00+00:00,2025-07-21 14:40:00+00:00,2025-07-21 14:40:00+00:00,2025-07-21 14:45:00+00:00,1.1690500000000001,1.1686500000000002,1.16965,1.1686400000000001,STOP,0.0004,-1.0250000000000536,-1.1500000000000536,-0.41000000000002146
N1_ROLLING_SWEEP_FADE,NEUTRAL,SHORT,2025-07-25 18:10:00+00:00,2025-07-25 18:15:00+00:00,2025-07-25 18:15:00+00:00,2025-07-25 18:45:00+00:00,1.17388,1.17428,1.17328,1.17429,STOP,0.0004,-1.0250000000000536,-1.1500000000000536,-0.41000000000002146
N4_MICRO_BREAKOUT,NEUTRAL,LONG,2025-07-25 18:45:00+00:00,2025-07-25 18:50:00+00:00,2025-07-25 18:50:00+00:00,2025-07-25 20:10:00+00:00,1.17433,1.1739300000000001,1.17493,1.1739199999999999,STOP,0.0004,-1.0250000000006088,-1.1500000000006088,-0.4100000000002435
N3_ANCHOR_REVERSION,NEUTRAL,SHORT,2025-07-28 01:10:00+00:00,2025-07-28 01:15:00+00:00,2025-07-28 01:15:00+00:00,2025-07-28 01:30:00+00:00,1.1765299999999999,1.1769299999999998,1.17593,1.17594,TARGET,0.0004,1.474999999999671,1.349999999999671,0.5899999999998684
N1_ROLLING_SWEEP_FADE,NEUTRAL,LONG,2025-07-28 01:50:00+00:00,2025-07-28 01:55:00+00:00,2025-07-28 01:55:00+00:00,2025-07-28 02:00:00+00:00,1.17544,1.17504,1.17604,1.17503,STOP,0.0004,-1.0250000000000536,-1.1500000000000536,-0.41000000000002146
N1_ROLLING_SWEEP_FADE,NEUTRAL,LONG,2025-07-28 04:45:00+00:00,2025-07-28 04:50:00+00:00,2025-07-28 04:50:00+00:00,2025-07-28 05:05:00+00:00,1.1749800000000001,1.1745800000000002,1.17558,1.1745700000000001,STOP,0.0004,-1.0250000000000536,-1.1500000000000536,-0.41000000000002146
N3_ANCHOR_REVERSION,NEUTRAL,LONG,2025-07-28 10:25:00+00:00,2025-07-28 10:30:00+00:00,2025-07-28 10:30:00+00:00,2025-07-28 10:40:00+00:00,1.16601,1.16561,1.16661,1.1665999999999999,TARGET,0.0004,1.474999999999671,1.349999999999671,0.5899999999998684
N4_MICRO_BREAKOUT,NEUTRAL,LONG,2025-07-28 23:55:00+00:00,2025-07-29 00:00:00+00:00,2025-07-29 00:00:00+00:00,2025-07-29 00:10:00+00:00,1.15968,1.15928,1.16028,1.15927,STOP,0.0004,-1.0250000000000536,-1.1500000000000536,-0.41000000000002146
N4_MICRO_BREAKOUT,NEUTRAL,SHORT,2025-07-29 00:50:00+00:00,2025-07-29 00:55:00+00:00,2025-07-29 00:55:00+00:00,2025-07-29 01:00:00+00:00,1.15855,1.15895,1.15795,1.15896,STOP,0.0004,-1.0250000000000536,-1.1500000000000536,-0.41000000000002146
N3_ANCHOR_REVERSION,NEUTRAL,LONG,2025-07-29 01:05:00+00:00,2025-07-29 01:10:00+00:00,2025-07-29 01:10:00+00:00,2025-07-29 01:20:00+00:00,1.15886,1.15846,1.15946,1.1594499999999999,TARGET,0.0004,1.474999999999671,1.349999999999671,0.5899999999998684
N1_ROLLING_SWEEP_FADE,NEUTRAL,SHORT,2025-07-29 01:20:00+00:00,2025-07-29 01:25:00+00:00,2025-07-29 01:25:00+00:00,2025-07-29 01:35:00+00:00,1.1591799999999999,1.1595799999999998,1.15858,1.15959,STOP,0.0004,-1.0250000000000536,-1.1500000000000536,-0.41000000000002146
N1_ROLLING_SWEEP_FADE,NEUTRAL,SHORT,2025-07-30 18:10:00+00:00,2025-07-30 18:15:00+00:00,2025-07-30 18:15:00+00:00,2025-07-30 18:25:00+00:00,1.14848,1.14888,1.14788,1.14789,TARGET,0.0004,1.474999999999671,1.349999999999671,0.5899999999998684
N1_ROLLING_SWEEP_FADE,NEUTRAL,SHORT,2025-07-30 18:35:00+00:00,2025-07-30 18:40:00+00:00,2025-07-30 18:40:00+00:00,2025-07-30 18:40:00+00:00,1.14744,1.14784,1.14684,1.1468500000000001,TARGET,0.0004,1.474999999999671,1.349999999999671,0.5899999999998684
N4_MICRO_BREAKOUT,NEUTRAL,SHORT,2025-07-30 18:40:00+00:00,2025-07-30 18:45:00+00:00,2025-07-30 18:45:00+00:00,2025-07-30 18:45:00+00:00,1.1459,1.1462999999999999,1.1453,1.14631,STOP,0.0004,-1.0250000000000536,-1.1500000000000536,-0.41000000000002146
N3_ANCHOR_REVERSION,NEUTRAL,LONG,2025-07-30 22:00:00+00:00,2025-07-30 22:05:00+00:00,2025-07-30 22:05:00+00:00,2025-07-30 22:40:00+00:00,1.14159,1.1411900000000001,1.14219,1.14218,TARGET,0.0004,1.474999999999671,1.349999999999671,0.5899999999998684
N1_ROLLING_SWEEP_FADE,NEUTRAL,SHORT,2025-07-30 23:55:00+00:00,2025-07-31 00:00:00+00:00,2025-07-31 00:00:00+00:00,2025-07-31 00:00:00+00:00,1.1427699999999998,1.1431699999999998,1.14217,1.1431799999999999,STOP,0.0004,-1.0250000000000536,-1.1500000000000536,-0.41000000000002146
N4_MICRO_BREAKOUT,NEUTRAL,LONG,2025-07-31 00:20:00+00:00,2025-07-31 00:25:00+00:00,2025-07-31 00:25:00+00:00,2025-07-31 00:25:00+00:00,1.1436700000000002,1.1432700000000002,1.1442700000000001,1.1432600000000002,STOP,0.0004,-1.0250000000000536,-1.1500000000000536,-0.41000000000002146
N1_ROLLING_SWEEP_FADE,NEUTRAL,SHORT,2025-07-31 00:25:00+00:00,2025-07-31 00:30:00+00:00,2025-07-31 00:30:00+00:00,2025-07-31 01:05:00+00:00,1.14337,1.14377,1.14277,1.1427800000000001,TARGET,0.0004,1.474999999999671,1.349999999999671,0.5899999999998684
N1_ROLLING_SWEEP_FADE,NEUTRAL,LONG,2025-07-31 01:55:00+00:00,2025-07-31 02:00:00+00:00,2025-07-31 02:00:00+00:00,2025-07-31 02:00:00+00:00,1.14315,1.1427500000000002,1.14375,1.14274,STOP,0.0004,-1.0250000000000536,-1.1500000000000536,-0.41000000000002146
N1_ROLLING_SWEEP_FADE,NEUTRAL,LONG,2025-08-01 17:15:00+00:00,2025-08-01 17:20:00+00:00,2025-08-01 17:20:00+00:00,2025-08-01 17:20:00+00:00,1.1525,1.1521000000000001,1.1531,1.15309,TARGET,0.0004,1.474999999999671,1.349999999999671,0.5899999999998684
N4_MICRO_BREAKOUT,NEUTRAL,LONG,2025-08-01 19:30:00+00:00,2025-08-01 19:35:00+00:00,2025-08-01 19:35:00+00:00,2025-08-01 19:35:00+00:00,1.15669,1.15629,1.15729,1.1572799999999999,TARGET,0.0004,1.474999999999671,1.349999999999671,0.5899999999998684
N3_ANCHOR_REVERSION,NEUTRAL,SHORT,2025-08-01 20:55:00+00:00,2025-08-01 21:00:00+00:00,2025-08-03 21:00:00+00:00,2025-08-03 21:00:00+00:00,1.15909,1.15949,1.15849,1.1595,STOP,0.0004,-1.0250000000000536,-1.1500000000000536,-0.41000000000002146
N1_ROLLING_SWEEP_FADE,NEUTRAL,SHORT,2025-08-03 22:05:00+00:00,2025-08-03 22:10:00+00:00,2025-08-03 22:10:00+00:00,2025-08-03 22:15:00+00:00,1.1589399999999999,1.1593399999999998,1.15834,1.15835,TARGET,0.0004,1.474999999999671,1.349999999999671,0.5899999999998684
N1_ROLLING_SWEEP_FADE,NEUTRAL,LONG,2025-08-03 22:15:00+00:00,2025-08-03 22:20:00+00:00,2025-08-03 22:20:00+00:00,2025-08-03 22:20:00+00:00,1.1588,1.1584,1.1594,1.15839,STOP,0.0004,-1.0250000000000536,-1.1500000000000536,-0.41000000000002146
N1_ROLLING_SWEEP_FADE,NEUTRAL,LONG,2025-08-03 22:30:00+00:00,2025-08-03 22:35:00+00:00,2025-08-03 22:35:00+00:00,2025-08-03 22:45:00+00:00,1.1583400000000001,1.1579400000000002,1.15894,1.1579300000000001,STOP,0.0004,-1.0250000000000536,-1.1500000000000536,-0.41000000000002146
N4_MICRO_BREAKOUT,NEUTRAL,SHORT,2025-08-04 00:20:00+00:00,2025-08-04 00:25:00+00:00,2025-08-04 00:25:00+00:00,2025-08-04 00:30:00+00:00,1.1564999999999999,1.1568999999999998,1.1559,1.15591,TARGET,0.0004,1.474999999999671,1.349999999999671,0.5899999999998684
N3_ANCHOR_REVERSION,NEUTRAL,LONG,2025-08-04 00:35:00+00:00,2025-08-04 00:40:00+00:00,2025-08-04 00:40:00+00:00,2025-08-04 00:40:00+00:00,1.1566800000000002,1.1562800000000002,1.15728,1.1562700000000001,STOP,0.0004,-1.0250000000000536,-1.1500000000000536,-0.41000000000002146
N4_MICRO_BREAKOUT,NEUTRAL,LONG,2025-08-04 03:00:00+00:00,2025-08-04 03:05:00+00:00,2025-08-04 03:05:00+00:00,2025-08-04 03:05:00+00:00,1.15856,1.15816,1.15916,1.15815,STOP,0.0004,-1.0250000000000536,-1.1500000000000536,-0.41000000000002146
N3_ANCHOR_REVERSION,NEUTRAL,LONG,2025-08-11 11:55:00+00:00,2025-08-11 12:00:00+00:00,2025-08-11 12:00:00+00:00,2025-08-11 12:00:00+00:00,1.16294,1.1625400000000001,1.16354,1.16253,STOP,0.0004,-1.0250000000000536,-1.1500000000000536,-0.41000000000002146
N4_MICRO_BREAKOUT,NEUTRAL,SHORT,2025-08-11 12:05:00+00:00,2025-08-11 12:10:00+00:00,2025-08-11 12:10:00+00:00,2025-08-11 12:15:00+00:00,1.1621899999999998,1.1625899999999998,1.16159,1.1616,TARGET,0.0004,1.474999999999671,1.349999999999671,0.5899999999998684
N3_ANCHOR_REVERSION,NEUTRAL,LONG,2025-08-11 12:20:00+00:00,2025-08-11 12:25:00+00:00,2025-08-11 12:25:00+00:00,2025-08-11 12:25:00+00:00,1.1623400000000002,1.1619400000000002,1.16294,1.1619300000000001,STOP,0.0004,-1.0250000000000536,-1.1500000000000536,-0.41000000000002146
N3_ANCHOR_REVERSION,NEUTRAL,LONG,2025-08-11 12:40:00+00:00,2025-08-11 12:45:00+00:00,2025-08-11 12:45:00+00:00,2025-08-11 13:40:00+00:00,1.16194,1.16154,1.16254,1.1625299999999998,TARGET,0.0004,1.474999999999671,1.349999999999671,0.5899999999998684
N1_ROLLING_SWEEP_FADE,NEUTRAL,SHORT,2025-08-11 23:55:00+00:00,2025-08-12 00:00:00+00:00,2025-08-12 00:00:00+00:00,2025-08-12 00:00:00+00:00,1.16161,1.16201,1.16101,1.16202,STOP,0.0004,-1.0250000000000536,-1.1500000000000536,-0.41000000000002146
N1_ROLLING_SWEEP_FADE,NEUTRAL,LONG,2025-08-12 00:10:00+00:00,2025-08-12 00:15:00+00:00,2025-08-12 00:15:00+00:00,2025-08-12 00:15:00+00:00,1.16164,1.16124,1.16224,1.16123,STOP,0.0004,-1.0250000000000536,-1.1500000000000536,-0.41000000000002146
N3_ANCHOR_REVERSION,NEUTRAL,SHORT,2025-08-12 00:40:00+00:00,2025-08-12 00:45:00+00:00,2025-08-12 00:45:00+00:00,2025-08-12 01:35:00+00:00,1.1617499999999998,1.1621499999999998,1.16115,1.1621599999999999,STOP,0.0004,-1.0250000000000536,-1.1500000000000536,-0.41000000000002146
N4_MICRO_BREAKOUT,NEUTRAL,LONG,2025-08-12 15:25:00+00:00,2025-08-12 15:30:00+00:00,2025-08-12 15:30:00+00:00,2025-08-12 15:30:00+00:00,1.16859,1.16819,1.16919,1.16818,STOP,0.0004,-1.0250000000000536,-1.1500000000000536,-0.41000000000002146
N1_ROLLING_SWEEP_FADE,NEUTRAL,SHORT,2025-08-13 00:05:00+00:00,2025-08-13 00:10:00+00:00,2025-08-13 00:10:00+00:00,2025-08-13 00:45:00+00:00,1.1673099999999998,1.1677099999999998,1.16671,1.1677199999999999,STOP,0.0004,-1.0250000000000536,-1.1500000000000536,-0.41000000000002146
N3_ANCHOR_REVERSION,NEUTRAL,SHORT,2025-08-13 01:15:00+00:00,2025-08-13 01:20:00+00:00,2025-08-13 01:20:00+00:00,2025-08-13 02:05:00+00:00,1.1682,1.1685999999999999,1.1676,1.16761,TARGET,0.0004,1.474999999999671,1.349999999999671,0.5899999999998684
N1_ROLLING_SWEEP_FADE,NEUTRAL,SHORT,2025-08-13 02:55:00+00:00,2025-08-13 03:00:00+00:00,2025-08-13 03:00:00+00:00,2025-08-13 03:10:00+00:00,1.16815,1.16855,1.16755,1.16856,STOP,0.0004,-1.0250000000000536,-1.1500000000000536,-0.41000000000002146
N1_ROLLING_SWEEP_FADE,NEUTRAL,LONG,2025-08-13 11:20:00+00:00,2025-08-13 11:25:00+00:00,2025-08-13 11:25:00+00:00,2025-08-13 11:55:00+00:00,1.1712500000000001,1.1708500000000002,1.17185,1.17184,TARGET,0.0004,1.474999999999671,1.349999999999671,0.5899999999998684
N4_MICRO_BREAKOUT,NEUTRAL,LONG,2025-08-14 21:55:00+00:00,2025-08-14 22:00:00+00:00,2025-08-14 22:00:00+00:00,2025-08-14 23:10:00+00:00,1.16521,1.1648100000000001,1.16581,1.1648,STOP,0.0004,-1.0250000000000536,-1.1500000000000536,-0.41000000000002146
N4_MICRO_BREAKOUT,NEUTRAL,LONG,2025-08-14 23:40:00+00:00,2025-08-14 23:45:00+00:00,2025-08-14 23:45:00+00:00,2025-08-15 00:00:00+00:00,1.16523,1.16483,1.16583,1.16482,STOP,0.0004,-1.0250000000000536,-1.1500000000000536,-0.41000000000002146
N1_ROLLING_SWEEP_FADE,NEUTRAL,SHORT,2025-08-15 01:35:00+00:00,2025-08-15 01:40:00+00:00,2025-08-15 01:40:00+00:00,2025-08-15 01:40:00+00:00,1.16542,1.1658199999999999,1.16482,1.16583,STOP,0.0004,-1.0250000000000536,-1.1500000000000536,-0.41000000000002146
N1_ROLLING_SWEEP_FADE,NEUTRAL,SHORT,2025-08-15 01:50:00+00:00,2025-08-15 01:55:00+00:00,2025-08-15 01:55:00+00:00,2025-08-15 03:05:00+00:00,1.16556,1.1659599999999999,1.16496,1.16597,STOP,0.0004,-1.0250000000000536,-1.1500000000000536,-0.41000000000002146
N4_MICRO_BREAKOUT,NEUTRAL,LONG,2025-08-15 14:00:00+00:00,2025-08-15 14:05:00+00:00,2025-08-15 14:05:00+00:00,2025-08-15 14:05:00+00:00,1.1711200000000002,1.1707200000000002,1.17172,1.1707100000000001,STOP,0.0004,-1.0250000000000536,-1.1500000000000536,-0.41000000000002146
N1_ROLLING_SWEEP_FADE,NEUTRAL,SHORT,2025-08-15 14:05:00+00:00,2025-08-15 14:10:00+00:00,2025-08-15 14:10:00+00:00,2025-08-15 14:10:00+00:00,1.1708399999999999,1.1712399999999998,1.17024,1.17125,STOP,0.0004,-1.0250000000000536,-1.1500000000000536,-0.41000000000002146
N1_ROLLING_SWEEP_FADE,NEUTRAL,SHORT,2025-08-17 22:00:00+00:00,2025-08-17 22:05:00+00:00,2025-08-17 22:05:00+00:00,2025-08-17 23:20:00+00:00,1.17113,1.17153,1.17053,1.1705400000000001,TARGET,0.0004,1.474999999999671,1.349999999999671,0.5899999999998684
N4_MICRO_BREAKOUT,NEUTRAL,SHORT,2025-08-18 00:40:00+00:00,2025-08-18 00:45:00+00:00,2025-08-18 00:45:00+00:00,2025-08-18 01:20:00+00:00,1.17021,1.17061,1.16961,1.16962,TARGET,0.0004,1.474999999999671,1.349999999999671,0.5899999999998684
N3_ANCHOR_REVERSION,NEUTRAL,LONG,2025-08-18 17:00:00+00:00,2025-08-18 17:05:00+00:00,2025-08-18 17:05:00+00:00,2025-08-18 17:15:00+00:00,1.16615,1.16575,1.16675,1.16574,STOP,0.0004,-1.0250000000000536,-1.1500000000000536,-0.41000000000002146
N1_ROLLING_SWEEP_FADE,NEUTRAL,SHORT,2025-08-18 18:25:00+00:00,2025-08-18 18:30:00+00:00,2025-08-18 18:30:00+00:00,2025-08-18 18:35:00+00:00,1.16664,1.1670399999999999,1.16604,1.16605,TARGET,0.0004,1.474999999999671,1.349999999999671,0.5899999999998684
N1_ROLLING_SWEEP_FADE,NEUTRAL,SHORT,2025-08-18 19:30:00+00:00,2025-08-18 19:35:00+00:00,2025-08-18 19:35:00+00:00,2025-08-18 20:50:00+00:00,1.16686,1.16726,1.16626,1.1662700000000001,TARGET,0.0004,1.474999999999671,1.349999999999671,0.5899999999998684
N3_ANCHOR_REVERSION,NEUTRAL,SHORT,2025-08-19 11:20:00+00:00,2025-08-19 11:25:00+00:00,2025-08-19 11:25:00+00:00,2025-08-19 12:05:00+00:00,1.16858,1.16898,1.16798,1.16799,TARGET,0.0004,1.474999999999671,1.349999999999671,0.5899999999998684
N1_ROLLING_SWEEP_FADE,NEUTRAL,LONG,2025-08-19 12:05:00+00:00,2025-08-19 12:10:00+00:00,2025-08-19 12:10:00+00:00,2025-08-19 12:30:00+00:00,1.16833,1.1679300000000001,1.16893,1.16792,STOP,0.0004,-1.0250000000000536,-1.1500000000000536,-0.41000000000002146
N3_ANCHOR_REVERSION,NEUTRAL,LONG,2025-08-19 13:20:00+00:00,2025-08-19 13:25:00+00:00,2025-08-19 13:25:00+00:00,2025-08-19 14:10:00+00:00,1.16733,1.16693,1.16793,1.16692,STOP,0.0004,-1.0250000000000536,-1.1500000000000536,-0.41000000000002146
N1_ROLLING_SWEEP_FADE,NEUTRAL,LONG,2025-08-21 06:55:00+00:00,2025-08-21 07:00:00+00:00,2025-08-21 07:00:00+00:00,2025-08-21 07:00:00+00:00,1.16306,1.16266,1.16366,1.16265,STOP,0.0004,-1.0250000000000536,-1.1500000000000536,-0.41000000000002146
N3_ANCHOR_REVERSION,NEUTRAL,LONG,2025-08-21 07:05:00+00:00,2025-08-21 07:10:00+00:00,2025-08-21 07:10:00+00:00,2025-08-21 07:15:00+00:00,1.1633,1.1629,1.1639,1.1638899999999999,TARGET,0.0004,1.474999999999671,1.349999999999671,0.5899999999998684
N2_ASIA_RANGE_FADE,NEUTRAL,LONG,2025-08-21 07:15:00+00:00,2025-08-21 07:20:00+00:00,2025-08-21 07:20:00+00:00,2025-08-21 07:20:00+00:00,1.1644,1.1640000000000001,1.165,1.16399,STOP,0.0004,-1.0250000000000536,-1.1500000000000536,-0.41000000000002146
N4_MICRO_BREAKOUT,NEUTRAL,LONG,2025-08-21 07:35:00+00:00,2025-08-21 07:40:00+00:00,2025-08-21 07:40:00+00:00,2025-08-21 08:10:00+00:00,1.1656900000000001,1.1652900000000002,1.16629,1.16528,STOP,0.0004,-1.0250000000000536,-1.1500000000000536,-0.41000000000002146
N3_ANCHOR_REVERSION,NEUTRAL,SHORT,2025-08-22 17:55:00+00:00,2025-08-22 18:00:00+00:00,2025-08-22 18:00:00+00:00,2025-08-22 18:20:00+00:00,1.17366,1.1740599999999999,1.17306,1.17307,TARGET,0.0004,1.474999999999671,1.349999999999671,0.5899999999998684
N1_ROLLING_SWEEP_FADE,NEUTRAL,SHORT,2025-08-22 20:45:00+00:00,2025-08-22 20:50:00+00:00,2025-08-22 20:50:00+00:00,2025-08-22 20:55:00+00:00,1.1725999999999999,1.1729999999999998,1.172,1.17201,TARGET,0.0004,1.474999999999671,1.349999999999671,0.5899999999998684
N3_ANCHOR_REVERSION,NEUTRAL,SHORT,2025-08-24 21:30:00+00:00,2025-08-24 21:35:00+00:00,2025-08-24 21:35:00+00:00,2025-08-24 22:10:00+00:00,1.1724299999999999,1.1728299999999998,1.17183,1.17184,TARGET,0.0004,1.474999999999671,1.349999999999671,0.5899999999998684
N4_MICRO_BREAKOUT,NEUTRAL,SHORT,2025-08-25 00:00:00+00:00,2025-08-25 00:05:00+00:00,2025-08-25 00:05:00+00:00,2025-08-25 01:30:00+00:00,1.1701599999999999,1.1705599999999998,1.16956,1.16957,TARGET,0.0004,1.474999999999671,1.349999999999671,0.5899999999998684
N4_MICRO_BREAKOUT,NEUTRAL,SHORT,2025-08-26 03:05:00+00:00,2025-08-26 03:10:00+00:00,2025-08-26 03:10:00+00:00,2025-08-26 03:10:00+00:00,1.16259,1.16299,1.16199,1.163,STOP,0.0004,-1.0250000000000536,-1.1500000000000536,-0.41000000000002146
N3_ANCHOR_REVERSION,NEUTRAL,LONG,2025-08-26 04:15:00+00:00,2025-08-26 04:20:00+00:00,2025-08-26 04:20:00+00:00,2025-08-26 05:30:00+00:00,1.16283,1.16243,1.16343,1.16342,TARGET,0.0004,1.474999999999671,1.349999999999671,0.5899999999998684
N4_MICRO_BREAKOUT,NEUTRAL,LONG,2025-08-26 05:35:00+00:00,2025-08-26 05:40:00+00:00,2025-08-26 05:40:00+00:00,2025-08-26 05:40:00+00:00,1.1638000000000002,1.1634000000000002,1.1644,1.16439,TARGET,0.0004,1.474999999999671,1.349999999999671,0.5899999999998684
N3_ANCHOR_REVERSION,NEUTRAL,SHORT,2025-08-26 05:45:00+00:00,2025-08-26 05:50:00+00:00,2025-08-26 05:50:00+00:00,2025-08-26 05:50:00+00:00,1.1637499999999998,1.1641499999999998,1.16315,1.1641599999999999,STOP,0.0004,-1.0250000000000536,-1.1500000000000536,-0.41000000000002146
N1_ROLLING_SWEEP_FADE,NEUTRAL,SHORT,2025-08-27 06:05:00+00:00,2025-08-27 06:10:00+00:00,2025-08-27 06:10:00+00:00,2025-08-27 06:25:00+00:00,1.16177,1.16217,1.16117,1.16218,STOP,0.0004,-1.0250000000000536,-1.1500000000000536,-0.41000000000002146
N1_ROLLING_SWEEP_FADE,NEUTRAL,LONG,2025-08-27 06:55:00+00:00,2025-08-27 07:00:00+00:00,2025-08-27 07:00:00+00:00,2025-08-27 07:00:00+00:00,1.16216,1.1617600000000001,1.16276,1.16175,STOP,0.0004,-1.0250000000000536,-1.1500000000000536,-0.41000000000002146
N4_MICRO_BREAKOUT,NEUTRAL,SHORT,2025-08-27 07:10:00+00:00,2025-08-27 07:15:00+00:00,2025-08-27 07:15:00+00:00,2025-08-27 07:30:00+00:00,1.16106,1.16146,1.16046,1.1604700000000001,TARGET,0.0004,1.474999999999671,1.349999999999671,0.5899999999998684
N3_ANCHOR_REVERSION,NEUTRAL,LONG,2025-08-27 07:50:00+00:00,2025-08-27 07:55:00+00:00,2025-08-27 07:55:00+00:00,2025-08-27 08:00:00+00:00,1.16033,1.1599300000000001,1.16093,1.15992,STOP,0.0004,-1.0250000000000536,-1.1500000000000536,-0.41000000000002146
N3_ANCHOR_REVERSION,NEUTRAL,SHORT,2025-08-28 00:05:00+00:00,2025-08-28 00:10:00+00:00,2025-08-28 00:10:00+00:00,2025-08-28 01:05:00+00:00,1.1644299999999999,1.1648299999999998,1.16383,1.1648399999999999,STOP,0.0004,-1.0250000000000536,-1.1500000000000536,-0.41000000000002146
N4_MICRO_BREAKOUT,NEUTRAL,LONG,2025-08-28 01:10:00+00:00,2025-08-28 01:15:00+00:00,2025-08-28 01:15:00+00:00,2025-08-28 01:20:00+00:00,1.1650200000000002,1.1646200000000002,1.16562,1.1646100000000001,STOP,0.0004,-1.0250000000000536,-1.1500000000000536,-0.41000000000002146
N3_ANCHOR_REVERSION,NEUTRAL,SHORT,2025-08-28 01:30:00+00:00,2025-08-28 01:35:00+00:00,2025-08-28 01:35:00+00:00,2025-08-28 02:00:00+00:00,1.16452,1.16492,1.16392,1.16493,STOP,0.0004,-1.0250000000000536,-1.1500000000000536,-0.41000000000002146
N4_MICRO_BREAKOUT,NEUTRAL,LONG,2025-08-28 02:05:00+00:00,2025-08-28 02:10:00+00:00,2025-08-28 02:10:00+00:00,2025-08-28 03:30:00+00:00,1.16514,1.16474,1.16574,1.16473,STOP,0.0004,-1.0250000000000536,-1.1500000000000536,-0.41000000000002146
N3_ANCHOR_REVERSION,NEUTRAL,SHORT,2025-08-29 17:45:00+00:00,2025-08-29 17:50:00+00:00,2025-08-29 17:50:00+00:00,2025-08-29 20:35:00+00:00,1.16987,1.17027,1.16927,1.16928,TARGET,0.0004,1.474999999999671,1.349999999999671,0.5899999999998684
N4_MICRO_BREAKOUT,NEUTRAL,SHORT,2025-08-29 20:45:00+00:00,2025-08-29 20:50:00+00:00,2025-08-29 20:50:00+00:00,2025-08-29 20:55:00+00:00,1.16841,1.16881,1.16781,1.16882,STOP,0.0004,-1.0250000000000536,-1.1500000000000536,-0.41000000000002146
N3_ANCHOR_REVERSION,NEUTRAL,LONG,2025-08-31 21:50:00+00:00,2025-08-31 21:55:00+00:00,2025-08-31 21:55:00+00:00,2025-08-31 22:00:00+00:00,1.16909,1.16869,1.16969,1.16868,STOP,0.0004,-1.0250000000000536,-1.1500000000000536,-0.41000000000002146
N3_ANCHOR_REVERSION,NEUTRAL,LONG,2025-08-31 22:55:00+00:00,2025-08-31 23:00:00+00:00,2025-08-31 23:00:00+00:00,2025-09-01 00:30:00+00:00,1.16894,1.1685400000000001,1.16954,1.16953,TARGET,0.0004,1.474999999999671,1.349999999999671,0.5899999999998684
N4_MICRO_BREAKOUT,NEUTRAL,LONG,2025-09-01 00:30:00+00:00,2025-09-01 00:35:00+00:00,2025-09-01 00:35:00+00:00,2025-09-01 01:05:00+00:00,1.1696600000000001,1.1692600000000002,1.17026,1.1692500000000001,STOP,0.0004,-1.0250000000000536,-1.1500000000000536,-0.41000000000002146
N1_ROLLING_SWEEP_FADE,NEUTRAL,LONG,2025-09-01 01:10:00+00:00,2025-09-01 01:15:00+00:00,2025-09-01 01:15:00+00:00,2025-09-01 01:15:00+00:00,1.1693600000000002,1.1689600000000002,1.16996,1.1689500000000002,STOP,0.0004,-1.0250000000000536,-1.1500000000000536,-0.41000000000002146
N1_ROLLING_SWEEP_FADE,NEUTRAL,LONG,2025-09-01 01:30:00+00:00,2025-09-01 01:35:00+00:00,2025-09-01 01:35:00+00:00,2025-09-01 02:00:00+00:00,1.1690500000000001,1.1686500000000002,1.16965,1.16964,TARGET,0.0004,1.474999999999671,1.349999999999671,0.5899999999998684
N4_MICRO_BREAKOUT,NEUTRAL,LONG,2025-09-01 02:00:00+00:00,2025-09-01 02:05:00+00:00,2025-09-01 02:05:00+00:00,2025-09-01 02:25:00+00:00,1.16984,1.16944,1.17044,1.1704299999999999,TARGET,0.0004,1.474999999999671,1.349999999999671,0.5899999999998684
N1_ROLLING_SWEEP_FADE,NEUTRAL,SHORT,2025-09-02 12:05:00+00:00,2025-09-02 12:10:00+00:00,2025-09-02 12:10:00+00:00,2025-09-02 12:15:00+00:00,1.16454,1.1649399999999999,1.16394,1.16395,TARGET,0.0004,1.474999999999671,1.349999999999671,0.5899999999998684
N4_MICRO_BREAKOUT,NEUTRAL,SHORT,2025-09-02 12:25:00+00:00,2025-09-02 12:30:00+00:00,2025-09-02 12:30:00+00:00,2025-09-02 12:30:00+00:00,1.16254,1.1629399999999999,1.16194,1.16295,STOP,0.0004,-1.0250000000000536,-1.1500000000000536,-0.41000000000002146
N4_MICRO_BREAKOUT,NEUTRAL,SHORT,2025-09-02 12:35:00+00:00,2025-09-02 12:40:00+00:00,2025-09-02 12:40:00+00:00,2025-09-02 12:40:00+00:00,1.1614799999999998,1.1618799999999998,1.16088,1.1618899999999999,STOP,0.0004,-1.0250000000000536,-1.1500000000000536,-0.41000000000002146
N3_ANCHOR_REVERSION,NEUTRAL,LONG,2025-09-02 12:40:00+00:00,2025-09-02 12:45:00+00:00,2025-09-02 12:45:00+00:00,2025-09-02 12:45:00+00:00,1.1620000000000001,1.1616000000000002,1.1626,1.1615900000000001,STOP,0.0004,-1.0250000000000536,-1.1500000000000536,-0.41000000000002146
N4_MICRO_BREAKOUT,NEUTRAL,LONG,2025-09-05 05:55:00+00:00,2025-09-05 06:00:00+00:00,2025-09-05 06:00:00+00:00,2025-09-05 06:05:00+00:00,1.1677600000000001,1.1673600000000002,1.16836,1.16735,STOP,0.0004,-1.0250000000000536,-1.1500000000000536,-0.41000000000002146
N4_MICRO_BREAKOUT,NEUTRAL,LONG,2025-09-05 09:10:00+00:00,2025-09-05 09:15:00+00:00,2025-09-05 09:15:00+00:00,2025-09-05 09:30:00+00:00,1.16904,1.1686400000000001,1.16964,1.16863,STOP,0.0004,-1.0250000000000536,-1.1500000000000536,-0.41000000000002146
N3_ANCHOR_REVERSION,NEUTRAL,SHORT,2025-09-05 09:35:00+00:00,2025-09-05 09:40:00+00:00,2025-09-05 09:40:00+00:00,2025-09-05 10:00:00+00:00,1.1684999999999999,1.1688999999999998,1.1679,1.16891,STOP,0.0004,-1.0250000000000536,-1.1500000000000536,-0.41000000000002146
N1_ROLLING_SWEEP_FADE,NEUTRAL,SHORT,2025-09-05 10:50:00+00:00,2025-09-05 10:55:00+00:00,2025-09-05 10:55:00+00:00,2025-09-05 11:15:00+00:00,1.16943,1.16983,1.16883,1.16884,TARGET,0.0004,1.474999999999671,1.349999999999671,0.5899999999998684
N1_ROLLING_SWEEP_FADE,NEUTRAL,LONG,2025-09-18 18:00:00+00:00,2025-09-18 18:05:00+00:00,2025-09-18 18:05:00+00:00,2025-09-18 18:05:00+00:00,1.17877,1.1783700000000001,1.17937,1.17836,STOP,0.0004,-1.0250000000000536,-1.1500000000000536,-0.41000000000002146
N1_ROLLING_SWEEP_FADE,NEUTRAL,SHORT,2025-09-18 22:30:00+00:00,2025-09-18 22:35:00+00:00,2025-09-18 22:35:00+00:00,2025-09-18 22:45:00+00:00,1.1785299999999999,1.1789299999999998,1.17793,1.1789399999999999,STOP,0.0004,-1.0250000000000536,-1.1500000000000536,-0.41000000000002146
N4_MICRO_BREAKOUT,NEUTRAL,SHORT,2025-09-19 00:10:00+00:00,2025-09-19 00:15:00+00:00,2025-09-19 00:15:00+00:00,2025-09-19 00:30:00+00:00,1.17769,1.1780899999999999,1.17709,1.1781,STOP,0.0004,-1.0250000000000536,-1.1500000000000536,-0.41000000000002146
N3_ANCHOR_REVERSION,NEUTRAL,LONG,2025-09-19 00:40:00+00:00,2025-09-19 00:45:00+00:00,2025-09-19 00:45:00+00:00,2025-09-19 00:50:00+00:00,1.17814,1.17774,1.17874,1.1787299999999998,TARGET,0.0004,1.474999999999671,1.349999999999671,0.5899999999998684
N1_ROLLING_SWEEP_FADE,NEUTRAL,LONG,2025-09-19 01:50:00+00:00,2025-09-19 01:55:00+00:00,2025-09-19 01:55:00+00:00,2025-09-19 02:00:00+00:00,1.1777900000000001,1.1773900000000002,1.17839,1.17738,STOP,0.0004,-1.0250000000000536,-1.1500000000000536,-0.41000000000002146
N4_MICRO_BREAKOUT,NEUTRAL,SHORT,2025-09-19 02:00:00+00:00,2025-09-19 02:05:00+00:00,2025-09-19 02:05:00+00:00,2025-09-19 02:20:00+00:00,1.1772099999999999,1.1776099999999998,1.17661,1.17762,STOP,0.0004,-1.0250000000000536,-1.1500000000000536,-0.41000000000002146
N1_ROLLING_SWEEP_FADE,NEUTRAL,SHORT,2025-09-23 04:00:00+00:00,2025-09-23 04:05:00+00:00,2025-09-23 04:05:00+00:00,2025-09-23 04:20:00+00:00,1.1804999999999999,1.1808999999999998,1.1799,1.17991,TARGET,0.0004,1.474999999999671,1.349999999999671,0.5899999999998684
N3_ANCHOR_REVERSION,NEUTRAL,LONG,2025-09-23 05:05:00+00:00,2025-09-23 05:10:00+00:00,2025-09-23 05:10:00+00:00,2025-09-23 05:35:00+00:00,1.17985,1.17945,1.18045,1.18045,TARGET,0.0004,1.4999999999998348,1.3749999999998348,0.5999999999999339
N3_ANCHOR_REVERSION,NEUTRAL,LONG,2025-09-24 09:00:00+00:00,2025-09-24 09:05:00+00:00,2025-09-24 09:05:00+00:00,2025-09-24 09:10:00+00:00,1.17743,1.17703,1.17803,1.17702,STOP,0.0004,-1.0250000000000536,-1.1500000000000536,-0.41000000000002146
N3_ANCHOR_REVERSION,NEUTRAL,LONG,2025-09-24 09:50:00+00:00,2025-09-24 09:55:00+00:00,2025-09-24 09:55:00+00:00,2025-09-24 10:00:00+00:00,1.17711,1.1767100000000001,1.17771,1.1767,STOP,0.0004,-1.0250000000000536,-1.1500000000000536,-0.41000000000002146
N3_ANCHOR_REVERSION,NEUTRAL,LONG,2025-09-24 10:25:00+00:00,2025-09-24 10:30:00+00:00,2025-09-24 10:30:00+00:00,2025-09-24 10:35:00+00:00,1.17608,1.17568,1.17668,1.17567,STOP,0.0004,-1.0250000000000536,-1.1500000000000536,-0.41000000000002146
N3_ANCHOR_REVERSION,NEUTRAL,LONG,2025-09-29 17:45:00+00:00,2025-09-29 17:50:00+00:00,2025-09-29 17:50:00+00:00,2025-09-29 18:00:00+00:00,1.1725100000000002,1.1721100000000002,1.17311,1.1721000000000001,STOP,0.0004,-1.0250000000000536,-1.1500000000000536,-0.41000000000002146
N3_ANCHOR_REVERSION,NEUTRAL,LONG,2025-09-29 18:05:00+00:00,2025-09-29 18:10:00+00:00,2025-09-29 18:10:00+00:00,2025-09-29 18:40:00+00:00,1.17236,1.1719600000000001,1.17296,1.17295,TARGET,0.0004,1.474999999999671,1.349999999999671,0.5899999999998684
N1_ROLLING_SWEEP_FADE,NEUTRAL,SHORT,2025-09-29 18:40:00+00:00,2025-09-29 18:45:00+00:00,2025-09-29 18:45:00+00:00,2025-09-29 18:55:00+00:00,1.17293,1.17333,1.17233,1.17334,STOP,0.0004,-1.0250000000000536,-1.1500000000000536,-0.41000000000002146
N1_ROLLING_SWEEP_FADE,NEUTRAL,SHORT,2025-09-29 18:55:00+00:00,2025-09-29 19:00:00+00:00,2025-09-29 19:00:00+00:00,2025-09-29 20:05:00+00:00,1.1731,1.1735,1.1725,1.1725100000000002,TARGET,0.0004,1.474999999999671,1.349999999999671,0.5899999999998684
N4_MICRO_BREAKOUT,NEUTRAL,SHORT,2025-09-30 00:40:00+00:00,2025-09-30 00:45:00+00:00,2025-09-30 00:45:00+00:00,2025-09-30 00:50:00+00:00,1.1722,1.1725999999999999,1.1716,1.17161,TARGET,0.0004,1.474999999999671,1.349999999999671,0.5899999999998684
N1_ROLLING_SWEEP_FADE,NEUTRAL,LONG,2025-09-30 00:50:00+00:00,2025-09-30 00:55:00+00:00,2025-09-30 00:55:00+00:00,2025-09-30 01:05:00+00:00,1.17188,1.17148,1.17248,1.17247,TARGET,0.0004,1.474999999999671,1.349999999999671,0.5899999999998684
N3_ANCHOR_REVERSION,NEUTRAL,SHORT,2025-09-30 09:00:00+00:00,2025-09-30 09:05:00+00:00,2025-09-30 09:05:00+00:00,2025-09-30 09:20:00+00:00,1.1753799999999999,1.1757799999999998,1.17478,1.17479,TARGET,0.0004,1.474999999999671,1.349999999999671,0.5899999999998684
N4_MICRO_BREAKOUT,NEUTRAL,SHORT,2025-09-30 11:10:00+00:00,2025-09-30 11:15:00+00:00,2025-09-30 11:15:00+00:00,2025-09-30 11:30:00+00:00,1.1737799999999998,1.1741799999999998,1.17318,1.1741899999999998,STOP,0.0004,-1.0250000000000536,-1.1500000000000536,-0.41000000000002146
N1_ROLLING_SWEEP_FADE,NEUTRAL,SHORT,2025-10-01 11:45:00+00:00,2025-10-01 11:50:00+00:00,2025-10-01 11:50:00+00:00,2025-10-01 12:00:00+00:00,1.1738,1.1742,1.1732,1.17321,TARGET,0.0004,1.474999999999671,1.349999999999671,0.5899999999998684
N4_MICRO_BREAKOUT,NEUTRAL,SHORT,2025-10-01 12:05:00+00:00,2025-10-01 12:10:00+00:00,2025-10-01 12:10:00+00:00,2025-10-01 12:15:00+00:00,1.17237,1.1727699999999999,1.17177,1.17278,STOP,0.0004,-1.0250000000000536,-1.1500000000000536,-0.41000000000002146
N1_ROLLING_SWEEP_FADE,NEUTRAL,LONG,2025-10-01 12:15:00+00:00,2025-10-01 12:20:00+00:00,2025-10-01 12:20:00+00:00,2025-10-01 12:20:00+00:00,1.1763000000000001,1.1759000000000002,1.1769,1.17589,STOP,0.0004,-1.0250000000000536,-1.1500000000000536,-0.41000000000002146
N3_ANCHOR_REVERSION,NEUTRAL,SHORT,2025-10-01 12:20:00+00:00,2025-10-01 12:25:00+00:00,2025-10-01 12:25:00+00:00,2025-10-01 12:25:00+00:00,1.17498,1.1753799999999999,1.17438,1.17539,STOP,0.0004,-1.0250000000000536,-1.1500000000000536,-0.41000000000002146
N4_MICRO_BREAKOUT,NEUTRAL,LONG,2025-10-02 19:00:00+00:00,2025-10-02 19:05:00+00:00,2025-10-02 19:05:00+00:00,2025-10-02 19:40:00+00:00,1.1724400000000001,1.1720400000000002,1.17304,1.1720300000000001,STOP,0.0004,-1.0250000000000536,-1.1500000000000536,-0.41000000000002146
N1_ROLLING_SWEEP_FADE,NEUTRAL,LONG,2025-10-02 20:00:00+00:00,2025-10-02 20:05:00+00:00,2025-10-02 20:05:00+00:00,2025-10-02 20:40:00+00:00,1.17211,1.17171,1.17271,1.1717,STOP,0.0004,-1.0250000000000536,-1.1500000000000536,-0.41000000000002146
N1_ROLLING_SWEEP_FADE,NEUTRAL,SHORT,2025-10-02 21:45:00+00:00,2025-10-02 21:50:00+00:00,2025-10-02 21:50:00+00:00,2025-10-02 22:00:00+00:00,1.1717499999999998,1.1721499999999998,1.17115,1.1721599999999999,STOP,0.0004,-1.0250000000000536,-1.1500000000000536,-0.41000000000002146
N1_ROLLING_SWEEP_FADE,NEUTRAL,SHORT,2025-10-02 23:25:00+00:00,2025-10-02 23:30:00+00:00,2025-10-02 23:30:00+00:00,2025-10-02 23:40:00+00:00,1.17222,1.17262,1.17162,1.17263,STOP,0.0004,-1.0250000000000536,-1.1500000000000536,-0.41000000000002146
N1_ROLLING_SWEEP_FADE,NEUTRAL,LONG,2025-10-03 00:40:00+00:00,2025-10-03 00:45:00+00:00,2025-10-03 00:45:00+00:00,2025-10-03 01:05:00+00:00,1.17212,1.17172,1.17272,1.17271,TARGET,0.0004,1.474999999999671,1.349999999999671,0.5899999999998684
N1_ROLLING_SWEEP_FADE,NEUTRAL,LONG,2025-10-03 04:40:00+00:00,2025-10-03 04:45:00+00:00,2025-10-03 04:45:00+00:00,2025-10-03 04:50:00+00:00,1.17236,1.1719600000000001,1.17296,1.17195,STOP,0.0004,-1.0250000000000536,-1.1500000000000536,-0.41000000000002146
N4_MICRO_BREAKOUT,NEUTRAL,SHORT,2025-10-03 17:50:00+00:00,2025-10-03 17:55:00+00:00,2025-10-03 17:55:00+00:00,2025-10-03 18:35:00+00:00,1.17325,1.1736499999999999,1.17265,1.17366,STOP,0.0004,-1.0250000000000536,-1.1500000000000536,-0.41000000000002146
N1_ROLLING_SWEEP_FADE,NEUTRAL,LONG,2025-10-06 04:15:00+00:00,2025-10-06 04:20:00+00:00,2025-10-06 04:20:00+00:00,2025-10-06 05:10:00+00:00,1.1721700000000002,1.1717700000000002,1.17277,1.1717600000000001,STOP,0.0004,-1.0250000000000536,-1.1500000000000536,-0.41000000000002146
N4_MICRO_BREAKOUT,NEUTRAL,SHORT,2025-10-08 05:05:00+00:00,2025-10-08 05:10:00+00:00,2025-10-08 05:10:00+00:00,2025-10-08 05:15:00+00:00,1.16127,1.16167,1.16067,1.16168,STOP,0.0004,-1.0250000000000536,-1.1500000000000536,-0.41000000000002146
N3_ANCHOR_REVERSION,NEUTRAL,LONG,2025-10-08 05:30:00+00:00,2025-10-08 05:35:00+00:00,2025-10-08 05:35:00+00:00,2025-10-08 05:40:00+00:00,1.16188,1.16148,1.16248,1.16147,STOP,0.0004,-1.0250000000000536,-1.1500000000000536,-0.41000000000002146
N3_ANCHOR_REVERSION,NEUTRAL,LONG,2025-10-08 05:55:00+00:00,2025-10-08 06:00:00+00:00,2025-10-08 06:00:00+00:00,2025-10-08 06:10:00+00:00,1.16178,1.16138,1.16238,1.16137,STOP,0.0004,-1.0250000000000536,-1.1500000000000536,-0.41000000000002146
N4_MICRO_BREAKOUT,NEUTRAL,SHORT,2025-10-08 06:20:00+00:00,2025-10-08 06:25:00+00:00,2025-10-08 06:25:00+00:00,2025-10-08 06:25:00+00:00,1.1607699999999999,1.1611699999999998,1.16017,1.1611799999999999,STOP,0.0004,-1.0250000000000536,-1.1500000000000536,-0.41000000000002146
N3_ANCHOR_REVERSION,NEUTRAL,LONG,2025-10-09 19:00:00+00:00,2025-10-09 19:05:00+00:00,2025-10-09 19:05:00+00:00,2025-10-09 19:35:00+00:00,1.15514,1.15474,1.15574,1.15573,TARGET,0.0004,1.474999999999671,1.349999999999671,0.5899999999998684
N1_ROLLING_SWEEP_FADE,NEUTRAL,SHORT,2025-10-09 19:40:00+00:00,2025-10-09 19:45:00+00:00,2025-10-09 19:45:00+00:00,2025-10-09 20:00:00+00:00,1.15583,1.1562299999999999,1.15523,1.15624,STOP,0.0004,-1.0250000000000536,-1.1500000000000536,-0.41000000000002146
N1_ROLLING_SWEEP_FADE,NEUTRAL,SHORT,2025-10-09 22:00:00+00:00,2025-10-09 22:05:00+00:00,2025-10-09 22:05:00+00:00,2025-10-09 23:50:00+00:00,1.15628,1.15668,1.15568,1.15669,STOP,0.0004,-1.0250000000000536,-1.1500000000000536,-0.41000000000002146
N4_MICRO_BREAKOUT,NEUTRAL,LONG,2025-10-10 00:50:00+00:00,2025-10-10 00:55:00+00:00,2025-10-10 00:55:00+00:00,2025-10-10 01:00:00+00:00,1.1571,1.1567,1.1577,1.15669,STOP,0.0004,-1.0250000000000536,-1.1500000000000536,-0.41000000000002146
N1_ROLLING_SWEEP_FADE,NEUTRAL,SHORT,2025-10-10 01:05:00+00:00,2025-10-10 01:10:00+00:00,2025-10-10 01:10:00+00:00,2025-10-10 01:15:00+00:00,1.15668,1.1570799999999999,1.15608,1.15709,STOP,0.0004,-1.0250000000000536,-1.1500000000000536,-0.41000000000002146
N3_ANCHOR_REVERSION,NEUTRAL,SHORT,2025-10-10 01:25:00+00:00,2025-10-10 01:30:00+00:00,2025-10-10 01:30:00+00:00,2025-10-10 02:20:00+00:00,1.15681,1.1572099999999998,1.15621,1.15722,STOP,0.0004,-1.0250000000000536,-1.1500000000000536,-0.41000000000002146
N4_MICRO_BREAKOUT,NEUTRAL,LONG,2025-10-10 02:20:00+00:00,2025-10-10 02:25:00+00:00,2025-10-10 02:25:00+00:00,2025-10-10 02:35:00+00:00,1.15731,1.15691,1.15791,1.1569,STOP,0.0004,-1.0250000000000536,-1.1500000000000536,-0.41000000000002146
N1_ROLLING_SWEEP_FADE,NEUTRAL,SHORT,2025-10-13 01:00:00+00:00,2025-10-13 01:05:00+00:00,2025-10-13 01:05:00+00:00,2025-10-13 01:40:00+00:00,1.16137,1.16177,1.16077,1.16178,STOP,0.0004,-1.0250000000000536,-1.1500000000000536,-0.41000000000002146
N3_ANCHOR_REVERSION,NEUTRAL,SHORT,2025-10-13 04:25:00+00:00,2025-10-13 04:30:00+00:00,2025-10-13 04:30:00+00:00,2025-10-13 05:10:00+00:00,1.16235,1.16275,1.16175,1.1617600000000001,TARGET,0.0004,1.474999999999671,1.349999999999671,0.5899999999998684
N1_ROLLING_SWEEP_FADE,NEUTRAL,LONG,2025-10-13 05:10:00+00:00,2025-10-13 05:15:00+00:00,2025-10-13 05:15:00+00:00,2025-10-13 05:25:00+00:00,1.16209,1.1616900000000001,1.16269,1.16168,STOP,0.0004,-1.0250000000000536,-1.1500000000000536,-0.41000000000002146
N1_ROLLING_SWEEP_FADE,NEUTRAL,LONG,2025-10-13 05:35:00+00:00,2025-10-13 05:40:00+00:00,2025-10-13 05:40:00+00:00,2025-10-13 05:50:00+00:00,1.16189,1.1614900000000001,1.16249,1.16148,STOP,0.0004,-1.0250000000000536,-1.1500000000000536,-0.41000000000002146
N4_MICRO_BREAKOUT,NEUTRAL,SHORT,2025-10-14 11:00:00+00:00,2025-10-14 11:05:00+00:00,2025-10-14 11:05:00+00:00,2025-10-14 11:10:00+00:00,1.15475,1.15515,1.15415,1.15516,STOP,0.0004,-1.0250000000000536,-1.1500000000000536,-0.41000000000002146
N2_ASIA_RANGE_FADE,NEUTRAL,LONG,2025-10-14 11:20:00+00:00,2025-10-14 11:25:00+00:00,2025-10-14 11:25:00+00:00,2025-10-14 11:35:00+00:00,1.15564,1.15524,1.15624,1.15523,STOP,0.0004,-1.0250000000000536,-1.1500000000000536,-0.41000000000002146
N4_MICRO_BREAKOUT,NEUTRAL,LONG,2025-10-14 13:35:00+00:00,2025-10-14 13:40:00+00:00,2025-10-14 13:40:00+00:00,2025-10-14 13:40:00+00:00,1.15823,1.1578300000000001,1.15883,1.15782,STOP,0.0004,-1.0250000000000536,-1.1500000000000536,-0.41000000000002146
N3_ANCHOR_REVERSION,NEUTRAL,SHORT,2025-10-14 13:40:00+00:00,2025-10-14 13:45:00+00:00,2025-10-14 13:45:00+00:00,2025-10-14 13:50:00+00:00,1.1577,1.1581,1.1571,1.15811,STOP,0.0004,-1.0250000000000536,-1.1500000000000536,-0.41000000000002146
N1_ROLLING_SWEEP_FADE,NEUTRAL,LONG,2025-10-15 00:00:00+00:00,2025-10-15 00:05:00+00:00,2025-10-15 00:05:00+00:00,2025-10-15 00:50:00+00:00,1.16062,1.16022,1.16122,1.1612099999999999,TARGET,0.0004,1.474999999999671,1.349999999999671,0.5899999999998684
N4_MICRO_BREAKOUT,NEUTRAL,LONG,2025-10-15 01:15:00+00:00,2025-10-15 01:20:00+00:00,2025-10-15 01:20:00+00:00,2025-10-15 02:05:00+00:00,1.16174,1.16134,1.16234,1.1623299999999999,TARGET,0.0004,1.474999999999671,1.349999999999671,0.5899999999998684
N3_ANCHOR_REVERSION,NEUTRAL,SHORT,2025-10-15 05:20:00+00:00,2025-10-15 05:25:00+00:00,2025-10-15 05:25:00+00:00,2025-10-15 05:35:00+00:00,1.16232,1.16272,1.16172,1.16273,STOP,0.0004,-1.0250000000000536,-1.1500000000000536,-0.41000000000002146
N1_ROLLING_SWEEP_FADE,NEUTRAL,SHORT,2025-10-15 05:35:00+00:00,2025-10-15 05:40:00+00:00,2025-10-15 05:40:00+00:00,2025-10-15 06:00:00+00:00,1.16242,1.16282,1.16182,1.1618300000000001,TARGET,0.0004,1.474999999999671,1.349999999999671,0.5899999999998684
N1_ROLLING_SWEEP_FADE,NEUTRAL,SHORT,2025-10-21 06:55:00+00:00,2025-10-21 07:00:00+00:00,2025-10-21 07:00:00+00:00,2025-10-21 07:00:00+00:00,1.1631799999999999,1.1635799999999998,1.16258,1.16359,STOP,0.0004,-1.0250000000000536,-1.1500000000000536,-0.41000000000002146
N2_ASIA_RANGE_FADE,NEUTRAL,LONG,2025-10-21 07:15:00+00:00,2025-10-21 07:20:00+00:00,2025-10-21 07:20:00+00:00,2025-10-21 07:25:00+00:00,1.1626,1.1622000000000001,1.1632,1.16319,TARGET,0.0004,1.474999999999671,1.349999999999671,0.5899999999998684
N4_MICRO_BREAKOUT,NEUTRAL,SHORT,2025-10-21 08:00:00+00:00,2025-10-21 08:05:00+00:00,2025-10-21 08:05:00+00:00,2025-10-21 08:05:00+00:00,1.16205,1.16245,1.16145,1.16246,STOP,0.0004,-1.0250000000000536,-1.1500000000000536,-0.41000000000002146
N2_ASIA_RANGE_FADE,NEUTRAL,LONG,2025-10-21 08:05:00+00:00,2025-10-21 08:10:00+00:00,2025-10-21 08:10:00+00:00,2025-10-21 08:10:00+00:00,1.1625800000000002,1.1621800000000002,1.16318,1.1621700000000001,STOP,0.0004,-1.0250000000000536,-1.1500000000000536,-0.41000000000002146
N4_MICRO_BREAKOUT,NEUTRAL,LONG,2025-10-22 14:25:00+00:00,2025-10-22 14:30:00+00:00,2025-10-22 14:30:00+00:00,2025-10-22 14:30:00+00:00,1.16036,1.15996,1.16096,1.15995,STOP,0.0004,-1.0250000000000536,-1.1500000000000536,-0.41000000000002146
N3_ANCHOR_REVERSION,NEUTRAL,SHORT,2025-10-22 14:30:00+00:00,2025-10-22 14:35:00+00:00,2025-10-22 14:35:00+00:00,2025-10-22 14:50:00+00:00,1.1600899999999998,1.1604899999999998,1.15949,1.1604999999999999,STOP,0.0004,-1.0250000000000536,-1.1500000000000536,-0.41000000000002146
N4_MICRO_BREAKOUT,NEUTRAL,LONG,2025-10-22 14:55:00+00:00,2025-10-22 15:00:00+00:00,2025-10-22 15:00:00+00:00,2025-10-22 16:30:00+00:00,1.16118,1.1607800000000001,1.16178,1.16177,TARGET,0.0004,1.474999999999671,1.349999999999671,0.5899999999998684
N3_ANCHOR_REVERSION,NEUTRAL,SHORT,2025-10-22 17:00:00+00:00,2025-10-22 17:05:00+00:00,2025-10-22 17:05:00+00:00,2025-10-22 18:40:00+00:00,1.16153,1.16193,1.16093,1.16094,TARGET,0.0004,1.474999999999671,1.349999999999671,0.5899999999998684
N4_MICRO_BREAKOUT,NEUTRAL,SHORT,2025-10-23 00:00:00+00:00,2025-10-23 00:05:00+00:00,2025-10-23 00:05:00+00:00,2025-10-23 00:20:00+00:00,1.16045,1.16085,1.15985,1.1598600000000001,TARGET,0.0004,1.474999999999671,1.349999999999671,0.5899999999998684
N3_ANCHOR_REVERSION,NEUTRAL,LONG,2025-10-23 00:25:00+00:00,2025-10-23 00:30:00+00:00,2025-10-23 00:30:00+00:00,2025-10-23 02:00:00+00:00,1.16005,1.15965,1.16065,1.15964,STOP,0.0004,-1.0250000000000536,-1.1500000000000536,-0.41000000000002146
N1_ROLLING_SWEEP_FADE,NEUTRAL,LONG,2025-10-23 03:55:00+00:00,2025-10-23 04:00:00+00:00,2025-10-23 04:00:00+00:00,2025-10-23 05:25:00+00:00,1.15935,1.1589500000000001,1.15995,1.15994,TARGET,0.0004,1.474999999999671,1.349999999999671,0.5899999999998684
N4_MICRO_BREAKOUT,NEUTRAL,LONG,2025-10-23 05:45:00+00:00,2025-10-23 05:50:00+00:00,2025-10-23 05:50:00+00:00,2025-10-23 06:30:00+00:00,1.16016,1.1597600000000001,1.16076,1.15975,STOP,0.0004,-1.0250000000000536,-1.1500000000000536,-0.41000000000002146
N3_ANCHOR_REVERSION,NEUTRAL,SHORT,2025-10-24 00:10:00+00:00,2025-10-24 00:15:00+00:00,2025-10-24 00:15:00+00:00,2025-10-24 01:20:00+00:00,1.16188,1.16228,1.16128,1.1612900000000002,TARGET,0.0004,1.474999999999671,1.349999999999671,0.5899999999998684
N4_MICRO_BREAKOUT,NEUTRAL,LONG,2025-10-28 05:05:00+00:00,2025-10-28 05:10:00+00:00,2025-10-28 05:10:00+00:00,2025-10-28 05:20:00+00:00,1.1668,1.1664,1.1674,1.16639,STOP,0.0004,-1.0250000000000536,-1.1500000000000536,-0.41000000000002146
N3_ANCHOR_REVERSION,NEUTRAL,SHORT,2025-10-28 05:35:00+00:00,2025-10-28 05:40:00+00:00,2025-10-28 05:40:00+00:00,2025-10-28 06:35:00+00:00,1.16645,1.16685,1.16585,1.1658600000000001,TARGET,0.0004,1.474999999999671,1.349999999999671,0.5899999999998684
N1_ROLLING_SWEEP_FADE,NEUTRAL,LONG,2025-10-28 06:35:00+00:00,2025-10-28 06:40:00+00:00,2025-10-28 06:40:00+00:00,2025-10-28 06:50:00+00:00,1.16608,1.16568,1.16668,1.16567,STOP,0.0004,-1.0250000000000536,-1.1500000000000536,-0.41000000000002146
N1_ROLLING_SWEEP_FADE,NEUTRAL,LONG,2025-10-28 07:05:00+00:00,2025-10-28 07:10:00+00:00,2025-10-28 07:10:00+00:00,2025-10-28 07:50:00+00:00,1.1656900000000001,1.1652900000000002,1.16629,1.16528,STOP,0.0004,-1.0250000000000536,-1.1500000000000536,-0.41000000000002146
N3_ANCHOR_REVERSION,NEUTRAL,SHORT,2025-10-29 11:05:00+00:00,2025-10-29 11:10:00+00:00,2025-10-29 11:10:00+00:00,2025-10-29 11:20:00+00:00,1.16455,1.16495,1.16395,1.16396,TARGET,0.0004,1.474999999999671,1.349999999999671,0.5899999999998684
N4_MICRO_BREAKOUT,NEUTRAL,SHORT,2025-10-29 12:35:00+00:00,2025-10-29 12:40:00+00:00,2025-10-29 12:40:00+00:00,2025-10-29 13:05:00+00:00,1.16329,1.16369,1.16269,1.1637,STOP,0.0004,-1.0250000000000536,-1.1500000000000536,-0.41000000000002146
N4_MICRO_BREAKOUT,NEUTRAL,LONG,2025-10-29 15:55:00+00:00,2025-10-29 16:00:00+00:00,2025-10-29 16:00:00+00:00,2025-10-29 16:05:00+00:00,1.1664400000000001,1.1660400000000002,1.16704,1.1660300000000001,STOP,0.0004,-1.0250000000000536,-1.1500000000000536,-0.41000000000002146
N4_MICRO_BREAKOUT,NEUTRAL,SHORT,2025-10-29 18:10:00+00:00,2025-10-29 18:15:00+00:00,2025-10-29 18:15:00+00:00,2025-10-29 18:15:00+00:00,1.1635,1.1639,1.1629,1.16391,STOP,0.0004,-1.0250000000000536,-1.1500000000000536,-0.41000000000002146
N3_ANCHOR_REVERSION,NEUTRAL,SHORT,2025-11-07 13:05:00+00:00,2025-11-07 13:10:00+00:00,2025-11-07 13:10:00+00:00,2025-11-07 13:10:00+00:00,1.15603,1.1564299999999998,1.15543,1.15644,STOP,0.0004,-1.0250000000000536,-1.1500000000000536,-0.41000000000002146
N3_ANCHOR_REVERSION,NEUTRAL,SHORT,2025-11-07 13:30:00+00:00,2025-11-07 13:35:00+00:00,2025-11-07 13:35:00+00:00,2025-11-07 13:35:00+00:00,1.1562999999999999,1.1566999999999998,1.1557,1.15671,STOP,0.0004,-1.0250000000000536,-1.1500000000000536,-0.41000000000002146
N3_ANCHOR_REVERSION,NEUTRAL,SHORT,2025-11-07 13:45:00+00:00,2025-11-07 13:50:00+00:00,2025-11-07 13:50:00+00:00,2025-11-07 13:55:00+00:00,1.1562999999999999,1.1566999999999998,1.1557,1.15671,STOP,0.0004,-1.0250000000000536,-1.1500000000000536,-0.41000000000002146
N4_MICRO_BREAKOUT,NEUTRAL,LONG,2025-11-07 15:00:00+00:00,2025-11-07 15:05:00+00:00,2025-11-07 15:05:00+00:00,2025-11-07 15:10:00+00:00,1.1587500000000002,1.1583500000000002,1.15935,1.1583400000000001,STOP,0.0004,-1.0250000000000536,-1.1500000000000536,-0.41000000000002146
N3_ANCHOR_REVERSION,NEUTRAL,LONG,2025-11-09 22:55:00+00:00,2025-11-09 23:00:00+00:00,2025-11-09 23:00:00+00:00,2025-11-09 23:00:00+00:00,1.15606,1.1556600000000001,1.15666,1.15565,STOP,0.0004,-1.0250000000000536,-1.1500000000000536,-0.41000000000002146
N1_ROLLING_SWEEP_FADE,NEUTRAL,SHORT,2025-11-09 23:00:00+00:00,2025-11-09 23:05:00+00:00,2025-11-09 23:05:00+00:00,2025-11-09 23:40:00+00:00,1.15522,1.1556199999999999,1.15462,1.15463,TARGET,0.0004,1.474999999999671,1.349999999999671,0.5899999999998684
N4_MICRO_BREAKOUT,NEUTRAL,SHORT,2025-11-09 23:40:00+00:00,2025-11-09 23:45:00+00:00,2025-11-09 23:45:00+00:00,2025-11-10 00:00:00+00:00,1.15435,1.15475,1.15375,1.15476,STOP,0.0004,-1.0250000000000536,-1.1500000000000536,-0.41000000000002146
N1_ROLLING_SWEEP_FADE,NEUTRAL,LONG,2025-11-10 03:35:00+00:00,2025-11-10 03:40:00+00:00,2025-11-10 03:40:00+00:00,2025-11-10 04:30:00+00:00,1.15538,1.1549800000000001,1.15598,1.15597,TARGET,0.0004,1.474999999999671,1.349999999999671,0.5899999999998684
N4_MICRO_BREAKOUT,NEUTRAL,LONG,2025-11-10 05:20:00+00:00,2025-11-10 05:25:00+00:00,2025-11-10 05:25:00+00:00,2025-11-10 06:35:00+00:00,1.15632,1.15592,1.15692,1.15591,STOP,0.0004,-1.0250000000000536,-1.1500000000000536,-0.41000000000002146
N4_MICRO_BREAKOUT,NEUTRAL,SHORT,2025-11-10 06:50:00+00:00,2025-11-10 06:55:00+00:00,2025-11-10 06:55:00+00:00,2025-11-10 07:00:00+00:00,1.1552499999999999,1.1556499999999998,1.15465,1.15566,STOP,0.0004,-1.0250000000000536,-1.1500000000000536,-0.41000000000002146
N3_ANCHOR_REVERSION,NEUTRAL,SHORT,2025-11-11 15:00:00+00:00,2025-11-11 15:05:00+00:00,2025-11-11 15:05:00+00:00,2025-11-11 15:25:00+00:00,1.1597899999999999,1.1601899999999998,1.15919,1.1602,STOP,0.0004,-1.0250000000000536,-1.1500000000000536,-0.41000000000002146
N1_ROLLING_SWEEP_FADE,NEUTRAL,LONG,2025-11-11 19:00:00+00:00,2025-11-11 19:05:00+00:00,2025-11-11 19:05:00+00:00,2025-11-11 19:10:00+00:00,1.15934,1.15894,1.15994,1.15893,STOP,0.0004,-1.0250000000000536,-1.1500000000000536,-0.41000000000002146
N4_MICRO_BREAKOUT,NEUTRAL,SHORT,2025-11-11 19:10:00+00:00,2025-11-11 19:15:00+00:00,2025-11-11 19:15:00+00:00,2025-11-11 21:00:00+00:00,1.15892,1.15932,1.15832,1.15833,TARGET,0.0004,1.474999999999671,1.349999999999671,0.5899999999998684
N1_ROLLING_SWEEP_FADE,NEUTRAL,LONG,2025-11-12 19:15:00+00:00,2025-11-12 19:20:00+00:00,2025-11-12 19:20:00+00:00,2025-11-12 21:55:00+00:00,1.15869,1.15829,1.15929,1.1592799999999999,TARGET,0.0004,1.474999999999671,1.349999999999671,0.5899999999998684
N4_MICRO_BREAKOUT,NEUTRAL,LONG,2025-11-12 21:55:00+00:00,2025-11-12 22:00:00+00:00,2025-11-12 22:00:00+00:00,2025-11-12 22:05:00+00:00,1.15941,1.15901,1.16001,1.159,STOP,0.0004,-1.0250000000000536,-1.1500000000000536,-0.41000000000002146
N3_ANCHOR_REVERSION,NEUTRAL,SHORT,2025-11-12 22:35:00+00:00,2025-11-12 22:40:00+00:00,2025-11-12 22:40:00+00:00,2025-11-12 23:00:00+00:00,1.1590799999999999,1.1594799999999998,1.15848,1.15949,STOP,0.0004,-1.0250000000000536,-1.1500000000000536,-0.41000000000002146
N3_ANCHOR_REVERSION,NEUTRAL,SHORT,2025-11-12 23:10:00+00:00,2025-11-12 23:15:00+00:00,2025-11-12 23:15:00+00:00,2025-11-13 00:30:00+00:00,1.1592099999999999,1.1596099999999998,1.15861,1.15862,TARGET,0.0004,1.474999999999671,1.349999999999671,0.5899999999998684
N4_MICRO_BREAKOUT,NEUTRAL,SHORT,2025-11-13 00:30:00+00:00,2025-11-13 00:35:00+00:00,2025-11-13 00:35:00+00:00,2025-11-13 01:35:00+00:00,1.15821,1.15861,1.15761,1.15862,STOP,0.0004,-1.0250000000000536,-1.1500000000000536,-0.41000000000002146
N4_MICRO_BREAKOUT,NEUTRAL,LONG,2025-11-13 04:05:00+00:00,2025-11-13 04:10:00+00:00,2025-11-13 04:10:00+00:00,2025-11-13 04:25:00+00:00,1.1592,1.1588,1.1598,1.15879,STOP,0.0004,-1.0250000000000536,-1.1500000000000536,-0.41000000000002146
N1_ROLLING_SWEEP_FADE,NEUTRAL,SHORT,2025-11-13 11:35:00+00:00,2025-11-13 11:40:00+00:00,2025-11-13 11:40:00+00:00,2025-11-13 11:45:00+00:00,1.1616,1.162,1.161,1.16101,TARGET,0.0004,1.474999999999671,1.349999999999671,0.5899999999998684
N4_MICRO_BREAKOUT,NEUTRAL,SHORT,2025-11-16 23:50:00+00:00,2025-11-16 23:55:00+00:00,2025-11-16 23:55:00+00:00,2025-11-16 23:55:00+00:00,1.16113,1.16153,1.16053,1.16154,STOP,0.0004,-1.0250000000000536,-1.1500000000000536,-0.41000000000002146
N3_ANCHOR_REVERSION,NEUTRAL,LONG,2025-11-16 23:55:00+00:00,2025-11-17 00:00:00+00:00,2025-11-17 00:00:00+00:00,2025-11-17 00:00:00+00:00,1.16155,1.1611500000000001,1.16215,1.16114,STOP,0.0004,-1.0250000000000536,-1.1500000000000536,-0.41000000000002146
N4_MICRO_BREAKOUT,NEUTRAL,SHORT,2025-11-17 00:00:00+00:00,2025-11-17 00:05:00+00:00,2025-11-17 00:05:00+00:00,2025-11-17 02:00:00+00:00,1.16103,1.16143,1.16043,1.1604400000000001,TARGET,0.0004,1.474999999999671,1.349999999999671,0.5899999999998684
N3_ANCHOR_REVERSION,NEUTRAL,LONG,2025-11-17 03:10:00+00:00,2025-11-17 03:15:00+00:00,2025-11-17 03:15:00+00:00,2025-11-17 03:30:00+00:00,1.16015,1.15975,1.16075,1.15974,STOP,0.0004,-1.0250000000000536,-1.1500000000000536,-0.41000000000002146
N1_ROLLING_SWEEP_FADE,NEUTRAL,LONG,2025-11-17 03:40:00+00:00,2025-11-17 03:45:00+00:00,2025-11-17 03:45:00+00:00,2025-11-17 05:00:00+00:00,1.1598000000000002,1.1594000000000002,1.1604,1.16039,TARGET,0.0004,1.474999999999671,1.349999999999671,0.5899999999998684
N3_ANCHOR_REVERSION,NEUTRAL,LONG,2025-11-21 14:35:00+00:00,2025-11-21 14:40:00+00:00,2025-11-21 14:40:00+00:00,2025-11-21 14:50:00+00:00,1.15108,1.1506800000000001,1.15168,1.15167,TARGET,0.0004,1.474999999999671,1.349999999999671,0.5899999999998684
N3_ANCHOR_REVERSION,NEUTRAL,SHORT,2025-11-21 19:55:00+00:00,2025-11-21 20:00:00+00:00,2025-11-21 20:00:00+00:00,2025-11-21 20:55:00+00:00,1.1513,1.1517,1.1507,1.15171,STOP,0.0004,-1.0250000000000536,-1.1500000000000536,-0.41000000000002146
N4_MICRO_BREAKOUT,NEUTRAL,LONG,2025-11-21 20:55:00+00:00,2025-11-21 21:00:00+00:00,2025-11-21 21:00:00+00:00,2025-11-21 21:30:00+00:00,1.15182,1.15142,1.15242,1.15141,STOP,0.0004,-1.0250000000000536,-1.1500000000000536,-0.41000000000002146
N1_ROLLING_SWEEP_FADE,NEUTRAL,SHORT,2025-11-24 11:55:00+00:00,2025-11-24 12:00:00+00:00,2025-11-24 12:00:00+00:00,2025-11-24 12:10:00+00:00,1.15451,1.1549099999999999,1.15391,1.15392,TARGET,0.0004,1.474999999999671,1.349999999999671,0.5899999999998684
N3_ANCHOR_REVERSION,NEUTRAL,SHORT,2025-11-24 12:35:00+00:00,2025-11-24 12:40:00+00:00,2025-11-24 12:40:00+00:00,2025-11-24 12:40:00+00:00,1.15448,1.15488,1.15388,1.15489,STOP,0.0004,-1.0250000000000536,-1.1500000000000536,-0.41000000000002146
N1_ROLLING_SWEEP_FADE,NEUTRAL,SHORT,2025-11-24 12:45:00+00:00,2025-11-24 12:50:00+00:00,2025-11-24 12:50:00+00:00,2025-11-24 13:20:00+00:00,1.1547699999999999,1.1551699999999998,1.15417,1.15418,TARGET,0.0004,1.474999999999671,1.349999999999671,0.5899999999998684
N1_ROLLING_SWEEP_FADE,NEUTRAL,SHORT,2025-11-24 19:00:00+00:00,2025-11-24 19:05:00+00:00,2025-11-24 19:05:00+00:00,2025-11-24 21:25:00+00:00,1.1526699999999999,1.1530699999999998,1.15207,1.15208,TARGET,0.0004,1.474999999999671,1.349999999999671,0.5899999999998684
N4_MICRO_BREAKOUT,NEUTRAL,LONG,2025-11-25 01:00:00+00:00,2025-11-25 01:05:00+00:00,2025-11-25 01:05:00+00:00,2025-11-25 01:10:00+00:00,1.15263,1.15223,1.15323,1.15222,STOP,0.0004,-1.0250000000000536,-1.1500000000000536,-0.41000000000002146
N1_ROLLING_SWEEP_FADE,NEUTRAL,SHORT,2025-11-25 01:20:00+00:00,2025-11-25 01:25:00+00:00,2025-11-25 01:25:00+00:00,2025-11-25 01:35:00+00:00,1.1526699999999999,1.1530699999999998,1.15207,1.1530799999999999,STOP,0.0004,-1.0250000000000536,-1.1500000000000536,-0.41000000000002146
N1_ROLLING_SWEEP_FADE,NEUTRAL,SHORT,2025-11-25 01:35:00+00:00,2025-11-25 01:40:00+00:00,2025-11-25 01:40:00+00:00,2025-11-25 02:40:00+00:00,1.1528699999999998,1.1532699999999998,1.15227,1.15228,TARGET,0.0004,1.474999999999671,1.349999999999671,0.5899999999998684
N4_MICRO_BREAKOUT,NEUTRAL,LONG,2025-11-25 14:45:00+00:00,2025-11-25 14:50:00+00:00,2025-11-25 14:50:00+00:00,2025-11-25 14:50:00+00:00,1.15714,1.15674,1.15774,1.15673,STOP,0.0004,-1.0250000000000536,-1.1500000000000536,-0.41000000000002146
N1_ROLLING_SWEEP_FADE,NEUTRAL,SHORT,2025-11-26 00:30:00+00:00,2025-11-26 00:35:00+00:00,2025-11-26 00:35:00+00:00,2025-11-26 01:30:00+00:00,1.1569699999999998,1.1573699999999998,1.15637,1.1573900000000001,STOP,0.0004,-1.0500000000007725,-1.1750000000007725,-0.420000000000309
N1_ROLLING_SWEEP_FADE,NEUTRAL,SHORT,2025-11-26 01:40:00+00:00,2025-11-26 01:45:00+00:00,2025-11-26 01:45:00+00:00,2025-11-26 02:05:00+00:00,1.15784,1.15824,1.15724,1.15825,STOP,0.0004,-1.0250000000000536,-1.1500000000000536,-0.41000000000002146
N3_ANCHOR_REVERSION,NEUTRAL,SHORT,2025-11-28 19:30:00+00:00,2025-11-28 19:35:00+00:00,2025-11-28 19:35:00+00:00,2025-11-28 21:55:00+00:00,1.1602599999999998,1.1606599999999998,1.15966,1.15998,TIME_12H,0.0004,0.6999999999995898,0.5749999999995898,0.27999999999983594
N1_ROLLING_SWEEP_FADE,NEUTRAL,LONG,2025-11-28 21:55:00+00:00,2025-11-28 22:00:00+00:00,2025-11-30 22:00:00+00:00,2025-11-30 22:00:00+00:00,1.15971,1.15931,1.16031,1.1593,STOP,0.0004,-1.0250000000000536,-1.1500000000000536,-0.41000000000002146
N4_MICRO_BREAKOUT,NEUTRAL,LONG,2025-11-30 23:10:00+00:00,2025-11-30 23:15:00+00:00,2025-11-30 23:15:00+00:00,2025-11-30 23:20:00+00:00,1.1607500000000002,1.1603500000000002,1.16135,1.1603400000000001,STOP,0.0004,-1.0250000000000536,-1.1500000000000536,-0.41000000000002146
N4_MICRO_BREAKOUT,NEUTRAL,LONG,2025-12-01 00:45:00+00:00,2025-12-01 00:50:00+00:00,2025-12-01 00:50:00+00:00,2025-12-01 01:00:00+00:00,1.1605800000000002,1.1601800000000002,1.16118,1.1601700000000001,STOP,0.0004,-1.0250000000000536,-1.1500000000000536,-0.41000000000002146
N4_MICRO_BREAKOUT,NEUTRAL,LONG,2025-12-01 01:05:00+00:00,2025-12-01 01:10:00+00:00,2025-12-01 01:10:00+00:00,2025-12-01 01:30:00+00:00,1.16131,1.16091,1.16191,1.1609,STOP,0.0004,-1.0250000000000536,-1.1500000000000536,-0.41000000000002146
N3_ANCHOR_REVERSION,NEUTRAL,SHORT,2025-12-01 01:30:00+00:00,2025-12-01 01:35:00+00:00,2025-12-01 01:35:00+00:00,2025-12-01 02:05:00+00:00,1.16079,1.16119,1.16019,1.1602000000000001,TARGET,0.0004,1.474999999999671,1.349999999999671,0.5899999999998684
N1_ROLLING_SWEEP_FADE,NEUTRAL,SHORT,2025-12-01 04:40:00+00:00,2025-12-01 04:45:00+00:00,2025-12-01 04:45:00+00:00,2025-12-01 06:10:00+00:00,1.15993,1.1603299999999999,1.15933,1.15934,TARGET,0.0004,1.474999999999671,1.349999999999671,0.5899999999998684
N4_MICRO_BREAKOUT,NEUTRAL,SHORT,2025-12-01 23:55:00+00:00,2025-12-02 00:00:00+00:00,2025-12-02 00:00:00+00:00,2025-12-02 01:40:00+00:00,1.16068,1.16108,1.16008,1.16109,STOP,0.0004,-1.0250000000000536,-1.1500000000000536,-0.41000000000002146
N1_ROLLING_SWEEP_FADE,NEUTRAL,SHORT,2025-12-02 01:40:00+00:00,2025-12-02 01:45:00+00:00,2025-12-02 01:45:00+00:00,2025-12-02 02:55:00+00:00,1.1608699999999998,1.1612699999999998,1.16027,1.1612799999999999,STOP,0.0004,-1.0250000000000536,-1.1500000000000536,-0.41000000000002146
N4_MICRO_BREAKOUT,NEUTRAL,LONG,2025-12-02 02:55:00+00:00,2025-12-02 03:00:00+00:00,2025-12-02 03:00:00+00:00,2025-12-02 05:00:00+00:00,1.1612600000000002,1.1608600000000002,1.1618600000000001,1.1608500000000002,STOP,0.0004,-1.0250000000000536,-1.1500000000000536,-0.41000000000002146
N1_ROLLING_SWEEP_FADE,NEUTRAL,SHORT,2025-12-02 05:55:00+00:00,2025-12-02 06:00:00+00:00,2025-12-02 06:00:00+00:00,2025-12-02 07:05:00+00:00,1.16098,1.1613799999999999,1.16038,1.16139,STOP,0.0004,-1.0250000000000536,-1.1500000000000536,-0.41000000000002146
N3_ANCHOR_REVERSION,NEUTRAL,SHORT,2025-12-03 00:05:00+00:00,2025-12-03 00:10:00+00:00,2025-12-03 00:10:00+00:00,2025-12-03 00:30:00+00:00,1.1628399999999999,1.1632399999999998,1.16224,1.16325,STOP,0.0004,-1.0250000000000536,-1.1500000000000536,-0.41000000000002146
N3_ANCHOR_REVERSION,NEUTRAL,SHORT,2025-12-03 00:35:00+00:00,2025-12-03 00:40:00+00:00,2025-12-03 00:40:00+00:00,2025-12-03 01:05:00+00:00,1.16303,1.16343,1.16243,1.16344,STOP,0.0004,-1.0250000000000536,-1.1500000000000536,-0.41000000000002146
N4_MICRO_BREAKOUT,NEUTRAL,LONG,2025-12-03 01:05:00+00:00,2025-12-03 01:10:00+00:00,2025-12-03 01:10:00+00:00,2025-12-03 04:45:00+00:00,1.1634300000000002,1.1630300000000002,1.1640300000000001,1.16402,TARGET,0.0004,1.474999999999671,1.349999999999671,0.5899999999998684
N4_MICRO_BREAKOUT,NEUTRAL,LONG,2025-12-03 05:00:00+00:00,2025-12-03 05:05:00+00:00,2025-12-03 05:05:00+00:00,2025-12-03 07:10:00+00:00,1.1643100000000002,1.1639100000000002,1.1649100000000001,1.1649,TARGET,0.0004,1.474999999999671,1.349999999999671,0.5899999999998684
N4_MICRO_BREAKOUT,NEUTRAL,SHORT,2025-12-04 00:05:00+00:00,2025-12-04 00:10:00+00:00,2025-12-04 00:10:00+00:00,2025-12-04 03:15:00+00:00,1.16627,1.1666699999999999,1.16567,1.16568,TARGET,0.0004,1.474999999999671,1.349999999999671,0.5899999999998684
N1_ROLLING_SWEEP_FADE,NEUTRAL,LONG,2025-12-04 20:55:00+00:00,2025-12-04 21:00:00+00:00,2025-12-04 21:00:00+00:00,2025-12-05 01:00:00+00:00,1.1644800000000002,1.1640800000000002,1.1650800000000001,1.16507,TARGET,0.0004,1.474999999999671,1.349999999999671,0.5899999999998684
N3_ANCHOR_REVERSION,NEUTRAL,SHORT,2025-12-05 01:15:00+00:00,2025-12-05 01:20:00+00:00,2025-12-05 01:20:00+00:00,2025-12-05 05:00:00+00:00,1.1651099999999999,1.1655099999999998,1.16451,1.16552,STOP,0.0004,-1.0250000000000536,-1.1500000000000536,-0.41000000000002146
N4_MICRO_BREAKOUT,NEUTRAL,LONG,2025-12-05 05:30:00+00:00,2025-12-05 05:35:00+00:00,2025-12-05 05:35:00+00:00,2025-12-05 07:05:00+00:00,1.16575,1.16535,1.16635,1.16634,TARGET,0.0004,1.474999999999671,1.349999999999671,0.5899999999998684
N3_ANCHOR_REVERSION,NEUTRAL,SHORT,2025-12-08 07:15:00+00:00,2025-12-08 07:20:00+00:00,2025-12-08 07:20:00+00:00,2025-12-08 07:45:00+00:00,1.1664299999999999,1.1668299999999998,1.16583,1.16584,TARGET,0.0004,1.474999999999671,1.349999999999671,0.5899999999998684
N2_ASIA_RANGE_FADE,NEUTRAL,SHORT,2025-12-08 07:45:00+00:00,2025-12-08 07:50:00+00:00,2025-12-08 07:50:00+00:00,2025-12-08 07:50:00+00:00,1.16552,1.1659199999999998,1.16492,1.16593,STOP,0.0004,-1.0250000000000536,-1.1500000000000536,-0.41000000000002146
N1_ROLLING_SWEEP_FADE,NEUTRAL,LONG,2025-12-08 07:50:00+00:00,2025-12-08 07:55:00+00:00,2025-12-08 07:55:00+00:00,2025-12-08 07:55:00+00:00,1.1660400000000002,1.1656400000000002,1.1666400000000001,1.1656300000000002,STOP,0.0004,-1.0250000000000536,-1.1500000000000536,-0.41000000000002146
N3_ANCHOR_REVERSION,NEUTRAL,LONG,2025-12-08 17:35:00+00:00,2025-12-08 17:40:00+00:00,2025-12-08 17:40:00+00:00,2025-12-08 17:45:00+00:00,1.1626400000000001,1.1622400000000002,1.16324,1.16323,TARGET,0.0004,1.474999999999671,1.349999999999671,0.5899999999998684
N4_MICRO_BREAKOUT,NEUTRAL,LONG,2025-12-09 00:10:00+00:00,2025-12-09 00:15:00+00:00,2025-12-09 00:15:00+00:00,2025-12-09 00:35:00+00:00,1.16433,1.1639300000000001,1.16493,1.16392,STOP,0.0004,-1.0250000000000536,-1.1500000000000536,-0.41000000000002146
N4_MICRO_BREAKOUT,NEUTRAL,LONG,2025-12-09 01:45:00+00:00,2025-12-09 01:50:00+00:00,2025-12-09 01:50:00+00:00,2025-12-09 07:10:00+00:00,1.16446,1.16406,1.16506,1.16405,STOP,0.0004,-1.0250000000000536,-1.1500000000000536,-0.41000000000002146
N1_ROLLING_SWEEP_FADE,NEUTRAL,LONG,2025-12-09 17:20:00+00:00,2025-12-09 17:25:00+00:00,2025-12-09 17:25:00+00:00,2025-12-09 17:25:00+00:00,1.1631500000000001,1.1627500000000002,1.16375,1.16274,STOP,0.0004,-1.0250000000000536,-1.1500000000000536,-0.41000000000002146
N1_ROLLING_SWEEP_FADE,NEUTRAL,LONG,2025-12-09 17:55:00+00:00,2025-12-09 18:00:00+00:00,2025-12-09 18:00:00+00:00,2025-12-09 18:10:00+00:00,1.1624700000000001,1.1620700000000002,1.16307,1.16206,STOP,0.0004,-1.0250000000000536,-1.1500000000000536,-0.41000000000002146
N1_ROLLING_SWEEP_FADE,NEUTRAL,SHORT,2025-12-10 00:00:00+00:00,2025-12-10 00:05:00+00:00,2025-12-10 00:05:00+00:00,2025-12-10 05:45:00+00:00,1.16266,1.16306,1.16206,1.16307,STOP,0.0004,-1.0250000000000536,-1.1500000000000536,-0.41000000000002146
N3_ANCHOR_REVERSION,NEUTRAL,SHORT,2025-12-10 18:55:00+00:00,2025-12-10 19:00:00+00:00,2025-12-10 19:00:00+00:00,2025-12-10 19:00:00+00:00,1.1654799999999998,1.1658799999999998,1.16488,1.1658899999999999,STOP,0.0004,-1.0250000000000536,-1.1500000000000536,-0.41000000000002146
N1_ROLLING_SWEEP_FADE,NEUTRAL,LONG,2025-12-10 19:00:00+00:00,2025-12-10 19:05:00+00:00,2025-12-10 19:05:00+00:00,2025-12-10 19:10:00+00:00,1.16696,1.16656,1.16756,1.1675499999999999,TARGET,0.0004,1.474999999999671,1.349999999999671,0.5899999999998684
N1_ROLLING_SWEEP_FADE,NEUTRAL,SHORT,2025-12-10 19:10:00+00:00,2025-12-10 19:15:00+00:00,2025-12-10 19:15:00+00:00,2025-12-10 19:15:00+00:00,1.16688,1.1672799999999999,1.16628,1.16729,STOP,0.0004,-1.0250000000000536,-1.1500000000000536,-0.41000000000002146
N1_ROLLING_SWEEP_FADE,NEUTRAL,SHORT,2025-12-11 00:10:00+00:00,2025-12-11 00:15:00+00:00,2025-12-11 00:15:00+00:00,2025-12-11 01:00:00+00:00,1.1702899999999998,1.1706899999999998,1.16969,1.1706999999999999,STOP,0.0004,-1.0250000000000536,-1.1500000000000536,-0.41000000000002146
N4_MICRO_BREAKOUT,NEUTRAL,LONG,2025-12-11 01:00:00+00:00,2025-12-11 01:05:00+00:00,2025-12-11 01:05:00+00:00,2025-12-11 01:15:00+00:00,1.1707500000000002,1.1703500000000002,1.1713500000000001,1.1703400000000002,STOP,0.0004,-1.0250000000000536,-1.1500000000000536,-0.41000000000002146
N3_ANCHOR_REVERSION,NEUTRAL,SHORT,2025-12-11 01:30:00+00:00,2025-12-11 01:35:00+00:00,2025-12-11 01:35:00+00:00,2025-12-11 02:00:00+00:00,1.1702,1.1705999999999999,1.1696,1.17061,STOP,0.0004,-1.0250000000000536,-1.1500000000000536,-0.41000000000002146
N4_MICRO_BREAKOUT,NEUTRAL,SHORT,2025-12-11 04:20:00+00:00,2025-12-11 04:25:00+00:00,2025-12-11 04:25:00+00:00,2025-12-11 04:50:00+00:00,1.16862,1.16902,1.16802,1.16903,STOP,0.0004,-1.0250000000000536,-1.1500000000000536,-0.41000000000002146
N1_ROLLING_SWEEP_FADE,NEUTRAL,SHORT,2025-12-12 00:05:00+00:00,2025-12-12 00:10:00+00:00,2025-12-12 00:10:00+00:00,2025-12-12 01:25:00+00:00,1.17427,1.1746699999999999,1.17367,1.17468,STOP,0.0004,-1.0250000000000536,-1.1500000000000536,-0.41000000000002146
N1_ROLLING_SWEEP_FADE,NEUTRAL,LONG,2025-12-12 04:15:00+00:00,2025-12-12 04:20:00+00:00,2025-12-12 04:20:00+00:00,2025-12-12 05:55:00+00:00,1.1733200000000001,1.1729200000000002,1.17392,1.17391,TARGET,0.0004,1.474999999999671,1.349999999999671,0.5899999999998684
N1_ROLLING_SWEEP_FADE,NEUTRAL,SHORT,2025-12-12 06:00:00+00:00,2025-12-12 06:05:00+00:00,2025-12-12 06:05:00+00:00,2025-12-12 06:10:00+00:00,1.17373,1.17413,1.17313,1.17414,STOP,0.0004,-1.0250000000000536,-1.1500000000000536,-0.41000000000002146
N1_ROLLING_SWEEP_FADE,NEUTRAL,LONG,2025-12-12 06:40:00+00:00,2025-12-12 06:45:00+00:00,2025-12-12 06:45:00+00:00,2025-12-12 07:35:00+00:00,1.17368,1.17328,1.17428,1.17427,TARGET,0.0004,1.474999999999671,1.349999999999671,0.5899999999998684
N1_ROLLING_SWEEP_FADE,NEUTRAL,SHORT,2025-12-15 19:55:00+00:00,2025-12-15 20:00:00+00:00,2025-12-15 20:00:00+00:00,2025-12-15 21:15:00+00:00,1.1748699999999999,1.1752699999999998,1.17427,1.1752799999999999,STOP,0.0004,-1.0250000000000536,-1.1500000000000536,-0.41000000000002146
N4_MICRO_BREAKOUT,NEUTRAL,LONG,2025-12-16 12:55:00+00:00,2025-12-16 13:00:00+00:00,2025-12-16 13:00:00+00:00,2025-12-16 13:05:00+00:00,1.17785,1.17745,1.17845,1.17744,STOP,0.0004,-1.0250000000000536,-1.1500000000000536,-0.41000000000002146
N3_ANCHOR_REVERSION,NEUTRAL,SHORT,2025-12-16 13:10:00+00:00,2025-12-16 13:15:00+00:00,2025-12-16 13:15:00+00:00,2025-12-16 13:20:00+00:00,1.17736,1.17776,1.17676,1.17777,STOP,0.0004,-1.0250000000000536,-1.1500000000000536,-0.41000000000002146
N3_ANCHOR_REVERSION,NEUTRAL,SHORT,2025-12-16 13:25:00+00:00,2025-12-16 13:30:00+00:00,2025-12-16 13:30:00+00:00,2025-12-16 13:30:00+00:00,1.17692,1.17732,1.17632,1.17733,STOP,0.0004,-1.0250000000000536,-1.1500000000000536,-0.41000000000002146
N3_ANCHOR_REVERSION,NEUTRAL,SHORT,2025-12-16 13:35:00+00:00,2025-12-16 13:40:00+00:00,2025-12-16 13:40:00+00:00,2025-12-16 13:40:00+00:00,1.17771,1.17811,1.17711,1.1771200000000002,TARGET,0.0004,1.474999999999671,1.349999999999671,0.5899999999998684
N4_MICRO_BREAKOUT,NEUTRAL,SHORT,2025-12-17 00:00:00+00:00,2025-12-17 00:05:00+00:00,2025-12-17 00:05:00+00:00,2025-12-17 00:50:00+00:00,1.17478,1.17518,1.17418,1.17519,STOP,0.0004,-1.0250000000000536,-1.1500000000000536,-0.41000000000002146
N1_ROLLING_SWEEP_FADE,NEUTRAL,SHORT,2025-12-17 00:55:00+00:00,2025-12-17 01:00:00+00:00,2025-12-17 01:00:00+00:00,2025-12-17 02:05:00+00:00,1.1750099999999999,1.1754099999999998,1.17441,1.17442,TARGET,0.0004,1.474999999999671,1.349999999999671,0.5899999999998684
N1_ROLLING_SWEEP_FADE,NEUTRAL,LONG,2025-12-17 02:15:00+00:00,2025-12-17 02:20:00+00:00,2025-12-17 02:20:00+00:00,2025-12-17 03:05:00+00:00,1.17411,1.17371,1.17471,1.1737,STOP,0.0004,-1.0250000000000536,-1.1500000000000536,-0.41000000000002146
N1_ROLLING_SWEEP_FADE,NEUTRAL,LONG,2025-12-17 04:05:00+00:00,2025-12-17 04:10:00+00:00,2025-12-17 04:10:00+00:00,2025-12-17 04:25:00+00:00,1.17361,1.17321,1.17421,1.1732,STOP,0.0004,-1.0250000000000536,-1.1500000000000536,-0.41000000000002146
N4_MICRO_BREAKOUT,NEUTRAL,LONG,2025-12-18 00:30:00+00:00,2025-12-18 00:35:00+00:00,2025-12-18 00:35:00+00:00,2025-12-18 00:40:00+00:00,1.1745800000000002,1.1741800000000002,1.1751800000000001,1.1741700000000002,STOP,0.0004,-1.0250000000000536,-1.1500000000000536,-0.41000000000002146
N4_MICRO_BREAKOUT,NEUTRAL,SHORT,2025-12-18 01:20:00+00:00,2025-12-18 01:25:00+00:00,2025-12-18 01:25:00+00:00,2025-12-18 01:25:00+00:00,1.17387,1.17427,1.17327,1.17428,STOP,0.0004,-1.0250000000000536,-1.1500000000000536,-0.41000000000002146
N1_ROLLING_SWEEP_FADE,NEUTRAL,LONG,2025-12-18 01:25:00+00:00,2025-12-18 01:30:00+00:00,2025-12-18 01:30:00+00:00,2025-12-18 01:35:00+00:00,1.1742000000000001,1.1738000000000002,1.1748,1.1737900000000001,STOP,0.0004,-1.0250000000000536,-1.1500000000000536,-0.41000000000002146
N4_MICRO_BREAKOUT,NEUTRAL,SHORT,2025-12-18 01:35:00+00:00,2025-12-18 01:40:00+00:00,2025-12-18 01:40:00+00:00,2025-12-18 02:00:00+00:00,1.17376,1.1741599999999999,1.17316,1.17417,STOP,0.0004,-1.0250000000000536,-1.1500000000000536,-0.41000000000002146
N3_ANCHOR_REVERSION,NEUTRAL,SHORT,2025-12-22 16:00:00+00:00,2025-12-22 16:05:00+00:00,2025-12-22 16:05:00+00:00,2025-12-22 16:25:00+00:00,1.17622,1.17662,1.17562,1.1756300000000002,TARGET,0.0004,1.474999999999671,1.349999999999671,0.5899999999998684
N1_ROLLING_SWEEP_FADE,NEUTRAL,SHORT,2025-12-22 21:55:00+00:00,2025-12-22 22:00:00+00:00,2025-12-22 22:00:00+00:00,2025-12-22 23:00:00+00:00,1.1760899999999999,1.1764899999999998,1.17549,1.1764999999999999,STOP,0.0004,-1.0250000000000536,-1.1500000000000536,-0.41000000000002146
N4_MICRO_BREAKOUT,NEUTRAL,LONG,2025-12-22 23:00:00+00:00,2025-12-22 23:05:00+00:00,2025-12-22 23:05:00+00:00,2025-12-23 01:40:00+00:00,1.17653,1.1761300000000001,1.17713,1.17712,TARGET,0.0004,1.474999999999671,1.349999999999671,0.5899999999998684
N1_ROLLING_SWEEP_FADE,NEUTRAL,SHORT,2025-12-23 01:55:00+00:00,2025-12-23 02:00:00+00:00,2025-12-23 02:00:00+00:00,2025-12-23 02:10:00+00:00,1.17729,1.17769,1.17669,1.1777,STOP,0.0004,-1.0250000000000536,-1.1500000000000536,-0.41000000000002146
N3_ANCHOR_REVERSION,NEUTRAL,SHORT,2025-12-23 02:15:00+00:00,2025-12-23 02:20:00+00:00,2025-12-23 02:20:00+00:00,2025-12-23 02:45:00+00:00,1.17746,1.17786,1.17686,1.17787,STOP,0.0004,-1.0250000000000536,-1.1500000000000536,-0.41000000000002146
N4_MICRO_BREAKOUT,NEUTRAL,LONG,2025-12-23 02:45:00+00:00,2025-12-23 02:50:00+00:00,2025-12-23 02:50:00+00:00,2025-12-23 03:15:00+00:00,1.17794,1.17754,1.17854,1.17753,STOP,0.0004,-1.0250000000000536,-1.1500000000000536,-0.41000000000002146
N3_ANCHOR_REVERSION,NEUTRAL,SHORT,2025-12-23 03:20:00+00:00,2025-12-23 03:25:00+00:00,2025-12-23 03:25:00+00:00,2025-12-23 04:00:00+00:00,1.17742,1.1778199999999999,1.17682,1.17783,STOP,0.0004,-1.0250000000000536,-1.1500000000000536,-0.41000000000002146
N4_MICRO_BREAKOUT,NEUTRAL,LONG,2025-12-24 00:00:00+00:00,2025-12-24 00:05:00+00:00,2025-12-24 00:05:00+00:00,2025-12-24 00:20:00+00:00,1.1798600000000001,1.1794600000000002,1.18046,1.17945,STOP,0.0004,-1.0250000000000536,-1.1500000000000536,-0.41000000000002146
N1_ROLLING_SWEEP_FADE,NEUTRAL,LONG,2025-12-24 00:25:00+00:00,2025-12-24 00:30:00+00:00,2025-12-24 00:30:00+00:00,2025-12-24 00:35:00+00:00,1.17941,1.1790100000000001,1.18001,1.179,STOP,0.0004,-1.0250000000000536,-1.1500000000000536,-0.41000000000002146
N1_ROLLING_SWEEP_FADE,NEUTRAL,LONG,2025-12-24 00:35:00+00:00,2025-12-24 00:40:00+00:00,2025-12-24 00:40:00+00:00,2025-12-24 00:55:00+00:00,1.1792500000000001,1.1788500000000002,1.17985,1.17984,TARGET,0.0004,1.474999999999671,1.349999999999671,0.5899999999998684
N4_MICRO_BREAKOUT,NEUTRAL,LONG,2025-12-24 00:55:00+00:00,2025-12-24 01:00:00+00:00,2025-12-24 01:00:00+00:00,2025-12-24 01:40:00+00:00,1.1799600000000001,1.1795600000000002,1.18056,1.18055,TARGET,0.0004,1.474999999999671,1.349999999999671,0.5899999999998684
N1_ROLLING_SWEEP_FADE,NEUTRAL,LONG,2025-12-30 19:55:00+00:00,2025-12-30 20:00:00+00:00,2025-12-30 20:00:00+00:00,2025-12-30 20:55:00+00:00,1.17477,1.1743700000000001,1.17537,1.17436,STOP,0.0004,-1.0250000000000536,-1.1500000000000536,-0.41000000000002146
N3_ANCHOR_REVERSION,NEUTRAL,LONG,2025-12-30 21:00:00+00:00,2025-12-30 21:05:00+00:00,2025-12-30 21:05:00+00:00,2025-12-31 01:55:00+00:00,1.1747500000000002,1.1743500000000002,1.1753500000000001,1.1743400000000002,STOP,0.0004,-1.0250000000000536,-1.1500000000000536,-0.41000000000002146
N4_MICRO_BREAKOUT,NEUTRAL,SHORT,2025-12-31 01:55:00+00:00,2025-12-31 02:00:00+00:00,2025-12-31 02:00:00+00:00,2025-12-31 04:50:00+00:00,1.17422,1.17462,1.17362,1.1736300000000002,TARGET,0.0004,1.474999999999671,1.349999999999671,0.5899999999998684
N3_ANCHOR_REVERSION,NEUTRAL,LONG,2025-12-31 05:00:00+00:00,2025-12-31 05:05:00+00:00,2025-12-31 05:05:00+00:00,2025-12-31 07:15:00+00:00,1.17367,1.17327,1.17427,1.17326,STOP,0.0004,-1.0250000000000536,-1.1500000000000536,-0.41000000000002146
N4_MICRO_BREAKOUT,NEUTRAL,SHORT,2025-12-31 07:15:00+00:00,2025-12-31 07:20:00+00:00,2025-12-31 07:20:00+00:00,2025-12-31 07:40:00+00:00,1.1732399999999998,1.1736399999999998,1.17264,1.1736499999999999,STOP,0.0004,-1.0250000000000536,-1.1500000000000536,-0.41000000000002146
N1_ROLLING_SWEEP_FADE,NEUTRAL,SHORT,2025-12-31 08:00:00+00:00,2025-12-31 08:05:00+00:00,2025-12-31 08:05:00+00:00,2025-12-31 08:25:00+00:00,1.17377,1.17417,1.17317,1.1731800000000001,TARGET,0.0004,1.474999999999671,1.349999999999671,0.5899999999998684
N3_ANCHOR_REVERSION,NEUTRAL,SHORT,2026-01-01 22:15:00+00:00,2026-01-01 22:20:00+00:00,2026-01-01 22:20:00+00:00,2026-01-01 22:25:00+00:00,1.1747999999999998,1.1751999999999998,1.1742,1.1752099999999999,STOP,0.0004,-1.0250000000000536,-1.1500000000000536,-0.41000000000002146
N3_ANCHOR_REVERSION,NEUTRAL,SHORT,2026-01-02 00:35:00+00:00,2026-01-02 00:40:00+00:00,2026-01-02 00:40:00+00:00,2026-01-02 00:50:00+00:00,1.17516,1.17556,1.17456,1.17557,STOP,0.0004,-1.0250000000000536,-1.1500000000000536,-0.41000000000002146
N4_MICRO_BREAKOUT,NEUTRAL,LONG,2026-01-02 01:00:00+00:00,2026-01-02 01:05:00+00:00,2026-01-02 01:05:00+00:00,2026-01-02 04:40:00+00:00,1.1759300000000001,1.1755300000000002,1.17653,1.1755200000000001,STOP,0.0004,-1.0250000000000536,-1.1500000000000536,-0.41000000000002146
N3_ANCHOR_REVERSION,NEUTRAL,SHORT,2026-01-06 03:55:00+00:00,2026-01-06 04:00:00+00:00,2026-01-06 04:00:00+00:00,2026-01-06 05:55:00+00:00,1.17342,1.1738199999999999,1.17282,1.17283,TARGET,0.0004,1.474999999999671,1.349999999999671,0.5899999999998684
N3_ANCHOR_REVERSION,NEUTRAL,SHORT,2026-01-06 06:40:00+00:00,2026-01-06 06:45:00+00:00,2026-01-06 06:45:00+00:00,2026-01-06 07:00:00+00:00,1.17342,1.1738199999999999,1.17282,1.17383,STOP,0.0004,-1.0250000000000536,-1.1500000000000536,-0.41000000000002146
N1_ROLLING_SWEEP_FADE,NEUTRAL,LONG,2026-01-06 12:55:00+00:00,2026-01-06 13:00:00+00:00,2026-01-06 13:00:00+00:00,2026-01-06 13:00:00+00:00,1.17019,1.16979,1.17079,1.16978,STOP,0.0004,-1.0250000000000536,-1.1500000000000536,-0.41000000000002146
N3_ANCHOR_REVERSION,NEUTRAL,LONG,2026-01-06 13:05:00+00:00,2026-01-06 13:10:00+00:00,2026-01-06 13:10:00+00:00,2026-01-06 14:00:00+00:00,1.17076,1.17036,1.17136,1.17135,TARGET,0.0004,1.474999999999671,1.349999999999671,0.5899999999998684
N4_MICRO_BREAKOUT,NEUTRAL,SHORT,2026-01-07 21:55:00+00:00,2026-01-07 22:00:00+00:00,2026-01-07 22:00:00+00:00,2026-01-07 22:00:00+00:00,1.16727,1.16767,1.16667,1.16768,STOP,0.0004,-1.0250000000000536,-1.1500000000000536,-0.41000000000002146
N1_ROLLING_SWEEP_FADE,NEUTRAL,SHORT,2026-01-07 22:30:00+00:00,2026-01-07 22:35:00+00:00,2026-01-07 22:35:00+00:00,2026-01-08 02:40:00+00:00,1.16766,1.1680599999999999,1.16706,1.16807,STOP,0.0004,-1.0250000000000536,-1.1500000000000536,-0.41000000000002146
N1_ROLLING_SWEEP_FADE,NEUTRAL,SHORT,2026-01-08 02:45:00+00:00,2026-01-08 02:50:00+00:00,2026-01-08 02:50:00+00:00,2026-01-08 03:00:00+00:00,1.16784,1.16824,1.16724,1.16825,STOP,0.0004,-1.0250000000000536,-1.1500000000000536,-0.41000000000002146
N4_MICRO_BREAKOUT,NEUTRAL,LONG,2026-01-08 03:00:00+00:00,2026-01-08 03:05:00+00:00,2026-01-08 03:05:00+00:00,2026-01-08 04:00:00+00:00,1.16826,1.1678600000000001,1.16886,1.16785,STOP,0.0004,-1.0250000000000536,-1.1500000000000536,-0.41000000000002146
N3_ANCHOR_REVERSION,NEUTRAL,SHORT,2026-01-08 05:40:00+00:00,2026-01-08 05:45:00+00:00,2026-01-08 05:45:00+00:00,2026-01-08 06:25:00+00:00,1.16814,1.16854,1.16754,1.16755,TARGET,0.0004,1.474999999999671,1.349999999999671,0.5899999999998684
N1_ROLLING_SWEEP_FADE,NEUTRAL,SHORT,2026-01-08 15:25:00+00:00,2026-01-08 15:30:00+00:00,2026-01-08 15:30:00+00:00,2026-01-08 16:05:00+00:00,1.16699,1.16739,1.16639,1.1664,TARGET,0.0004,1.474999999999671,1.349999999999671,0.5899999999998684
N1_ROLLING_SWEEP_FADE,NEUTRAL,LONG,2026-01-09 00:15:00+00:00,2026-01-09 00:20:00+00:00,2026-01-09 00:20:00+00:00,2026-01-09 01:05:00+00:00,1.16567,1.16527,1.16627,1.16526,STOP,0.0004,-1.0250000000000536,-1.1500000000000536,-0.41000000000002146
N1_ROLLING_SWEEP_FADE,NEUTRAL,LONG,2026-01-09 01:05:00+00:00,2026-01-09 01:10:00+00:00,2026-01-09 01:10:00+00:00,2026-01-09 01:40:00+00:00,1.16538,1.1649800000000001,1.16598,1.16497,STOP,0.0004,-1.0250000000000536,-1.1500000000000536,-0.41000000000002146
N4_MICRO_BREAKOUT,NEUTRAL,SHORT,2026-01-09 01:40:00+00:00,2026-01-09 01:45:00+00:00,2026-01-09 01:45:00+00:00,2026-01-09 01:50:00+00:00,1.16486,1.16526,1.16426,1.16527,STOP,0.0004,-1.0250000000000536,-1.1500000000000536,-0.41000000000002146
N4_MICRO_BREAKOUT,NEUTRAL,SHORT,2026-01-09 02:05:00+00:00,2026-01-09 02:10:00+00:00,2026-01-09 02:10:00+00:00,2026-01-09 02:30:00+00:00,1.1647699999999999,1.1651699999999998,1.16417,1.1651799999999999,STOP,0.0004,-1.0250000000000536,-1.1500000000000536,-0.41000000000002146
N1_ROLLING_SWEEP_FADE,NEUTRAL,SHORT,2026-01-09 21:55:00+00:00,2026-01-09 22:00:00+00:00,2026-01-11 22:00:00+00:00,2026-01-11 22:00:00+00:00,1.16295,1.1633499999999999,1.16235,1.16368,STOP,0.0004,-1.8250000000002986,-1.9500000000002986,-0.7300000000001194
N4_MICRO_BREAKOUT,NEUTRAL,SHORT,2026-01-11 23:20:00+00:00,2026-01-11 23:25:00+00:00,2026-01-11 23:25:00+00:00,2026-01-12 00:05:00+00:00,1.1626999999999998,1.1630999999999998,1.1621,1.1631099999999999,STOP,0.0004,-1.0250000000000536,-1.1500000000000536,-0.41000000000002146
N3_ANCHOR_REVERSION,NEUTRAL,SHORT,2026-01-12 00:20:00+00:00,2026-01-12 00:25:00+00:00,2026-01-12 00:25:00+00:00,2026-01-12 00:25:00+00:00,1.16381,1.16421,1.16321,1.16422,STOP,0.0004,-1.0250000000000536,-1.1500000000000536,-0.41000000000002146
N4_MICRO_BREAKOUT,NEUTRAL,LONG,2026-01-12 00:30:00+00:00,2026-01-12 00:35:00+00:00,2026-01-12 00:35:00+00:00,2026-01-12 00:40:00+00:00,1.1652600000000002,1.1648600000000002,1.1658600000000001,1.16585,TARGET,0.0004,1.474999999999671,1.349999999999671,0.5899999999998684
N4_MICRO_BREAKOUT,NEUTRAL,LONG,2026-01-12 00:55:00+00:00,2026-01-12 01:00:00+00:00,2026-01-12 01:00:00+00:00,2026-01-12 01:00:00+00:00,1.16655,1.16615,1.16715,1.16614,STOP,0.0004,-1.0250000000000536,-1.1500000000000536,-0.41000000000002146
N3_ANCHOR_REVERSION,NEUTRAL,SHORT,2026-01-12 01:00:00+00:00,2026-01-12 01:05:00+00:00,2026-01-12 01:05:00+00:00,2026-01-12 01:05:00+00:00,1.1660899999999998,1.1664899999999998,1.16549,1.1664999999999999,STOP,0.0004,-1.0250000000000536,-1.1500000000000536,-0.41000000000002146
N1_ROLLING_SWEEP_FADE,NEUTRAL,LONG,2026-01-13 20:35:00+00:00,2026-01-13 20:40:00+00:00,2026-01-13 20:40:00+00:00,2026-01-13 21:05:00+00:00,1.16477,1.1643700000000001,1.16537,1.16436,STOP,0.0004,-1.0250000000000536,-1.1500000000000536,-0.41000000000002146
N4_MICRO_BREAKOUT,NEUTRAL,SHORT,2026-01-13 21:55:00+00:00,2026-01-13 22:00:00+00:00,2026-01-13 22:00:00+00:00,2026-01-13 22:00:00+00:00,1.16415,1.16455,1.16355,1.16456,STOP,0.0004,-1.0250000000000536,-1.1500000000000536,-0.41000000000002146
N4_MICRO_BREAKOUT,NEUTRAL,SHORT,2026-01-14 00:00:00+00:00,2026-01-14 00:05:00+00:00,2026-01-14 00:05:00+00:00,2026-01-14 00:40:00+00:00,1.16398,1.16438,1.16338,1.16439,STOP,0.0004,-1.0250000000000536,-1.1500000000000536,-0.41000000000002146
N4_MICRO_BREAKOUT,NEUTRAL,SHORT,2026-01-14 01:05:00+00:00,2026-01-14 01:10:00+00:00,2026-01-14 01:10:00+00:00,2026-01-14 02:30:00+00:00,1.16374,1.16414,1.16314,1.16415,STOP,0.0004,-1.0250000000000536,-1.1500000000000536,-0.41000000000002146
N1_ROLLING_SWEEP_FADE,NEUTRAL,SHORT,2026-01-14 02:30:00+00:00,2026-01-14 02:35:00+00:00,2026-01-14 02:35:00+00:00,2026-01-14 02:45:00+00:00,1.16391,1.16431,1.16331,1.16432,STOP,0.0004,-1.0250000000000536,-1.1500000000000536,-0.41000000000002146
N4_MICRO_BREAKOUT,NEUTRAL,LONG,2026-01-14 03:00:00+00:00,2026-01-14 03:05:00+00:00,2026-01-14 03:05:00+00:00,2026-01-14 05:20:00+00:00,1.16459,1.16419,1.16519,1.16418,STOP,0.0004,-1.0250000000000536,-1.1500000000000536,-0.41000000000002146
N1_ROLLING_SWEEP_FADE,NEUTRAL,LONG,2026-01-15 05:00:00+00:00,2026-01-15 05:05:00+00:00,2026-01-15 05:05:00+00:00,2026-01-15 06:40:00+00:00,1.16367,1.16327,1.16427,1.16326,STOP,0.0004,-1.0250000000000536,-1.1500000000000536,-0.41000000000002146
N4_MICRO_BREAKOUT,NEUTRAL,SHORT,2026-01-15 06:40:00+00:00,2026-01-15 06:45:00+00:00,2026-01-15 06:45:00+00:00,2026-01-15 06:55:00+00:00,1.1630099999999999,1.1634099999999998,1.16241,1.16342,STOP,0.0004,-1.0250000000000536,-1.1500000000000536,-0.41000000000002146
N2_ASIA_RANGE_FADE,NEUTRAL,LONG,2026-01-15 06:55:00+00:00,2026-01-15 07:00:00+00:00,2026-01-15 07:00:00+00:00,2026-01-15 07:20:00+00:00,1.16337,1.16297,1.16397,1.16296,STOP,0.0004,-1.0250000000000536,-1.1500000000000536,-0.41000000000002146
N4_MICRO_BREAKOUT,NEUTRAL,SHORT,2026-01-15 07:20:00+00:00,2026-01-15 07:25:00+00:00,2026-01-15 07:25:00+00:00,2026-01-15 07:35:00+00:00,1.16275,1.16315,1.16215,1.16316,STOP,0.0004,-1.0250000000000536,-1.1500000000000536,-0.41000000000002146
N4_MICRO_BREAKOUT,NEUTRAL,SHORT,2026-01-16 00:45:00+00:00,2026-01-16 00:50:00+00:00,2026-01-16 00:50:00+00:00,2026-01-16 01:30:00+00:00,1.1602999999999999,1.1606999999999998,1.1597,1.16071,STOP,0.0004,-1.0250000000000536,-1.1500000000000536,-0.41000000000002146
N4_MICRO_BREAKOUT,NEUTRAL,LONG,2026-01-16 02:35:00+00:00,2026-01-16 02:40:00+00:00,2026-01-16 02:40:00+00:00,2026-01-16 02:55:00+00:00,1.16128,1.1608800000000001,1.16188,1.16087,STOP,0.0004,-1.0250000000000536,-1.1500000000000536,-0.41000000000002146
N3_ANCHOR_REVERSION,NEUTRAL,SHORT,2026-01-20 05:15:00+00:00,2026-01-20 05:20:00+00:00,2026-01-20 05:20:00+00:00,2026-01-20 06:00:00+00:00,1.16686,1.16726,1.16626,1.1662700000000001,TARGET,0.0004,1.474999999999671,1.349999999999671,0.5899999999998684
N3_ANCHOR_REVERSION,NEUTRAL,SHORT,2026-01-20 06:10:00+00:00,2026-01-20 06:15:00+00:00,2026-01-20 06:15:00+00:00,2026-01-20 06:55:00+00:00,1.16651,1.16691,1.16591,1.16692,STOP,0.0004,-1.0250000000000536,-1.1500000000000536,-0.41000000000002146
N3_ANCHOR_REVERSION,NEUTRAL,SHORT,2026-01-20 10:10:00+00:00,2026-01-20 10:15:00+00:00,2026-01-20 10:15:00+00:00,2026-01-20 10:35:00+00:00,1.1719199999999999,1.1723199999999998,1.17132,1.1723299999999999,STOP,0.0004,-1.0250000000000536,-1.1500000000000536,-0.41000000000002146
N3_ANCHOR_REVERSION,NEUTRAL,SHORT,2026-01-20 11:55:00+00:00,2026-01-20 12:00:00+00:00,2026-01-20 12:00:00+00:00,2026-01-20 12:10:00+00:00,1.17346,1.17386,1.17286,1.17387,STOP,0.0004,-1.0250000000000536,-1.1500000000000536,-0.41000000000002146
N3_ANCHOR_REVERSION,NEUTRAL,LONG,2026-01-21 00:50:00+00:00,2026-01-21 00:55:00+00:00,2026-01-21 00:55:00+00:00,2026-01-21 01:05:00+00:00,1.17194,1.17154,1.17254,1.1725299999999999,TARGET,0.0004,1.474999999999671,1.349999999999671,0.5899999999998684
N1_ROLLING_SWEEP_FADE,NEUTRAL,SHORT,2026-01-21 01:05:00+00:00,2026-01-21 01:10:00+00:00,2026-01-21 01:10:00+00:00,2026-01-21 01:20:00+00:00,1.17237,1.1727699999999999,1.17177,1.17278,STOP,0.0004,-1.0250000000000536,-1.1500000000000536,-0.41000000000002146
N4_MICRO_BREAKOUT,NEUTRAL,LONG,2026-01-21 01:20:00+00:00,2026-01-21 01:25:00+00:00,2026-01-21 01:25:00+00:00,2026-01-21 02:20:00+00:00,1.17296,1.17256,1.17356,1.17255,STOP,0.0004,-1.0250000000000536,-1.1500000000000536,-0.41000000000002146
N3_ANCHOR_REVERSION,NEUTRAL,LONG,2026-01-21 16:55:00+00:00,2026-01-21 17:00:00+00:00,2026-01-21 17:00:00+00:00,2026-01-21 17:15:00+00:00,1.17042,1.17002,1.17102,1.1710099999999999,TARGET,0.0004,1.474999999999671,1.349999999999671,0.5899999999998684
N3_ANCHOR_REVERSION,NEUTRAL,LONG,2026-01-22 00:05:00+00:00,2026-01-22 00:10:00+00:00,2026-01-22 00:10:00+00:00,2026-01-22 00:35:00+00:00,1.16794,1.16754,1.16854,1.1685299999999998,TARGET,0.0004,1.474999999999671,1.349999999999671,0.5899999999998684
N1_ROLLING_SWEEP_FADE,NEUTRAL,SHORT,2026-01-22 00:55:00+00:00,2026-01-22 01:00:00+00:00,2026-01-22 01:00:00+00:00,2026-01-22 02:00:00+00:00,1.1686999999999999,1.1690999999999998,1.1681,1.1691099999999999,STOP,0.0004,-1.0250000000000536,-1.1500000000000536,-0.41000000000002146
N1_ROLLING_SWEEP_FADE,NEUTRAL,SHORT,2026-01-22 02:10:00+00:00,2026-01-22 02:15:00+00:00,2026-01-22 02:15:00+00:00,2026-01-22 02:20:00+00:00,1.16916,1.16956,1.16856,1.16857,TARGET,0.0004,1.474999999999671,1.349999999999671,0.5899999999998684
N1_ROLLING_SWEEP_FADE,NEUTRAL,SHORT,2026-01-22 03:55:00+00:00,2026-01-22 04:00:00+00:00,2026-01-22 04:00:00+00:00,2026-01-22 04:05:00+00:00,1.16889,1.16929,1.16829,1.1693,STOP,0.0004,-1.0250000000000536,-1.1500000000000536,-0.41000000000002146
N1_ROLLING_SWEEP_FADE,NEUTRAL,LONG,2026-01-23 00:45:00+00:00,2026-01-23 00:50:00+00:00,2026-01-23 00:50:00+00:00,2026-01-23 02:40:00+00:00,1.175,1.1746,1.1756,1.17459,STOP,0.0004,-1.0250000000000536,-1.1500000000000536,-0.41000000000002146
N3_ANCHOR_REVERSION,NEUTRAL,LONG,2026-01-28 05:10:00+00:00,2026-01-28 05:15:00+00:00,2026-01-28 05:15:00+00:00,2026-01-28 05:25:00+00:00,1.19853,1.1981300000000001,1.19913,1.19912,TARGET,0.0004,1.474999999999671,1.349999999999671,0.5899999999998684
N3_ANCHOR_REVERSION,NEUTRAL,LONG,2026-01-28 05:25:00+00:00,2026-01-28 05:30:00+00:00,2026-01-28 05:30:00+00:00,2026-01-28 05:30:00+00:00,1.1991200000000002,1.1987200000000002,1.1997200000000001,1.1987100000000002,STOP,0.0004,-1.0250000000000536,-1.1500000000000536,-0.41000000000002146
N1_ROLLING_SWEEP_FADE,NEUTRAL,SHORT,2026-01-28 06:20:00+00:00,2026-01-28 06:25:00+00:00,2026-01-28 06:25:00+00:00,2026-01-28 06:25:00+00:00,1.19952,1.1999199999999999,1.19892,1.19993,STOP,0.0004,-1.0250000000000536,-1.1500000000000536,-0.41000000000002146
N1_ROLLING_SWEEP_FADE,NEUTRAL,SHORT,2026-01-28 06:30:00+00:00,2026-01-28 06:35:00+00:00,2026-01-28 06:35:00+00:00,2026-01-28 06:40:00+00:00,1.20014,1.20054,1.19954,1.1995500000000001,TARGET,0.0004,1.474999999999671,1.349999999999671,0.5899999999998684
N4_MICRO_BREAKOUT,NEUTRAL,LONG,2026-01-28 23:55:00+00:00,2026-01-29 00:00:00+00:00,2026-01-29 00:00:00+00:00,2026-01-29 00:00:00+00:00,1.19815,1.19775,1.19875,1.19774,STOP,0.0004,-1.0250000000000536,-1.1500000000000536,-0.41000000000002146
N3_ANCHOR_REVERSION,NEUTRAL,SHORT,2026-01-29 00:00:00+00:00,2026-01-29 00:05:00+00:00,2026-01-29 00:05:00+00:00,2026-01-29 00:05:00+00:00,1.1970999999999998,1.1974999999999998,1.1965,1.1975099999999999,STOP,0.0004,-1.0250000000000536,-1.1500000000000536,-0.41000000000002146
N3_ANCHOR_REVERSION,NEUTRAL,SHORT,2026-01-29 00:35:00+00:00,2026-01-29 00:40:00+00:00,2026-01-29 00:40:00+00:00,2026-01-29 01:00:00+00:00,1.19767,1.19807,1.19707,1.1970800000000001,TARGET,0.0004,1.474999999999671,1.349999999999671,0.5899999999998684
N3_ANCHOR_REVERSION,NEUTRAL,SHORT,2026-01-29 04:10:00+00:00,2026-01-29 04:15:00+00:00,2026-01-29 04:15:00+00:00,2026-01-29 04:20:00+00:00,1.1983,1.1986999999999999,1.1977,1.19871,STOP,0.0004,-1.0250000000000536,-1.1500000000000536,-0.41000000000002146
N1_ROLLING_SWEEP_FADE,NEUTRAL,LONG,2026-01-30 18:10:00+00:00,2026-01-30 18:15:00+00:00,2026-01-30 18:15:00+00:00,2026-01-30 18:15:00+00:00,1.18689,1.18649,1.18749,1.18648,STOP,0.0004,-1.0250000000000536,-1.1500000000000536,-0.41000000000002146
N4_MICRO_BREAKOUT,NEUTRAL,SHORT,2026-01-30 18:20:00+00:00,2026-01-30 18:25:00+00:00,2026-01-30 18:25:00+00:00,2026-01-30 18:25:00+00:00,1.18631,1.18671,1.18571,1.18672,STOP,0.0004,-1.0250000000000536,-1.1500000000000536,-0.41000000000002146
N3_ANCHOR_REVERSION,NEUTRAL,LONG,2026-01-30 18:30:00+00:00,2026-01-30 18:35:00+00:00,2026-01-30 18:35:00+00:00,2026-01-30 18:35:00+00:00,1.1862300000000001,1.1858300000000002,1.18683,1.18582,STOP,0.0004,-1.0250000000000536,-1.1500000000000536,-0.41000000000002146
N3_ANCHOR_REVERSION,NEUTRAL,LONG,2026-01-30 18:40:00+00:00,2026-01-30 18:45:00+00:00,2026-01-30 18:45:00+00:00,2026-01-30 18:45:00+00:00,1.1866100000000002,1.1862100000000002,1.18721,1.1872,TARGET,0.0004,1.474999999999671,1.349999999999671,0.5899999999998684
N4_MICRO_BREAKOUT,NEUTRAL,SHORT,2026-01-30 21:55:00+00:00,2026-01-30 22:00:00+00:00,2026-02-01 22:00:00+00:00,2026-02-01 22:00:00+00:00,1.18491,1.1853099999999999,1.18431,1.18548,STOP,0.0004,-1.4250000000004537,-1.5500000000004537,-0.5700000000001815
N1_ROLLING_SWEEP_FADE,NEUTRAL,LONG,2026-02-01 22:55:00+00:00,2026-02-01 23:00:00+00:00,2026-02-01 23:00:00+00:00,2026-02-01 23:00:00+00:00,1.1852200000000002,1.1848200000000002,1.18582,1.1848100000000001,STOP,0.0004,-1.0250000000000536,-1.1500000000000536,-0.41000000000002146
N4_MICRO_BREAKOUT,NEUTRAL,SHORT,2026-02-01 23:05:00+00:00,2026-02-01 23:10:00+00:00,2026-02-01 23:10:00+00:00,2026-02-01 23:10:00+00:00,1.18407,1.18447,1.18347,1.18448,STOP,0.0004,-1.0250000000000536,-1.1500000000000536,-0.41000000000002146
N3_ANCHOR_REVERSION,NEUTRAL,LONG,2026-02-01 23:25:00+00:00,2026-02-01 23:30:00+00:00,2026-02-01 23:30:00+00:00,2026-02-01 23:35:00+00:00,1.18455,1.18415,1.18515,1.1851399999999999,TARGET,0.0004,1.474999999999671,1.349999999999671,0.5899999999998684
N4_MICRO_BREAKOUT,NEUTRAL,LONG,2026-02-02 00:10:00+00:00,2026-02-02 00:15:00+00:00,2026-02-02 00:15:00+00:00,2026-02-02 00:20:00+00:00,1.1872900000000002,1.1868900000000002,1.1878900000000001,1.1868800000000002,STOP,0.0004,-1.0250000000000536,-1.1500000000000536,-0.41000000000002146
N3_ANCHOR_REVERSION,NEUTRAL,SHORT,2026-02-02 00:30:00+00:00,2026-02-02 00:35:00+00:00,2026-02-02 00:35:00+00:00,2026-02-02 00:55:00+00:00,1.18684,1.1872399999999999,1.18624,1.18625,TARGET,0.0004,1.474999999999671,1.349999999999671,0.5899999999998684
N4_MICRO_BREAKOUT,NEUTRAL,SHORT,2026-02-05 23:15:00+00:00,2026-02-05 23:20:00+00:00,2026-02-05 23:20:00+00:00,2026-02-05 23:40:00+00:00,1.17752,1.1779199999999999,1.17692,1.17793,STOP,0.0004,-1.0250000000000536,-1.1500000000000536,-0.41000000000002146
N4_MICRO_BREAKOUT,NEUTRAL,SHORT,2026-02-06 00:10:00+00:00,2026-02-06 00:15:00+00:00,2026-02-06 00:15:00+00:00,2026-02-06 00:15:00+00:00,1.17739,1.17779,1.17679,1.1768,TARGET,0.0004,1.474999999999671,1.349999999999671,0.5899999999998684
N1_ROLLING_SWEEP_FADE,NEUTRAL,LONG,2026-02-06 00:20:00+00:00,2026-02-06 00:25:00+00:00,2026-02-06 00:25:00+00:00,2026-02-06 00:55:00+00:00,1.17751,1.17711,1.17811,1.1781,TARGET,0.0004,1.474999999999671,1.349999999999671,0.5899999999998684
N1_ROLLING_SWEEP_FADE,NEUTRAL,SHORT,2026-02-06 01:00:00+00:00,2026-02-06 01:05:00+00:00,2026-02-06 01:05:00+00:00,2026-02-06 01:10:00+00:00,1.17808,1.17848,1.17748,1.17849,STOP,0.0004,-1.0250000000000536,-1.1500000000000536,-0.41000000000002146
N4_MICRO_BREAKOUT,NEUTRAL,LONG,2026-02-06 04:35:00+00:00,2026-02-06 04:40:00+00:00,2026-02-06 04:40:00+00:00,2026-02-06 06:30:00+00:00,1.1795600000000002,1.1791600000000002,1.18016,1.18015,TARGET,0.0004,1.474999999999671,1.349999999999671,0.5899999999998684
N4_MICRO_BREAKOUT,NEUTRAL,SHORT,2026-02-06 21:55:00+00:00,2026-02-06 22:00:00+00:00,2026-02-08 22:00:00+00:00,2026-02-08 22:00:00+00:00,1.18105,1.18145,1.18045,1.18164,STOP,0.0004,-1.4750000000002261,-1.6000000000002261,-0.5900000000000905
N3_ANCHOR_REVERSION,NEUTRAL,LONG,2026-02-08 22:15:00+00:00,2026-02-08 22:20:00+00:00,2026-02-08 22:20:00+00:00,2026-02-08 23:00:00+00:00,1.18148,1.1810800000000001,1.18208,1.18207,TARGET,0.0004,1.474999999999671,1.349999999999671,0.5899999999998684
N1_ROLLING_SWEEP_FADE,NEUTRAL,SHORT,2026-02-08 23:00:00+00:00,2026-02-08 23:05:00+00:00,2026-02-08 23:05:00+00:00,2026-02-08 23:30:00+00:00,1.18139,1.18179,1.18079,1.1818,STOP,0.0004,-1.0250000000000536,-1.1500000000000536,-0.41000000000002146
N4_MICRO_BREAKOUT,NEUTRAL,LONG,2026-02-08 23:45:00+00:00,2026-02-08 23:50:00+00:00,2026-02-08 23:50:00+00:00,2026-02-09 00:00:00+00:00,1.1823400000000002,1.1819400000000002,1.18294,1.18293,TARGET,0.0004,1.474999999999671,1.349999999999671,0.5899999999998684
N1_ROLLING_SWEEP_FADE,NEUTRAL,SHORT,2026-02-09 00:00:00+00:00,2026-02-09 00:05:00+00:00,2026-02-09 00:05:00+00:00,2026-02-09 00:05:00+00:00,1.18266,1.18306,1.18206,1.18307,STOP,0.0004,-1.0250000000000536,-1.1500000000000536,-0.41000000000002146
N1_ROLLING_SWEEP_FADE,NEUTRAL,SHORT,2026-02-09 00:10:00+00:00,2026-02-09 00:15:00+00:00,2026-02-09 00:15:00+00:00,2026-02-09 02:00:00+00:00,1.18303,1.18343,1.18243,1.1824400000000002,TARGET,0.0004,1.474999999999671,1.349999999999671,0.5899999999998684
N4_MICRO_BREAKOUT,NEUTRAL,SHORT,2026-02-09 03:55:00+00:00,2026-02-09 04:00:00+00:00,2026-02-09 04:00:00+00:00,2026-02-09 04:05:00+00:00,1.18187,1.18227,1.18127,1.18228,STOP,0.0004,-1.0250000000000536,-1.1500000000000536,-0.41000000000002146
N3_ANCHOR_REVERSION,NEUTRAL,SHORT,2026-02-09 07:15:00+00:00,2026-02-09 07:20:00+00:00,2026-02-09 07:20:00+00:00,2026-02-09 07:20:00+00:00,1.18509,1.18549,1.18449,1.1855,STOP,0.0004,-1.0250000000000536,-1.1500000000000536,-0.41000000000002146
N4_MICRO_BREAKOUT,NEUTRAL,LONG,2026-02-17 09:15:00+00:00,2026-02-17 09:20:00+00:00,2026-02-17 09:20:00+00:00,2026-02-17 10:10:00+00:00,1.18463,1.1842300000000001,1.18523,1.18422,STOP,0.0004,-1.0250000000000536,-1.1500000000000536,-0.41000000000002146
N3_ANCHOR_REVERSION,NEUTRAL,LONG,2026-02-17 12:00:00+00:00,2026-02-17 12:05:00+00:00,2026-02-17 12:05:00+00:00,2026-02-17 12:15:00+00:00,1.1833900000000002,1.1829900000000002,1.18399,1.1829800000000001,STOP,0.0004,-1.0250000000000536,-1.1500000000000536,-0.41000000000002146
N3_ANCHOR_REVERSION,NEUTRAL,LONG,2026-02-17 12:30:00+00:00,2026-02-17 12:35:00+00:00,2026-02-17 12:35:00+00:00,2026-02-17 12:40:00+00:00,1.18323,1.18283,1.18383,1.18282,STOP,0.0004,-1.0250000000000536,-1.1500000000000536,-0.41000000000002146
N3_ANCHOR_REVERSION,NEUTRAL,LONG,2026-02-17 12:50:00+00:00,2026-02-17 12:55:00+00:00,2026-02-17 12:55:00+00:00,2026-02-17 13:00:00+00:00,1.18304,1.1826400000000001,1.18364,1.18263,STOP,0.0004,-1.0250000000000536,-1.1500000000000536,-0.41000000000002146
N1_ROLLING_SWEEP_FADE,NEUTRAL,LONG,2026-02-18 00:25:00+00:00,2026-02-18 00:30:00+00:00,2026-02-18 00:30:00+00:00,2026-02-18 00:50:00+00:00,1.18524,1.1848400000000001,1.18584,1.18483,STOP,0.0004,-1.0250000000000536,-1.1500000000000536,-0.41000000000002146
N1_ROLLING_SWEEP_FADE,NEUTRAL,LONG,2026-02-18 01:15:00+00:00,2026-02-18 01:20:00+00:00,2026-02-18 01:20:00+00:00,2026-02-18 03:45:00+00:00,1.1845100000000002,1.1841100000000002,1.18511,1.1841000000000002,STOP,0.0004,-1.0250000000000536,-1.1500000000000536,-0.41000000000002146
N4_MICRO_BREAKOUT,NEUTRAL,SHORT,2026-02-18 04:00:00+00:00,2026-02-18 04:05:00+00:00,2026-02-18 04:05:00+00:00,2026-02-18 04:20:00+00:00,1.1840199999999999,1.1844199999999998,1.18342,1.1844299999999999,STOP,0.0004,-1.0250000000000536,-1.1500000000000536,-0.41000000000002146
N1_ROLLING_SWEEP_FADE,NEUTRAL,SHORT,2026-02-18 06:00:00+00:00,2026-02-18 06:05:00+00:00,2026-02-18 06:05:00+00:00,2026-02-18 07:15:00+00:00,1.1843899999999998,1.1847899999999998,1.18379,1.1838,TARGET,0.0004,1.474999999999671,1.349999999999671,0.5899999999998684
N4_MICRO_BREAKOUT,NEUTRAL,SHORT,2026-02-19 00:15:00+00:00,2026-02-19 00:20:00+00:00,2026-02-19 00:20:00+00:00,2026-02-19 00:30:00+00:00,1.1786299999999998,1.1790299999999998,1.17803,1.1790399999999999,STOP,0.0004,-1.0250000000000536,-1.1500000000000536,-0.41000000000002146
N1_ROLLING_SWEEP_FADE,NEUTRAL,SHORT,2026-02-19 00:30:00+00:00,2026-02-19 00:35:00+00:00,2026-02-19 00:35:00+00:00,2026-02-19 01:00:00+00:00,1.17885,1.17925,1.17825,1.17926,STOP,0.0004,-1.0250000000000536,-1.1500000000000536,-0.41000000000002146
N4_MICRO_BREAKOUT,NEUTRAL,LONG,2026-02-19 01:00:00+00:00,2026-02-19 01:05:00+00:00,2026-02-19 01:05:00+00:00,2026-02-19 03:20:00+00:00,1.1793600000000002,1.1789600000000002,1.1799600000000001,1.1789500000000002,STOP,0.0004,-1.0250000000000536,-1.1500000000000536,-0.41000000000002146
N1_ROLLING_SWEEP_FADE,NEUTRAL,LONG,2026-02-19 03:30:00+00:00,2026-02-19 03:35:00+00:00,2026-02-19 03:35:00+00:00,2026-02-19 04:20:00+00:00,1.17907,1.17867,1.17967,1.17866,STOP,0.0004,-1.0250000000000536,-1.1500000000000536,-0.41000000000002146
N1_ROLLING_SWEEP_FADE,NEUTRAL,LONG,2026-02-20 00:00:00+00:00,2026-02-20 00:05:00+00:00,2026-02-20 00:05:00+00:00,2026-02-20 00:10:00+00:00,1.17711,1.1767100000000001,1.17771,1.1767,STOP,0.0004,-1.0250000000000536,-1.1500000000000536,-0.41000000000002146
N1_ROLLING_SWEEP_FADE,NEUTRAL,SHORT,2026-02-20 00:50:00+00:00,2026-02-20 00:55:00+00:00,2026-02-20 00:55:00+00:00,2026-02-20 01:25:00+00:00,1.1768999999999998,1.1772999999999998,1.1763,1.17631,TARGET,0.0004,1.474999999999671,1.349999999999671,0.5899999999998684
N3_ANCHOR_REVERSION,NEUTRAL,LONG,2026-02-20 01:50:00+00:00,2026-02-20 01:55:00+00:00,2026-02-20 01:55:00+00:00,2026-02-20 02:10:00+00:00,1.1759600000000001,1.1755600000000002,1.17656,1.17555,STOP,0.0004,-1.0250000000000536,-1.1500000000000536,-0.41000000000002146
N3_ANCHOR_REVERSION,NEUTRAL,LONG,2026-02-20 02:10:00+00:00,2026-02-20 02:15:00+00:00,2026-02-20 02:15:00+00:00,2026-02-20 02:40:00+00:00,1.1759000000000002,1.1755000000000002,1.1765,1.1754900000000001,STOP,0.0004,-1.0250000000000536,-1.1500000000000536,-0.41000000000002146
N3_ANCHOR_REVERSION,NEUTRAL,SHORT,2026-02-22 22:25:00+00:00,2026-02-22 22:30:00+00:00,2026-02-22 22:30:00+00:00,2026-02-22 22:30:00+00:00,1.17918,1.1795799999999999,1.17858,1.1796,STOP,0.0004,-1.0500000000002174,-1.1750000000002174,-0.42000000000008697
N4_MICRO_BREAKOUT,NEUTRAL,LONG,2026-02-22 23:05:00+00:00,2026-02-22 23:10:00+00:00,2026-02-22 23:10:00+00:00,2026-02-22 23:10:00+00:00,1.18006,1.1796600000000002,1.18066,1.18065,TARGET,0.0004,1.474999999999671,1.349999999999671,0.5899999999998684
N4_MICRO_BREAKOUT,NEUTRAL,LONG,2026-02-22 23:20:00+00:00,2026-02-22 23:25:00+00:00,2026-02-22 23:25:00+00:00,2026-02-22 23:35:00+00:00,1.18177,1.18137,1.18237,1.1823599999999999,TARGET,0.0004,1.474999999999671,1.349999999999671,0.5899999999998684
N4_MICRO_BREAKOUT,NEUTRAL,LONG,2026-02-22 23:50:00+00:00,2026-02-22 23:55:00+00:00,2026-02-22 23:55:00+00:00,2026-02-23 00:15:00+00:00,1.18299,1.18259,1.18359,1.18258,STOP,0.0004,-1.0250000000000536,-1.1500000000000536,-0.41000000000002146
N3_ANCHOR_REVERSION,NEUTRAL,SHORT,2026-02-23 00:40:00+00:00,2026-02-23 00:45:00+00:00,2026-02-23 00:45:00+00:00,2026-02-23 01:20:00+00:00,1.18306,1.18346,1.18246,1.1824700000000001,TARGET,0.0004,1.474999999999671,1.349999999999671,0.5899999999998684
N3_ANCHOR_REVERSION,NEUTRAL,SHORT,2026-02-23 01:30:00+00:00,2026-02-23 01:35:00+00:00,2026-02-23 01:35:00+00:00,2026-02-23 01:35:00+00:00,1.18211,1.18251,1.18151,1.18252,STOP,0.0004,-1.0250000000000536,-1.1500000000000536,-0.41000000000002146
N4_MICRO_BREAKOUT,NEUTRAL,SHORT,2026-02-23 05:10:00+00:00,2026-02-23 05:15:00+00:00,2026-02-23 05:15:00+00:00,2026-02-23 05:30:00+00:00,1.18162,1.1820199999999998,1.18102,1.18203,STOP,0.0004,-1.0250000000000536,-1.1500000000000536,-0.41000000000002146
N4_MICRO_BREAKOUT,NEUTRAL,LONG,2026-02-23 06:05:00+00:00,2026-02-23 06:10:00+00:00,2026-02-23 06:10:00+00:00,2026-02-23 06:25:00+00:00,1.18259,1.18219,1.18319,1.18318,TARGET,0.0004,1.474999999999671,1.349999999999671,0.5899999999998684
N3_ANCHOR_REVERSION,NEUTRAL,LONG,2026-02-24 05:05:00+00:00,2026-02-24 05:10:00+00:00,2026-02-24 05:10:00+00:00,2026-02-24 05:55:00+00:00,1.1772,1.1768,1.1778,1.17779,TARGET,0.0004,1.474999999999671,1.349999999999671,0.5899999999998684
N3_ANCHOR_REVERSION,NEUTRAL,SHORT,2026-02-24 06:10:00+00:00,2026-02-24 06:15:00+00:00,2026-02-24 06:15:00+00:00,2026-02-24 07:05:00+00:00,1.17796,1.1783599999999999,1.17736,1.17737,TARGET,0.0004,1.474999999999671,1.349999999999671,0.5899999999998684
N1_ROLLING_SWEEP_FADE,NEUTRAL,LONG,2026-02-24 07:10:00+00:00,2026-02-24 07:15:00+00:00,2026-02-24 07:15:00+00:00,2026-02-24 07:30:00+00:00,1.17755,1.1771500000000001,1.17815,1.17814,TARGET,0.0004,1.474999999999671,1.349999999999671,0.5899999999998684
N3_ANCHOR_REVERSION,NEUTRAL,SHORT,2026-02-25 05:55:00+00:00,2026-02-25 06:00:00+00:00,2026-02-25 06:00:00+00:00,2026-02-25 06:20:00+00:00,1.18008,1.18048,1.17948,1.18049,STOP,0.0004,-1.0250000000000536,-1.1500000000000536,-0.41000000000002146
N3_ANCHOR_REVERSION,NEUTRAL,SHORT,2026-02-25 06:40:00+00:00,2026-02-25 06:45:00+00:00,2026-02-25 06:45:00+00:00,2026-02-25 06:50:00+00:00,1.18018,1.18058,1.17958,1.18059,STOP,0.0004,-1.0250000000000536,-1.1500000000000536,-0.41000000000002146
N4_MICRO_BREAKOUT,NEUTRAL,LONG,2026-02-25 07:00:00+00:00,2026-02-25 07:05:00+00:00,2026-02-25 07:05:00+00:00,2026-02-25 07:15:00+00:00,1.18076,1.18036,1.18136,1.18035,STOP,0.0004,-1.0250000000000536,-1.1500000000000536,-0.41000000000002146
N2_ASIA_RANGE_FADE,NEUTRAL,SHORT,2026-02-25 07:50:00+00:00,2026-02-25 07:55:00+00:00,2026-02-25 07:55:00+00:00,2026-02-25 08:05:00+00:00,1.18013,1.1805299999999999,1.17953,1.17954,TARGET,0.0004,1.474999999999671,1.349999999999671,0.5899999999998684
N3_ANCHOR_REVERSION,NEUTRAL,SHORT,2026-02-26 00:00:00+00:00,2026-02-26 00:05:00+00:00,2026-02-26 00:05:00+00:00,2026-02-26 00:20:00+00:00,1.18136,1.18176,1.18076,1.18177,STOP,0.0004,-1.0250000000000536,-1.1500000000000536,-0.41000000000002146
N1_ROLLING_SWEEP_FADE,NEUTRAL,SHORT,2026-02-26 00:20:00+00:00,2026-02-26 00:25:00+00:00,2026-02-26 00:25:00+00:00,2026-02-26 00:45:00+00:00,1.18153,1.18193,1.18093,1.18194,STOP,0.0004,-1.0250000000000536,-1.1500000000000536,-0.41000000000002146
N1_ROLLING_SWEEP_FADE,NEUTRAL,SHORT,2026-02-26 00:45:00+00:00,2026-02-26 00:50:00+00:00,2026-02-26 00:50:00+00:00,2026-02-26 00:55:00+00:00,1.18145,1.1818499999999998,1.18085,1.18186,STOP,0.0004,-1.0250000000000536,-1.1500000000000536,-0.41000000000002146
N3_ANCHOR_REVERSION,NEUTRAL,SHORT,2026-02-26 01:05:00+00:00,2026-02-26 01:10:00+00:00,2026-02-26 01:10:00+00:00,2026-02-26 01:15:00+00:00,1.18187,1.18227,1.18127,1.18228,STOP,0.0004,-1.0250000000000536,-1.1500000000000536,-0.41000000000002146
N3_ANCHOR_REVERSION,NEUTRAL,SHORT,2026-02-27 00:05:00+00:00,2026-02-27 00:10:00+00:00,2026-02-27 00:10:00+00:00,2026-02-27 00:20:00+00:00,1.18005,1.18045,1.17945,1.18046,STOP,0.0004,-1.0250000000000536,-1.1500000000000536,-0.41000000000002146
N4_MICRO_BREAKOUT,NEUTRAL,LONG,2026-02-27 00:20:00+00:00,2026-02-27 00:25:00+00:00,2026-02-27 00:25:00+00:00,2026-02-27 00:30:00+00:00,1.1805800000000002,1.1801800000000002,1.1811800000000001,1.1801700000000002,STOP,0.0004,-1.0250000000000536,-1.1500000000000536,-0.41000000000002146
N1_ROLLING_SWEEP_FADE,NEUTRAL,LONG,2026-02-27 00:45:00+00:00,2026-02-27 00:50:00+00:00,2026-02-27 00:50:00+00:00,2026-02-27 01:20:00+00:00,1.17998,1.17958,1.18058,1.17957,STOP,0.0004,-1.0250000000000536,-1.1500000000000536,-0.41000000000002146
N4_MICRO_BREAKOUT,NEUTRAL,LONG,2026-02-27 04:20:00+00:00,2026-02-27 04:25:00+00:00,2026-02-27 04:25:00+00:00,2026-02-27 06:30:00+00:00,1.18083,1.18043,1.18143,1.18042,STOP,0.0004,-1.0250000000000536,-1.1500000000000536,-0.41000000000002146
N3_ANCHOR_REVERSION,NEUTRAL,SHORT,2026-03-02 03:30:00+00:00,2026-03-02 03:35:00+00:00,2026-03-02 03:35:00+00:00,2026-03-02 04:20:00+00:00,1.17913,1.17953,1.17853,1.1785400000000001,TARGET,0.0004,1.474999999999671,1.349999999999671,0.5899999999998684
N4_MICRO_BREAKOUT,NEUTRAL,SHORT,2026-03-02 05:00:00+00:00,2026-03-02 05:05:00+00:00,2026-03-02 05:05:00+00:00,2026-03-02 05:20:00+00:00,1.1781199999999998,1.1785199999999998,1.17752,1.17753,TARGET,0.0004,1.474999999999671,1.349999999999671,0.5899999999998684
N4_MICRO_BREAKOUT,NEUTRAL,SHORT,2026-03-02 05:40:00+00:00,2026-03-02 05:45:00+00:00,2026-03-02 05:45:00+00:00,2026-03-02 05:55:00+00:00,1.17732,1.1777199999999999,1.17672,1.17673,TARGET,0.0004,1.474999999999671,1.349999999999671,0.5899999999998684
N4_MICRO_BREAKOUT,NEUTRAL,SHORT,2026-03-02 05:55:00+00:00,2026-03-02 06:00:00+00:00,2026-03-02 06:00:00+00:00,2026-03-02 06:00:00+00:00,1.1765999999999999,1.1769999999999998,1.176,1.17601,TARGET,0.0004,1.474999999999671,1.349999999999671,0.5899999999998684
N3_ANCHOR_REVERSION,NEUTRAL,SHORT,2026-03-11 01:35:00+00:00,2026-03-11 01:40:00+00:00,2026-03-11 01:40:00+00:00,2026-03-11 01:45:00+00:00,1.1621599999999999,1.1625599999999998,1.16156,1.1625699999999999,STOP,0.0004,-1.0250000000000536,-1.1500000000000536,-0.41000000000002146
N1_ROLLING_SWEEP_FADE,NEUTRAL,SHORT,2026-03-11 04:20:00+00:00,2026-03-11 04:25:00+00:00,2026-03-11 04:25:00+00:00,2026-03-11 04:45:00+00:00,1.16312,1.1635199999999999,1.16252,1.16353,STOP,0.0004,-1.0250000000000536,-1.1500000000000536,-0.41000000000002146
N1_ROLLING_SWEEP_FADE,NEUTRAL,SHORT,2026-03-11 04:50:00+00:00,2026-03-11 04:55:00+00:00,2026-03-11 04:55:00+00:00,2026-03-11 05:05:00+00:00,1.16322,1.1636199999999999,1.16262,1.16363,STOP,0.0004,-1.0250000000000536,-1.1500000000000536,-0.41000000000002146
N1_ROLLING_SWEEP_FADE,NEUTRAL,SHORT,2026-03-11 05:05:00+00:00,2026-03-11 05:10:00+00:00,2026-03-11 05:10:00+00:00,2026-03-11 06:10:00+00:00,1.1634,1.1638,1.1628,1.16381,STOP,0.0004,-1.0250000000000536,-1.1500000000000536,-0.41000000000002146
N1_ROLLING_SWEEP_FADE,NEUTRAL,SHORT,2026-03-18 14:05:00+00:00,2026-03-18 14:10:00+00:00,2026-03-18 14:10:00+00:00,2026-03-18 14:10:00+00:00,1.15153,1.15193,1.15093,1.15094,TARGET,0.0004,1.474999999999671,1.349999999999671,0.5899999999998684
N1_ROLLING_SWEEP_FADE,NEUTRAL,SHORT,2026-03-18 17:45:00+00:00,2026-03-18 17:50:00+00:00,2026-03-18 17:50:00+00:00,2026-03-18 17:50:00+00:00,1.1511,1.1515,1.1505,1.15151,STOP,0.0004,-1.0250000000000536,-1.1500000000000536,-0.41000000000002146
N4_MICRO_BREAKOUT,NEUTRAL,SHORT,2026-03-18 18:35:00+00:00,2026-03-18 18:40:00+00:00,2026-03-18 18:40:00+00:00,2026-03-18 18:40:00+00:00,1.1495,1.1499,1.1489,1.14991,STOP,0.0004,-1.0250000000000536,-1.1500000000000536,-0.41000000000002146
N4_MICRO_BREAKOUT,NEUTRAL,SHORT,2026-03-18 18:50:00+00:00,2026-03-18 18:55:00+00:00,2026-03-18 18:55:00+00:00,2026-03-18 18:55:00+00:00,1.14851,1.1489099999999999,1.14791,1.14792,TARGET,0.0004,1.474999999999671,1.349999999999671,0.5899999999998684
N4_MICRO_BREAKOUT,NEUTRAL,LONG,2026-03-19 18:55:00+00:00,2026-03-19 19:00:00+00:00,2026-03-19 19:00:00+00:00,2026-03-19 19:00:00+00:00,1.15845,1.15805,1.15905,1.1590399999999998,TARGET,0.0004,1.474999999999671,1.349999999999671,0.5899999999998684
N3_ANCHOR_REVERSION,NEUTRAL,SHORT,2026-03-19 19:15:00+00:00,2026-03-19 19:20:00+00:00,2026-03-19 19:20:00+00:00,2026-03-19 19:20:00+00:00,1.1600899999999998,1.1604899999999998,1.15949,1.1595,TARGET,0.0004,1.474999999999671,1.349999999999671,0.5899999999998684
N3_ANCHOR_REVERSION,NEUTRAL,SHORT,2026-03-19 19:40:00+00:00,2026-03-19 19:45:00+00:00,2026-03-19 19:45:00+00:00,2026-03-19 19:50:00+00:00,1.15848,1.15888,1.15788,1.15789,TARGET,0.0004,1.474999999999671,1.349999999999671,0.5899999999998684
N3_ANCHOR_REVERSION,NEUTRAL,SHORT,2026-03-19 21:55:00+00:00,2026-03-19 22:00:00+00:00,2026-03-19 22:00:00+00:00,2026-03-19 22:00:00+00:00,1.15808,1.15848,1.15748,1.15849,STOP,0.0004,-1.0250000000000536,-1.1500000000000536,-0.41000000000002146
N4_MICRO_BREAKOUT,NEUTRAL,SHORT,2026-03-20 00:00:00+00:00,2026-03-20 00:05:00+00:00,2026-03-20 00:05:00+00:00,2026-03-20 00:15:00+00:00,1.15739,1.1577899999999999,1.15679,1.1578,STOP,0.0004,-1.0250000000000536,-1.1500000000000536,-0.41000000000002146
N1_ROLLING_SWEEP_FADE,NEUTRAL,SHORT,2026-03-20 00:15:00+00:00,2026-03-20 00:20:00+00:00,2026-03-20 00:20:00+00:00,2026-03-20 01:25:00+00:00,1.1575199999999999,1.1579199999999998,1.15692,1.15693,TARGET,0.0004,1.474999999999671,1.349999999999671,0.5899999999998684
N3_ANCHOR_REVERSION,NEUTRAL,LONG,2026-03-20 02:05:00+00:00,2026-03-20 02:10:00+00:00,2026-03-20 02:10:00+00:00,2026-03-20 02:35:00+00:00,1.15673,1.15633,1.15733,1.15632,STOP,0.0004,-1.0250000000000536,-1.1500000000000536,-0.41000000000002146
N3_ANCHOR_REVERSION,NEUTRAL,LONG,2026-03-20 05:10:00+00:00,2026-03-20 05:15:00+00:00,2026-03-20 05:15:00+00:00,2026-03-20 05:35:00+00:00,1.15596,1.1555600000000001,1.15656,1.15555,STOP,0.0004,-1.0250000000000536,-1.1500000000000536,-0.41000000000002146
N4_MICRO_BREAKOUT,NEUTRAL,LONG,2026-03-23 22:50:00+00:00,2026-03-23 22:55:00+00:00,2026-03-23 22:55:00+00:00,2026-03-23 23:05:00+00:00,1.16168,1.16128,1.16228,1.16127,STOP,0.0004,-1.0250000000000536,-1.1500000000000536,-0.41000000000002146
N1_ROLLING_SWEEP_FADE,NEUTRAL,LONG,2026-03-23 23:40:00+00:00,2026-03-23 23:45:00+00:00,2026-03-23 23:45:00+00:00,2026-03-23 23:45:00+00:00,1.1612,1.1608,1.1618,1.16079,STOP,0.0004,-1.0250000000000536,-1.1500000000000536,-0.41000000000002146
N1_ROLLING_SWEEP_FADE,NEUTRAL,LONG,2026-03-23 23:55:00+00:00,2026-03-24 00:00:00+00:00,2026-03-24 00:00:00+00:00,2026-03-24 00:00:00+00:00,1.16087,1.1604700000000001,1.16147,1.16046,STOP,0.0004,-1.0250000000000536,-1.1500000000000536,-0.41000000000002146
N4_MICRO_BREAKOUT,NEUTRAL,SHORT,2026-03-24 00:00:00+00:00,2026-03-24 00:05:00+00:00,2026-03-24 00:05:00+00:00,2026-03-24 00:10:00+00:00,1.16008,1.16048,1.15948,1.1594900000000001,TARGET,0.0004,1.474999999999671,1.349999999999671,0.5899999999998684
N4_MICRO_BREAKOUT,NEUTRAL,SHORT,2026-03-24 00:10:00+00:00,2026-03-24 00:15:00+00:00,2026-03-24 00:15:00+00:00,2026-03-24 00:25:00+00:00,1.15936,1.15976,1.15876,1.15977,STOP,0.0004,-1.0250000000000536,-1.1500000000000536,-0.41000000000002146
N3_ANCHOR_REVERSION,NEUTRAL,LONG,2026-03-24 00:30:00+00:00,2026-03-24 00:35:00+00:00,2026-03-24 00:35:00+00:00,2026-03-24 00:35:00+00:00,1.15962,1.1592200000000001,1.16022,1.15921,STOP,0.0004,-1.0250000000000536,-1.1500000000000536,-0.41000000000002146
N3_ANCHOR_REVERSION,NEUTRAL,SHORT,2026-03-25 00:55:00+00:00,2026-03-25 01:00:00+00:00,2026-03-25 01:00:00+00:00,2026-03-25 01:45:00+00:00,1.1622999999999999,1.1626999999999998,1.1617,1.16171,TARGET,0.0004,1.474999999999671,1.349999999999671,0.5899999999998684
N4_MICRO_BREAKOUT,NEUTRAL,SHORT,2026-03-25 05:00:00+00:00,2026-03-25 05:05:00+00:00,2026-03-25 05:05:00+00:00,2026-03-25 05:35:00+00:00,1.15947,1.15987,1.15887,1.15988,STOP,0.0004,-1.0250000000000536,-1.1500000000000536,-0.41000000000002146
N4_MICRO_BREAKOUT,NEUTRAL,SHORT,2026-03-25 05:45:00+00:00,2026-03-25 05:50:00+00:00,2026-03-25 05:50:00+00:00,2026-03-25 06:40:00+00:00,1.15917,1.15957,1.15857,1.15958,STOP,0.0004,-1.0250000000000536,-1.1500000000000536,-0.41000000000002146
N1_ROLLING_SWEEP_FADE,NEUTRAL,SHORT,2026-03-25 06:50:00+00:00,2026-03-25 06:55:00+00:00,2026-03-25 06:55:00+00:00,2026-03-25 07:00:00+00:00,1.15951,1.15991,1.15891,1.15992,STOP,0.0004,-1.0250000000000536,-1.1500000000000536,-0.41000000000002146
N4_MICRO_BREAKOUT,NEUTRAL,SHORT,2026-03-26 02:35:00+00:00,2026-03-26 02:40:00+00:00,2026-03-26 02:40:00+00:00,2026-03-26 02:40:00+00:00,1.15556,1.1559599999999999,1.15496,1.15597,STOP,0.0004,-1.0250000000000536,-1.1500000000000536,-0.41000000000002146
N4_MICRO_BREAKOUT,NEUTRAL,LONG,2026-03-26 03:30:00+00:00,2026-03-26 03:35:00+00:00,2026-03-26 03:35:00+00:00,2026-03-26 05:20:00+00:00,1.1569900000000002,1.1565900000000002,1.1575900000000001,1.1565800000000002,STOP,0.0004,-1.0250000000000536,-1.1500000000000536,-0.41000000000002146
N1_ROLLING_SWEEP_FADE,NEUTRAL,SHORT,2026-03-30 17:45:00+00:00,2026-03-30 17:50:00+00:00,2026-03-30 17:50:00+00:00,2026-03-30 18:00:00+00:00,1.14595,1.14635,1.14535,1.14636,STOP,0.0004,-1.0250000000000536,-1.1500000000000536,-0.41000000000002146
N4_MICRO_BREAKOUT,NEUTRAL,SHORT,2026-03-30 23:00:00+00:00,2026-03-30 23:05:00+00:00,2026-03-30 23:05:00+00:00,2026-03-31 00:00:00+00:00,1.14539,1.1457899999999999,1.14479,1.1458,STOP,0.0004,-1.0250000000000536,-1.1500000000000536,-0.41000000000002146
N1_ROLLING_SWEEP_FADE,NEUTRAL,SHORT,2026-03-31 00:00:00+00:00,2026-03-31 00:05:00+00:00,2026-03-31 00:05:00+00:00,2026-03-31 00:20:00+00:00,1.14554,1.14594,1.14494,1.1449500000000001,TARGET,0.0004,1.474999999999671,1.349999999999671,0.5899999999998684
N1_ROLLING_SWEEP_FADE,NEUTRAL,LONG,2026-03-31 00:20:00+00:00,2026-03-31 00:25:00+00:00,2026-03-31 00:25:00+00:00,2026-03-31 00:35:00+00:00,1.1451200000000001,1.1447200000000002,1.14572,1.14571,TARGET,0.0004,1.474999999999671,1.349999999999671,0.5899999999998684
N1_ROLLING_SWEEP_FADE,NEUTRAL,SHORT,2026-03-31 00:50:00+00:00,2026-03-31 00:55:00+00:00,2026-03-31 00:55:00+00:00,2026-03-31 00:55:00+00:00,1.14715,1.1475499999999998,1.14655,1.14756,STOP,0.0004,-1.0250000000000536,-1.1500000000000536,-0.41000000000002146
N4_MICRO_BREAKOUT,NEUTRAL,LONG,2026-03-31 01:10:00+00:00,2026-03-31 01:15:00+00:00,2026-03-31 01:15:00+00:00,2026-03-31 01:20:00+00:00,1.14781,1.14741,1.14841,1.1483999999999999,TARGET,0.0004,1.474999999999671,1.349999999999671,0.5899999999998684
N3_ANCHOR_REVERSION,NEUTRAL,SHORT,2026-04-01 00:05:00+00:00,2026-04-01 00:10:00+00:00,2026-04-01 00:10:00+00:00,2026-04-01 00:15:00+00:00,1.15725,1.1576499999999998,1.15665,1.15766,STOP,0.0004,-1.0250000000000536,-1.1500000000000536,-0.41000000000002146
N3_ANCHOR_REVERSION,NEUTRAL,SHORT,2026-04-01 00:40:00+00:00,2026-04-01 00:45:00+00:00,2026-04-01 00:45:00+00:00,2026-04-01 01:00:00+00:00,1.1576199999999999,1.1580199999999998,1.15702,1.15703,TARGET,0.0004,1.474999999999671,1.349999999999671,0.5899999999998684
N1_ROLLING_SWEEP_FADE,NEUTRAL,LONG,2026-04-01 01:05:00+00:00,2026-04-01 01:10:00+00:00,2026-04-01 01:10:00+00:00,2026-04-01 01:20:00+00:00,1.15635,1.15595,1.15695,1.15594,STOP,0.0004,-1.0250000000000536,-1.1500000000000536,-0.41000000000002146
N1_ROLLING_SWEEP_FADE,NEUTRAL,SHORT,2026-04-01 05:00:00+00:00,2026-04-01 05:05:00+00:00,2026-04-01 05:05:00+00:00,2026-04-01 05:20:00+00:00,1.15648,1.15688,1.15588,1.15689,STOP,0.0004,-1.0250000000000536,-1.1500000000000536,-0.41000000000002146
N1_ROLLING_SWEEP_FADE,NEUTRAL,SHORT,2026-04-02 07:00:00+00:00,2026-04-02 07:05:00+00:00,2026-04-02 07:05:00+00:00,2026-04-02 07:05:00+00:00,1.15333,1.15373,1.15273,1.15274,TARGET,0.0004,1.474999999999671,1.349999999999671,0.5899999999998684
N1_ROLLING_SWEEP_FADE,NEUTRAL,SHORT,2026-04-02 07:25:00+00:00,2026-04-02 07:30:00+00:00,2026-04-02 07:30:00+00:00,2026-04-02 07:30:00+00:00,1.15289,1.15329,1.15229,1.1523,TARGET,0.0004,1.474999999999671,1.349999999999671,0.5899999999998684
N4_MICRO_BREAKOUT,NEUTRAL,SHORT,2026-04-02 07:30:00+00:00,2026-04-02 07:35:00+00:00,2026-04-02 07:35:00+00:00,2026-04-02 07:40:00+00:00,1.1521,1.1524999999999999,1.1515,1.15251,STOP,0.0004,-1.0250000000000536,-1.1500000000000536,-0.41000000000002146
N1_ROLLING_SWEEP_FADE,NEUTRAL,LONG,2026-04-02 07:40:00+00:00,2026-04-02 07:45:00+00:00,2026-04-02 07:45:00+00:00,2026-04-02 07:45:00+00:00,1.15245,1.15205,1.15305,1.1530399999999998,TARGET,0.0004,1.474999999999671,1.349999999999671,0.5899999999998684
N4_MICRO_BREAKOUT,NEUTRAL,LONG,2026-04-06 02:15:00+00:00,2026-04-06 02:20:00+00:00,2026-04-06 02:20:00+00:00,2026-04-06 02:35:00+00:00,1.15253,1.15213,1.15313,1.15212,STOP,0.0004,-1.0250000000000536,-1.1500000000000536,-0.41000000000002146
N1_ROLLING_SWEEP_FADE,NEUTRAL,SHORT,2026-04-06 09:50:00+00:00,2026-04-06 09:55:00+00:00,2026-04-06 09:55:00+00:00,2026-04-06 10:45:00+00:00,1.1551099999999999,1.1555099999999998,1.15451,1.15452,TARGET,0.0004,1.474999999999671,1.349999999999671,0.5899999999998684
N1_ROLLING_SWEEP_FADE,NEUTRAL,LONG,2026-04-06 10:45:00+00:00,2026-04-06 10:50:00+00:00,2026-04-06 10:50:00+00:00,2026-04-06 11:10:00+00:00,1.1550500000000001,1.1546500000000002,1.15565,1.15464,STOP,0.0004,-1.0250000000000536,-1.1500000000000536,-0.41000000000002146
N4_MICRO_BREAKOUT,NEUTRAL,LONG,2026-04-06 12:50:00+00:00,2026-04-06 12:55:00+00:00,2026-04-06 12:55:00+00:00,2026-04-06 13:05:00+00:00,1.15551,1.15511,1.15611,1.1551,STOP,0.0004,-1.0250000000000536,-1.1500000000000536,-0.41000000000002146
N3_ANCHOR_REVERSION,NEUTRAL,LONG,2026-04-07 01:55:00+00:00,2026-04-07 02:00:00+00:00,2026-04-07 02:00:00+00:00,2026-04-07 02:05:00+00:00,1.1530900000000002,1.1526900000000002,1.15369,1.1526800000000001,STOP,0.0004,-1.0250000000000536,-1.1500000000000536,-0.41000000000002146
N1_ROLLING_SWEEP_FADE,NEUTRAL,SHORT,2026-04-07 04:00:00+00:00,2026-04-07 04:05:00+00:00,2026-04-07 04:05:00+00:00,2026-04-07 04:45:00+00:00,1.15342,1.1538199999999998,1.15282,1.15383,STOP,0.0004,-1.0250000000000536,-1.1500000000000536,-0.41000000000002146
N3_ANCHOR_REVERSION,NEUTRAL,SHORT,2026-04-07 05:05:00+00:00,2026-04-07 05:10:00+00:00,2026-04-07 05:10:00+00:00,2026-04-07 05:40:00+00:00,1.15373,1.1541299999999999,1.15313,1.15314,TARGET,0.0004,1.474999999999671,1.349999999999671,0.5899999999998684
N1_ROLLING_SWEEP_FADE,NEUTRAL,LONG,2026-04-07 10:25:00+00:00,2026-04-07 10:30:00+00:00,2026-04-07 10:30:00+00:00,2026-04-07 10:40:00+00:00,1.1555900000000001,1.1551900000000002,1.15619,1.15518,STOP,0.0004,-1.0250000000000536,-1.1500000000000536,-0.41000000000002146
N4_MICRO_BREAKOUT,NEUTRAL,LONG,2026-04-10 18:25:00+00:00,2026-04-10 18:30:00+00:00,2026-04-10 18:30:00+00:00,2026-04-10 20:55:00+00:00,1.17297,1.1725700000000001,1.17357,1.17256,STOP,0.0004,-1.0250000000000536,-1.1500000000000536,-0.41000000000002146
N3_ANCHOR_REVERSION,NEUTRAL,LONG,2026-04-12 22:05:00+00:00,2026-04-12 22:10:00+00:00,2026-04-12 22:10:00+00:00,2026-04-12 22:10:00+00:00,1.16784,1.16744,1.16844,1.16743,STOP,0.0004,-1.0250000000000536,-1.1500000000000536,-0.41000000000002146
N4_MICRO_BREAKOUT,NEUTRAL,SHORT,2026-04-12 22:20:00+00:00,2026-04-12 22:25:00+00:00,2026-04-12 22:25:00+00:00,2026-04-12 22:40:00+00:00,1.16676,1.16716,1.16616,1.16717,STOP,0.0004,-1.0250000000000536,-1.1500000000000536,-0.41000000000002146
N3_ANCHOR_REVERSION,NEUTRAL,LONG,2026-04-12 23:45:00+00:00,2026-04-12 23:50:00+00:00,2026-04-12 23:50:00+00:00,2026-04-13 00:20:00+00:00,1.16745,1.1670500000000001,1.16805,1.16804,TARGET,0.0004,1.474999999999671,1.349999999999671,0.5899999999998684
N3_ANCHOR_REVERSION,NEUTRAL,LONG,2026-04-13 05:10:00+00:00,2026-04-13 05:15:00+00:00,2026-04-13 05:15:00+00:00,2026-04-13 06:05:00+00:00,1.16852,1.16812,1.16912,1.1691099999999999,TARGET,0.0004,1.474999999999671,1.349999999999671,0.5899999999998684
N2_ASIA_RANGE_FADE,NEUTRAL,SHORT,2026-04-13 06:10:00+00:00,2026-04-13 06:15:00+00:00,2026-04-13 06:15:00+00:00,2026-04-13 06:40:00+00:00,1.1688999999999998,1.1692999999999998,1.1683,1.16831,TARGET,0.0004,1.474999999999671,1.349999999999671,0.5899999999998684
N4_MICRO_BREAKOUT,NEUTRAL,SHORT,2026-04-13 06:40:00+00:00,2026-04-13 06:45:00+00:00,2026-04-13 06:45:00+00:00,2026-04-13 06:50:00+00:00,1.1679,1.1683,1.1673,1.16831,STOP,0.0004,-1.0250000000000536,-1.1500000000000536,-0.41000000000002146
N3_ANCHOR_REVERSION,NEUTRAL,LONG,2026-04-13 06:50:00+00:00,2026-04-13 06:55:00+00:00,2026-04-13 06:55:00+00:00,2026-04-13 07:00:00+00:00,1.1682700000000001,1.1678700000000002,1.16887,1.16886,TARGET,0.0004,1.474999999999671,1.349999999999671,0.5899999999998684
N4_MICRO_BREAKOUT,NEUTRAL,LONG,2026-04-13 23:55:00+00:00,2026-04-14 00:00:00+00:00,2026-04-14 00:00:00+00:00,2026-04-14 00:00:00+00:00,1.1767400000000001,1.1763400000000002,1.17734,1.17633,STOP,0.0004,-1.0250000000000536,-1.1500000000000536,-0.41000000000002146
N1_ROLLING_SWEEP_FADE,NEUTRAL,SHORT,2026-04-14 00:00:00+00:00,2026-04-14 00:05:00+00:00,2026-04-14 00:05:00+00:00,2026-04-14 00:15:00+00:00,1.17627,1.1766699999999999,1.17567,1.17668,STOP,0.0004,-1.0250000000000536,-1.1500000000000536,-0.41000000000002146
N1_ROLLING_SWEEP_FADE,NEUTRAL,SHORT,2026-04-14 00:20:00+00:00,2026-04-14 00:25:00+00:00,2026-04-14 00:25:00+00:00,2026-04-14 01:55:00+00:00,1.17662,1.17702,1.17602,1.1760300000000001,TARGET,0.0004,1.474999999999671,1.349999999999671,0.5899999999998684
N1_ROLLING_SWEEP_FADE,NEUTRAL,LONG,2026-04-14 02:00:00+00:00,2026-04-14 02:05:00+00:00,2026-04-14 02:05:00+00:00,2026-04-14 02:20:00+00:00,1.1762000000000001,1.1758000000000002,1.1768,1.1757900000000001,STOP,0.0004,-1.0250000000000536,-1.1500000000000536,-0.41000000000002146
N1_ROLLING_SWEEP_FADE,NEUTRAL,SHORT,2026-04-16 18:05:00+00:00,2026-04-16 18:10:00+00:00,2026-04-16 18:10:00+00:00,2026-04-16 18:30:00+00:00,1.1776,1.178,1.177,1.17801,STOP,0.0004,-1.0250000000000536,-1.1500000000000536,-0.41000000000002146
N3_ANCHOR_REVERSION,NEUTRAL,LONG,2026-04-17 17:25:00+00:00,2026-04-17 17:30:00+00:00,2026-04-17 17:30:00+00:00,2026-04-17 18:25:00+00:00,1.1790100000000001,1.1786100000000002,1.17961,1.1796,TARGET,0.0004,1.474999999999671,1.349999999999671,0.5899999999998684
N1_ROLLING_SWEEP_FADE,NEUTRAL,SHORT,2026-04-17 18:25:00+00:00,2026-04-17 18:30:00+00:00,2026-04-17 18:30:00+00:00,2026-04-17 18:40:00+00:00,1.17913,1.17953,1.17853,1.1785400000000001,TARGET,0.0004,1.474999999999671,1.349999999999671,0.5899999999998684
N4_MICRO_BREAKOUT,NEUTRAL,SHORT,2026-04-17 18:45:00+00:00,2026-04-17 18:50:00+00:00,2026-04-17 18:50:00+00:00,2026-04-17 18:50:00+00:00,1.1781899999999998,1.1785899999999998,1.17759,1.1776,TARGET,0.0004,1.474999999999671,1.349999999999671,0.5899999999998684
N4_MICRO_BREAKOUT,NEUTRAL,SHORT,2026-04-21 17:05:00+00:00,2026-04-21 17:10:00+00:00,2026-04-21 17:10:00+00:00,2026-04-21 17:10:00+00:00,1.17337,1.17377,1.17277,1.1727800000000002,TARGET,0.0004,1.474999999999671,1.349999999999671,0.5899999999998684
N1_ROLLING_SWEEP_FADE,NEUTRAL,LONG,2026-04-21 17:20:00+00:00,2026-04-21 17:25:00+00:00,2026-04-21 17:25:00+00:00,2026-04-21 17:25:00+00:00,1.17263,1.17223,1.17323,1.17322,TARGET,0.0004,1.474999999999671,1.349999999999671,0.5899999999998684
N3_ANCHOR_REVERSION,NEUTRAL,LONG,2026-04-21 17:30:00+00:00,2026-04-21 17:35:00+00:00,2026-04-21 17:35:00+00:00,2026-04-21 17:35:00+00:00,1.17357,1.17317,1.17417,1.1741599999999999,TARGET,0.0004,1.474999999999671,1.349999999999671,0.5899999999998684
N3_ANCHOR_REVERSION,NEUTRAL,LONG,2026-04-21 19:45:00+00:00,2026-04-21 19:50:00+00:00,2026-04-21 19:50:00+00:00,2026-04-21 19:50:00+00:00,1.17299,1.17259,1.17359,1.17258,STOP,0.0004,-1.0250000000000536,-1.1500000000000536,-0.41000000000002146
N1_ROLLING_SWEEP_FADE,NEUTRAL,LONG,2026-04-22 03:00:00+00:00,2026-04-22 03:05:00+00:00,2026-04-22 03:05:00+00:00,2026-04-22 03:45:00+00:00,1.17425,1.17385,1.17485,1.17384,STOP,0.0004,-1.0250000000000536,-1.1500000000000536,-0.41000000000002146
N4_MICRO_BREAKOUT,NEUTRAL,LONG,2026-04-22 05:15:00+00:00,2026-04-22 05:20:00+00:00,2026-04-22 05:20:00+00:00,2026-04-22 05:20:00+00:00,1.1756600000000001,1.1752600000000002,1.17626,1.17625,TARGET,0.0004,1.474999999999671,1.349999999999671,0.5899999999998684
N1_ROLLING_SWEEP_FADE,NEUTRAL,SHORT,2026-04-22 05:20:00+00:00,2026-04-22 05:25:00+00:00,2026-04-22 05:25:00+00:00,2026-04-22 05:25:00+00:00,1.17544,1.17584,1.17484,1.17585,STOP,0.0004,-1.0250000000000536,-1.1500000000000536,-0.41000000000002146
N3_ANCHOR_REVERSION,NEUTRAL,SHORT,2026-04-22 05:30:00+00:00,2026-04-22 05:35:00+00:00,2026-04-22 05:35:00+00:00,2026-04-22 05:35:00+00:00,1.17518,1.1755799999999998,1.17458,1.17559,STOP,0.0004,-1.0250000000000536,-1.1500000000000536,-0.41000000000002146
N1_ROLLING_SWEEP_FADE,NEUTRAL,SHORT,2026-04-27 10:55:00+00:00,2026-04-27 11:00:00+00:00,2026-04-27 11:00:00+00:00,2026-04-27 11:40:00+00:00,1.17459,1.17499,1.17399,1.1740000000000002,TARGET,0.0004,1.474999999999671,1.349999999999671,0.5899999999998684
N1_ROLLING_SWEEP_FADE,NEUTRAL,LONG,2026-04-27 11:40:00+00:00,2026-04-27 11:45:00+00:00,2026-04-27 11:45:00+00:00,2026-04-27 12:05:00+00:00,1.17411,1.17371,1.17471,1.1746999999999999,TARGET,0.0004,1.474999999999671,1.349999999999671,0.5899999999998684
N4_MICRO_BREAKOUT,NEUTRAL,LONG,2026-04-27 12:05:00+00:00,2026-04-27 12:10:00+00:00,2026-04-27 12:10:00+00:00,2026-04-27 12:35:00+00:00,1.17501,1.1746100000000002,1.17561,1.1746,STOP,0.0004,-1.0250000000000536,-1.1500000000000536,-0.41000000000002146
N3_ANCHOR_REVERSION,NEUTRAL,LONG,2026-04-27 18:35:00+00:00,2026-04-27 18:40:00+00:00,2026-04-27 18:40:00+00:00,2026-04-27 18:55:00+00:00,1.1723100000000002,1.1719100000000002,1.1729100000000001,1.1719000000000002,STOP,0.0004,-1.0250000000000536,-1.1500000000000536,-0.41000000000002146
N1_ROLLING_SWEEP_FADE,NEUTRAL,SHORT,2026-04-28 00:10:00+00:00,2026-04-28 00:15:00+00:00,2026-04-28 00:15:00+00:00,2026-04-28 01:00:00+00:00,1.17234,1.17274,1.17174,1.17175,TARGET,0.0004,1.474999999999671,1.349999999999671,0.5899999999998684
N1_ROLLING_SWEEP_FADE,NEUTRAL,LONG,2026-04-28 01:15:00+00:00,2026-04-28 01:20:00+00:00,2026-04-28 01:20:00+00:00,2026-04-28 02:00:00+00:00,1.1715900000000001,1.1711900000000002,1.17219,1.17118,STOP,0.0004,-1.0250000000000536,-1.1500000000000536,-0.41000000000002146
N3_ANCHOR_REVERSION,NEUTRAL,LONG,2026-04-28 03:00:00+00:00,2026-04-28 03:05:00+00:00,2026-04-28 03:05:00+00:00,2026-04-28 03:30:00+00:00,1.17118,1.1707800000000002,1.17178,1.17177,TARGET,0.0004,1.474999999999671,1.349999999999671,0.5899999999998684
N4_MICRO_BREAKOUT,NEUTRAL,SHORT,2026-04-28 05:35:00+00:00,2026-04-28 05:40:00+00:00,2026-04-28 05:40:00+00:00,2026-04-28 06:00:00+00:00,1.17082,1.17122,1.17022,1.17023,TARGET,0.0004,1.474999999999671,1.349999999999671,0.5899999999998684
N1_ROLLING_SWEEP_FADE,NEUTRAL,SHORT,2026-04-30 17:30:00+00:00,2026-04-30 17:35:00+00:00,2026-04-30 17:35:00+00:00,2026-04-30 18:20:00+00:00,1.1727299999999998,1.1731299999999998,1.17213,1.1731399999999998,STOP,0.0004,-1.0250000000000536,-1.1500000000000536,-0.41000000000002146
N1_ROLLING_SWEEP_FADE,NEUTRAL,SHORT,2026-04-30 18:55:00+00:00,2026-04-30 19:00:00+00:00,2026-04-30 19:00:00+00:00,2026-04-30 19:00:00+00:00,1.17361,1.17401,1.17301,1.17402,STOP,0.0004,-1.0250000000000536,-1.1500000000000536,-0.41000000000002146
N1_ROLLING_SWEEP_FADE,NEUTRAL,SHORT,2026-04-30 19:10:00+00:00,2026-04-30 19:15:00+00:00,2026-04-30 19:15:00+00:00,2026-04-30 19:20:00+00:00,1.1739199999999999,1.1743199999999998,1.17332,1.17333,TARGET,0.0004,1.474999999999671,1.349999999999671,0.5899999999998684
N1_ROLLING_SWEEP_FADE,NEUTRAL,SHORT,2026-04-30 21:50:00+00:00,2026-04-30 21:55:00+00:00,2026-04-30 21:55:00+00:00,2026-04-30 21:55:00+00:00,1.1732799999999999,1.1736799999999998,1.17268,1.17369,STOP,0.0004,-1.0250000000000536,-1.1500000000000536,-0.41000000000002146
N4_MICRO_BREAKOUT,NEUTRAL,SHORT,2026-04-30 23:55:00+00:00,2026-05-01 00:00:00+00:00,2026-05-01 00:00:00+00:00,2026-05-01 01:30:00+00:00,1.17286,1.17326,1.17226,1.17327,STOP,0.0004,-1.0250000000000536,-1.1500000000000536,-0.41000000000002146
N4_MICRO_BREAKOUT,NEUTRAL,SHORT,2026-05-01 04:25:00+00:00,2026-05-01 04:30:00+00:00,2026-05-01 04:30:00+00:00,2026-05-01 06:20:00+00:00,1.1726299999999998,1.1730299999999998,1.17203,1.17204,TARGET,0.0004,1.474999999999671,1.349999999999671,0.5899999999998684
N3_ANCHOR_REVERSION,NEUTRAL,SHORT,2026-05-01 13:15:00+00:00,2026-05-01 13:20:00+00:00,2026-05-01 13:20:00+00:00,2026-05-01 13:45:00+00:00,1.17571,1.17611,1.17511,1.1751200000000002,TARGET,0.0004,1.474999999999671,1.349999999999671,0.5899999999998684
N4_MICRO_BREAKOUT,NEUTRAL,SHORT,2026-05-01 18:00:00+00:00,2026-05-01 18:05:00+00:00,2026-05-01 18:05:00+00:00,2026-05-01 18:55:00+00:00,1.17247,1.1728699999999999,1.17187,1.17288,STOP,0.0004,-1.0250000000000536,-1.1500000000000536,-0.41000000000002146
N1_ROLLING_SWEEP_FADE,NEUTRAL,LONG,2026-05-04 00:00:00+00:00,2026-05-04 00:05:00+00:00,2026-05-04 00:05:00+00:00,2026-05-04 00:20:00+00:00,1.17273,1.17233,1.17333,1.17232,STOP,0.0004,-1.0250000000000536,-1.1500000000000536,-0.41000000000002146
N1_ROLLING_SWEEP_FADE,NEUTRAL,LONG,2026-05-04 00:25:00+00:00,2026-05-04 00:30:00+00:00,2026-05-04 00:30:00+00:00,2026-05-04 01:05:00+00:00,1.17242,1.17202,1.17302,1.17201,STOP,0.0004,-1.0250000000000536,-1.1500000000000536,-0.41000000000002146
N3_ANCHOR_REVERSION,NEUTRAL,LONG,2026-05-04 01:10:00+00:00,2026-05-04 01:15:00+00:00,2026-05-04 01:15:00+00:00,2026-05-04 01:15:00+00:00,1.17233,1.1719300000000001,1.17293,1.17292,TARGET,0.0004,1.474999999999671,1.349999999999671,0.5899999999998684
N1_ROLLING_SWEEP_FADE,NEUTRAL,SHORT,2026-05-04 01:15:00+00:00,2026-05-04 01:20:00+00:00,2026-05-04 01:20:00+00:00,2026-05-04 02:10:00+00:00,1.17234,1.17274,1.17174,1.17275,STOP,0.0004,-1.0250000000000536,-1.1500000000000536,-0.41000000000002146
N1_ROLLING_SWEEP_FADE,NEUTRAL,SHORT,2026-05-06 07:05:00+00:00,2026-05-06 07:10:00+00:00,2026-05-06 07:10:00+00:00,2026-05-06 07:55:00+00:00,1.17305,1.1734499999999999,1.17245,1.17346,STOP,0.0004,-1.0250000000000536,-1.1500000000000536,-0.41000000000002146
N3_ANCHOR_REVERSION,NEUTRAL,LONG,2026-05-12 04:30:00+00:00,2026-05-12 04:35:00+00:00,2026-05-12 04:35:00+00:00,2026-05-12 05:10:00+00:00,1.17591,1.17551,1.17651,1.1755,STOP,0.0004,-1.0250000000000536,-1.1500000000000536,-0.41000000000002146
N1_ROLLING_SWEEP_FADE,NEUTRAL,LONG,2026-05-12 05:15:00+00:00,2026-05-12 05:20:00+00:00,2026-05-12 05:20:00+00:00,2026-05-12 05:55:00+00:00,1.1754600000000002,1.1750600000000002,1.17606,1.17605,TARGET,0.0004,1.474999999999671,1.349999999999671,0.5899999999998684
N1_ROLLING_SWEEP_FADE,NEUTRAL,LONG,2026-05-12 11:05:00+00:00,2026-05-12 11:10:00+00:00,2026-05-12 11:10:00+00:00,2026-05-12 11:45:00+00:00,1.1741700000000002,1.1737700000000002,1.17477,1.17476,TARGET,0.0004,1.474999999999671,1.349999999999671,0.5899999999998684
N1_ROLLING_SWEEP_FADE,NEUTRAL,LONG,2026-05-12 12:10:00+00:00,2026-05-12 12:15:00+00:00,2026-05-12 12:15:00+00:00,2026-05-12 12:30:00+00:00,1.17425,1.17385,1.17485,1.17384,STOP,0.0004,-1.0250000000000536,-1.1500000000000536,-0.41000000000002146
N1_ROLLING_SWEEP_FADE,NEUTRAL,SHORT,2026-05-25 04:55:00+00:00,2026-05-25 05:00:00+00:00,2026-05-25 05:00:00+00:00,2026-05-25 05:10:00+00:00,1.16417,1.1645699999999999,1.16357,1.16458,STOP,0.0004,-1.0250000000000536,-1.1500000000000536,-0.41000000000002146
N1_ROLLING_SWEEP_FADE,NEUTRAL,LONG,2026-05-25 06:20:00+00:00,2026-05-25 06:25:00+00:00,2026-05-25 06:25:00+00:00,2026-05-25 07:05:00+00:00,1.16408,1.16368,1.16468,1.16367,STOP,0.0004,-1.0250000000000536,-1.1500000000000536,-0.41000000000002146
N4_MICRO_BREAKOUT,NEUTRAL,SHORT,2026-05-25 07:15:00+00:00,2026-05-25 07:20:00+00:00,2026-05-25 07:20:00+00:00,2026-05-25 07:25:00+00:00,1.16306,1.16346,1.16246,1.16347,STOP,0.0004,-1.0250000000000536,-1.1500000000000536,-0.41000000000002146
N2_ASIA_RANGE_FADE,NEUTRAL,LONG,2026-05-25 07:55:00+00:00,2026-05-25 08:00:00+00:00,2026-05-25 08:00:00+00:00,2026-05-25 08:00:00+00:00,1.16382,1.1634200000000001,1.16442,1.16341,STOP,0.0004,-1.0250000000000536,-1.1500000000000536,-0.41000000000002146
N1_ROLLING_SWEEP_FADE,NEUTRAL,LONG,2026-05-26 21:10:00+00:00,2026-05-26 21:15:00+00:00,2026-05-26 21:15:00+00:00,2026-05-26 21:15:00+00:00,1.16333,1.16293,1.16393,1.16279,STOP,0.0004,-1.3499999999999623,-1.4749999999999623,-0.5399999999999849
N4_MICRO_BREAKOUT,NEUTRAL,LONG,2026-05-26 22:00:00+00:00,2026-05-26 22:05:00+00:00,2026-05-26 22:05:00+00:00,2026-05-26 23:45:00+00:00,1.16335,1.1629500000000002,1.16395,1.16394,TARGET,0.0004,1.474999999999671,1.349999999999671,0.5899999999998684
N1_ROLLING_SWEEP_FADE,NEUTRAL,SHORT,2026-05-26 23:45:00+00:00,2026-05-26 23:50:00+00:00,2026-05-26 23:50:00+00:00,2026-05-27 03:00:00+00:00,1.16381,1.16421,1.16321,1.16422,STOP,0.0004,-1.0250000000000536,-1.1500000000000536,-0.41000000000002146
N4_MICRO_BREAKOUT,NEUTRAL,SHORT,2026-05-27 17:05:00+00:00,2026-05-27 17:10:00+00:00,2026-05-27 17:10:00+00:00,2026-05-27 17:50:00+00:00,1.16241,1.16281,1.16181,1.16282,STOP,0.0004,-1.0250000000000536,-1.1500000000000536,-0.41000000000002146
N3_ANCHOR_REVERSION,NEUTRAL,LONG,2026-05-27 18:25:00+00:00,2026-05-27 18:30:00+00:00,2026-05-27 18:30:00+00:00,2026-05-27 19:05:00+00:00,1.1625400000000001,1.1621400000000002,1.16314,1.16313,TARGET,0.0004,1.474999999999671,1.349999999999671,0.5899999999998684
N1_ROLLING_SWEEP_FADE,NEUTRAL,LONG,2026-05-27 19:55:00+00:00,2026-05-27 20:00:00+00:00,2026-05-27 20:00:00+00:00,2026-05-27 20:55:00+00:00,1.16294,1.1625400000000001,1.16354,1.16253,STOP,0.0004,-1.0250000000000536,-1.1500000000000536,-0.41000000000002146
N4_MICRO_BREAKOUT,NEUTRAL,SHORT,2026-05-27 20:55:00+00:00,2026-05-27 21:00:00+00:00,2026-05-27 21:00:00+00:00,2026-05-27 21:00:00+00:00,1.16231,1.16271,1.16171,1.1628100000000001,STOP,0.0004,-1.2500000000004174,-1.3750000000004174,-0.500000000000167
N3_ANCHOR_REVERSION,NEUTRAL,LONG,2026-05-28 00:00:00+00:00,2026-05-28 00:05:00+00:00,2026-05-28 00:05:00+00:00,2026-05-28 01:40:00+00:00,1.16198,1.16158,1.16258,1.16157,STOP,0.0004,-1.0250000000000536,-1.1500000000000536,-0.41000000000002146
N4_MICRO_BREAKOUT,NEUTRAL,SHORT,2026-05-28 01:55:00+00:00,2026-05-28 02:00:00+00:00,2026-05-28 02:00:00+00:00,2026-05-28 02:15:00+00:00,1.1609699999999998,1.1613699999999998,1.16037,1.1613799999999999,STOP,0.0004,-1.0250000000000536,-1.1500000000000536,-0.41000000000002146
N4_MICRO_BREAKOUT,NEUTRAL,SHORT,2026-05-28 03:10:00+00:00,2026-05-28 03:15:00+00:00,2026-05-28 03:15:00+00:00,2026-05-28 03:30:00+00:00,1.16054,1.1609399999999999,1.15994,1.15995,TARGET,0.0004,1.474999999999671,1.349999999999671,0.5899999999998684
N4_MICRO_BREAKOUT,NEUTRAL,SHORT,2026-05-28 03:30:00+00:00,2026-05-28 03:35:00+00:00,2026-05-28 03:35:00+00:00,2026-05-28 03:55:00+00:00,1.15963,1.16003,1.15903,1.15904,TARGET,0.0004,1.474999999999671,1.349999999999671,0.5899999999998684
N4_MICRO_BREAKOUT,NEUTRAL,LONG,2026-05-29 00:00:00+00:00,2026-05-29 00:05:00+00:00,2026-05-29 00:05:00+00:00,2026-05-29 00:30:00+00:00,1.16547,1.16507,1.16607,1.16506,STOP,0.0004,-1.0250000000000536,-1.1500000000000536,-0.41000000000002146
N1_ROLLING_SWEEP_FADE,NEUTRAL,SHORT,2026-05-29 01:20:00+00:00,2026-05-29 01:25:00+00:00,2026-05-29 01:25:00+00:00,2026-05-29 01:45:00+00:00,1.1655099999999998,1.1659099999999998,1.16491,1.16492,TARGET,0.0004,1.474999999999671,1.349999999999671,0.5899999999998684
N1_ROLLING_SWEEP_FADE,NEUTRAL,LONG,2026-05-29 03:25:00+00:00,2026-05-29 03:30:00+00:00,2026-05-29 03:30:00+00:00,2026-05-29 03:35:00+00:00,1.16418,1.16378,1.16478,1.16377,STOP,0.0004,-1.0250000000000536,-1.1500000000000536,-0.41000000000002146
N1_ROLLING_SWEEP_FADE,NEUTRAL,LONG,2026-05-29 16:30:00+00:00,2026-05-29 16:35:00+00:00,2026-05-29 16:35:00+00:00,2026-05-29 17:10:00+00:00,1.16727,1.16687,1.16787,1.16686,STOP,0.0004,-1.0250000000000536,-1.1500000000000536,-0.41000000000002146
N1_ROLLING_SWEEP_FADE,NEUTRAL,SHORT,2026-06-01 15:05:00+00:00,2026-06-01 15:10:00+00:00,2026-06-01 15:10:00+00:00,2026-06-01 15:20:00+00:00,1.16161,1.16201,1.16101,1.16202,STOP,0.0004,-1.0250000000000536,-1.1500000000000536,-0.41000000000002146
N1_ROLLING_SWEEP_FADE,NEUTRAL,LONG,2026-06-01 19:55:00+00:00,2026-06-01 20:00:00+00:00,2026-06-01 20:00:00+00:00,2026-06-01 21:00:00+00:00,1.1632200000000001,1.1628200000000002,1.16382,1.1628100000000001,STOP,0.0004,-1.0250000000000536,-1.1500000000000536,-0.41000000000002146
N1_ROLLING_SWEEP_FADE,NEUTRAL,LONG,2026-06-01 21:15:00+00:00,2026-06-01 21:20:00+00:00,2026-06-01 21:20:00+00:00,2026-06-01 21:20:00+00:00,1.16367,1.16327,1.16427,1.1631399999999998,STOP,0.0004,-1.3250000000003537,-1.4500000000003537,-0.5300000000001415
N4_MICRO_BREAKOUT,NEUTRAL,LONG,2026-06-01 21:35:00+00:00,2026-06-01 21:40:00+00:00,2026-06-01 21:40:00+00:00,2026-06-01 21:40:00+00:00,1.1637300000000002,1.1633300000000002,1.16433,1.1633200000000001,STOP,0.0004,-1.0250000000000536,-1.1500000000000536,-0.41000000000002146
N1_ROLLING_SWEEP_FADE,NEUTRAL,LONG,2026-06-02 00:55:00+00:00,2026-06-02 01:00:00+00:00,2026-06-02 01:00:00+00:00,2026-06-02 04:55:00+00:00,1.16321,1.1628100000000001,1.16381,1.1638,TARGET,0.0004,1.474999999999671,1.349999999999671,0.5899999999998684
N1_ROLLING_SWEEP_FADE,NEUTRAL,LONG,2026-06-02 18:20:00+00:00,2026-06-02 18:25:00+00:00,2026-06-02 18:25:00+00:00,2026-06-02 18:45:00+00:00,1.16208,1.16168,1.16268,1.1626699999999999,TARGET,0.0004,1.474999999999671,1.349999999999671,0.5899999999998684
N3_ANCHOR_REVERSION,NEUTRAL,LONG,2026-06-02 21:05:00+00:00,2026-06-02 21:10:00+00:00,2026-06-02 21:10:00+00:00,2026-06-02 21:10:00+00:00,1.16333,1.16293,1.16393,1.1625999999999999,STOP,0.0004,-1.8250000000002986,-1.9500000000002986,-0.7300000000001194
N4_MICRO_BREAKOUT,NEUTRAL,SHORT,2026-06-02 22:55:00+00:00,2026-06-02 23:00:00+00:00,2026-06-02 23:00:00+00:00,2026-06-03 00:40:00+00:00,1.16261,1.1630099999999999,1.16201,1.16302,STOP,0.0004,-1.0250000000000536,-1.1500000000000536,-0.41000000000002146
N3_ANCHOR_REVERSION,NEUTRAL,LONG,2026-06-03 12:55:00+00:00,2026-06-03 13:00:00+00:00,2026-06-03 13:00:00+00:00,2026-06-03 13:20:00+00:00,1.1601400000000002,1.1597400000000002,1.16074,1.1597300000000001,STOP,0.0004,-1.0250000000000536,-1.1500000000000536,-0.41000000000002146
N3_ANCHOR_REVERSION,NEUTRAL,LONG,2026-06-03 13:25:00+00:00,2026-06-03 13:30:00+00:00,2026-06-03 13:30:00+00:00,2026-06-03 13:45:00+00:00,1.16049,1.16009,1.16109,1.16008,STOP,0.0004,-1.0250000000000536,-1.1500000000000536,-0.41000000000002146
N3_ANCHOR_REVERSION,NEUTRAL,LONG,2026-06-03 13:50:00+00:00,2026-06-03 13:55:00+00:00,2026-06-03 13:55:00+00:00,2026-06-03 14:35:00+00:00,1.1602700000000001,1.1598700000000002,1.16087,1.1598600000000001,STOP,0.0004,-1.0250000000000536,-1.1500000000000536,-0.41000000000002146
N3_ANCHOR_REVERSION,NEUTRAL,SHORT,2026-06-04 11:55:00+00:00,2026-06-04 12:00:00+00:00,2026-06-04 12:00:00+00:00,2026-06-04 12:00:00+00:00,1.16415,1.16455,1.16355,1.16456,STOP,0.0004,-1.0250000000000536,-1.1500000000000536,-0.41000000000002146
N1_ROLLING_SWEEP_FADE,NEUTRAL,SHORT,2026-06-04 12:00:00+00:00,2026-06-04 12:05:00+00:00,2026-06-04 12:05:00+00:00,2026-06-04 12:10:00+00:00,1.16411,1.16451,1.16351,1.16352,TARGET,0.0004,1.474999999999671,1.349999999999671,0.5899999999998684
N3_ANCHOR_REVERSION,NEUTRAL,SHORT,2026-06-04 12:15:00+00:00,2026-06-04 12:20:00+00:00,2026-06-04 12:20:00+00:00,2026-06-04 12:30:00+00:00,1.1637199999999999,1.1641199999999998,1.16312,1.1641299999999999,STOP,0.0004,-1.0250000000000536,-1.1500000000000536,-0.41000000000002146
N1_ROLLING_SWEEP_FADE,NEUTRAL,LONG,2026-06-04 13:15:00+00:00,2026-06-04 13:20:00+00:00,2026-06-04 13:20:00+00:00,2026-06-04 14:00:00+00:00,1.16377,1.16337,1.16437,1.16336,STOP,0.0004,-1.0250000000000536,-1.1500000000000536,-0.41000000000002146
N1_ROLLING_SWEEP_FADE,NEUTRAL,LONG,2026-06-05 00:00:00+00:00,2026-06-05 00:05:00+00:00,2026-06-05 00:05:00+00:00,2026-06-05 01:25:00+00:00,1.1613900000000001,1.1609900000000002,1.16199,1.1609800000000001,STOP,0.0004,-1.0250000000000536,-1.1500000000000536,-0.41000000000002146
N1_ROLLING_SWEEP_FADE,NEUTRAL,LONG,2026-06-05 01:25:00+00:00,2026-06-05 01:30:00+00:00,2026-06-05 01:30:00+00:00,2026-06-05 05:35:00+00:00,1.1612500000000001,1.1608500000000002,1.16185,1.16184,TARGET,0.0004,1.474999999999671,1.349999999999671,0.5899999999998684
N3_ANCHOR_REVERSION,NEUTRAL,SHORT,2026-06-05 07:55:00+00:00,2026-06-05 08:00:00+00:00,2026-06-05 08:00:00+00:00,2026-06-05 08:00:00+00:00,1.1631799999999999,1.1635799999999998,1.16258,1.16359,STOP,0.0004,-1.0250000000000536,-1.1500000000000536,-0.41000000000002146
N3_ANCHOR_REVERSION,NEUTRAL,SHORT,2026-06-05 08:30:00+00:00,2026-06-05 08:35:00+00:00,2026-06-05 08:35:00+00:00,2026-06-05 09:05:00+00:00,1.1636799999999998,1.1640799999999998,1.16308,1.1640899999999998,STOP,0.0004,-1.0250000000000536,-1.1500000000000536,-0.41000000000002146
N3_ANCHOR_REVERSION,NEUTRAL,SHORT,2026-06-11 17:45:00+00:00,2026-06-11 17:50:00+00:00,2026-06-11 17:50:00+00:00,2026-06-11 17:50:00+00:00,1.1552,1.1556,1.1546,1.15561,STOP,0.0004,-1.0250000000000536,-1.1500000000000536,-0.41000000000002146
N3_ANCHOR_REVERSION,NEUTRAL,SHORT,2026-06-11 22:05:00+00:00,2026-06-11 22:10:00+00:00,2026-06-11 22:10:00+00:00,2026-06-11 22:45:00+00:00,1.1578,1.1582,1.1572,1.15821,STOP,0.0004,-1.0250000000000536,-1.1500000000000536,-0.41000000000002146
N4_MICRO_BREAKOUT,NEUTRAL,LONG,2026-06-11 22:55:00+00:00,2026-06-11 23:00:00+00:00,2026-06-11 23:00:00+00:00,2026-06-11 23:15:00+00:00,1.1585500000000002,1.1581500000000002,1.1591500000000001,1.1581400000000002,STOP,0.0004,-1.0250000000000536,-1.1500000000000536,-0.41000000000002146
N3_ANCHOR_REVERSION,NEUTRAL,SHORT,2026-06-11 23:15:00+00:00,2026-06-11 23:20:00+00:00,2026-06-11 23:20:00+00:00,2026-06-12 00:00:00+00:00,1.15804,1.15844,1.15744,1.15745,TARGET,0.0004,1.474999999999671,1.349999999999671,0.5899999999998684
N4_MICRO_BREAKOUT,NEUTRAL,SHORT,2026-06-12 00:35:00+00:00,2026-06-12 00:40:00+00:00,2026-06-12 00:40:00+00:00,2026-06-12 03:30:00+00:00,1.15678,1.1571799999999999,1.15618,1.15719,STOP,0.0004,-1.0250000000000536,-1.1500000000000536,-0.41000000000002146
N4_MICRO_BREAKOUT,NEUTRAL,LONG,2026-06-12 03:30:00+00:00,2026-06-12 03:35:00+00:00,2026-06-12 03:35:00+00:00,2026-06-12 03:45:00+00:00,1.1575900000000001,1.1571900000000002,1.15819,1.15718,STOP,0.0004,-1.0250000000000536,-1.1500000000000536,-0.41000000000002146
N3_ANCHOR_REVERSION,NEUTRAL,SHORT,2026-06-12 04:45:00+00:00,2026-06-12 04:50:00+00:00,2026-06-12 04:50:00+00:00,2026-06-12 05:15:00+00:00,1.15726,1.15766,1.15666,1.15667,TARGET,0.0004,1.474999999999671,1.349999999999671,0.5899999999998684
N4_MICRO_BREAKOUT,NEUTRAL,SHORT,2026-06-12 05:55:00+00:00,2026-06-12 06:00:00+00:00,2026-06-12 06:00:00+00:00,2026-06-12 06:00:00+00:00,1.15574,1.15614,1.15514,1.15615,STOP,0.0004,-1.0250000000000536,-1.1500000000000536,-0.41000000000002146
N1_ROLLING_SWEEP_FADE,NEUTRAL,SHORT,2026-06-17 22:00:00+00:00,2026-06-17 22:05:00+00:00,2026-06-17 22:05:00+00:00,2026-06-17 22:10:00+00:00,1.1501,1.1504999999999999,1.1495,1.15051,STOP,0.0004,-1.0250000000000536,-1.1500000000000536,-0.41000000000002146
N1_ROLLING_SWEEP_FADE,NEUTRAL,SHORT,2026-06-17 22:10:00+00:00,2026-06-17 22:15:00+00:00,2026-06-17 22:15:00+00:00,2026-06-17 23:05:00+00:00,1.1502599999999998,1.1506599999999998,1.14966,1.1506699999999999,STOP,0.0004,-1.0250000000000536,-1.1500000000000536,-0.41000000000002146
N3_ANCHOR_REVERSION,NEUTRAL,LONG,2026-06-17 23:30:00+00:00,2026-06-17 23:35:00+00:00,2026-06-17 23:35:00+00:00,2026-06-18 00:00:00+00:00,1.15074,1.1503400000000001,1.15134,1.15133,TARGET,0.0004,1.474999999999671,1.349999999999671,0.5899999999998684
N1_ROLLING_SWEEP_FADE,NEUTRAL,SHORT,2026-06-18 00:05:00+00:00,2026-06-18 00:10:00+00:00,2026-06-18 00:10:00+00:00,2026-06-18 01:00:00+00:00,1.1514,1.1518,1.1508,1.15181,STOP,0.0004,-1.0250000000000536,-1.1500000000000536,-0.41000000000002146
N3_ANCHOR_REVERSION,NEUTRAL,SHORT,2026-06-18 04:10:00+00:00,2026-06-18 04:15:00+00:00,2026-06-18 04:15:00+00:00,2026-06-18 04:40:00+00:00,1.15208,1.15248,1.15148,1.15249,STOP,0.0004,-1.0250000000000536,-1.1500000000000536,-0.41000000000002146
N4_MICRO_BREAKOUT,NEUTRAL,SHORT,2026-06-18 05:55:00+00:00,2026-06-18 06:00:00+00:00,2026-06-18 06:00:00+00:00,2026-06-18 06:00:00+00:00,1.15105,1.1514499999999999,1.15045,1.15146,STOP,0.0004,-1.0250000000000536,-1.1500000000000536,-0.41000000000002146
N1_ROLLING_SWEEP_FADE,NEUTRAL,SHORT,2026-06-18 06:15:00+00:00,2026-06-18 06:20:00+00:00,2026-06-18 06:20:00+00:00,2026-06-18 06:20:00+00:00,1.15204,1.15244,1.15144,1.15245,STOP,0.0004,-1.0250000000000536,-1.1500000000000536,-0.41000000000002146
N4_MICRO_BREAKOUT,NEUTRAL,SHORT,2026-06-19 05:15:00+00:00,2026-06-19 05:20:00+00:00,2026-06-19 05:20:00+00:00,2026-06-19 05:25:00+00:00,1.14207,1.1424699999999999,1.14147,1.14248,STOP,0.0004,-1.0250000000000536,-1.1500000000000536,-0.41000000000002146
N1_ROLLING_SWEEP_FADE,NEUTRAL,LONG,2026-06-19 05:25:00+00:00,2026-06-19 05:30:00+00:00,2026-06-19 05:30:00+00:00,2026-06-19 05:35:00+00:00,1.1423100000000002,1.1419100000000002,1.14291,1.1419000000000001,STOP,0.0004,-1.0250000000000536,-1.1500000000000536,-0.41000000000002146
N3_ANCHOR_REVERSION,NEUTRAL,LONG,2026-06-19 05:40:00+00:00,2026-06-19 05:45:00+00:00,2026-06-19 05:45:00+00:00,2026-06-19 05:50:00+00:00,1.14239,1.14199,1.14299,1.1429799999999999,TARGET,0.0004,1.474999999999671,1.349999999999671,0.5899999999998684
N3_ANCHOR_REVERSION,NEUTRAL,LONG,2026-06-19 05:50:00+00:00,2026-06-19 05:55:00+00:00,2026-06-19 05:55:00+00:00,2026-06-19 05:55:00+00:00,1.1434300000000002,1.1430300000000002,1.14403,1.1430200000000001,STOP,0.0004,-1.0250000000000536,-1.1500000000000536,-0.41000000000002146
N4_MICRO_BREAKOUT,NEUTRAL,SHORT,2026-06-21 23:35:00+00:00,2026-06-21 23:40:00+00:00,2026-06-21 23:40:00+00:00,2026-06-22 00:00:00+00:00,1.1460299999999999,1.1464299999999998,1.14543,1.14644,STOP,0.0004,-1.0250000000000536,-1.1500000000000536,-0.41000000000002146
N3_ANCHOR_REVERSION,NEUTRAL,LONG,2026-06-22 00:50:00+00:00,2026-06-22 00:55:00+00:00,2026-06-22 00:55:00+00:00,2026-06-22 01:00:00+00:00,1.1461000000000001,1.1457000000000002,1.1467,1.14669,TARGET,0.0004,1.474999999999671,1.349999999999671,0.5899999999998684
N4_MICRO_BREAKOUT,NEUTRAL,SHORT,2026-06-24 10:00:00+00:00,2026-06-24 10:05:00+00:00,2026-06-24 10:05:00+00:00,2026-06-24 11:05:00+00:00,1.13441,1.1348099999999999,1.13381,1.13382,TARGET,0.0004,1.474999999999671,1.349999999999671,0.5899999999998684
N1_ROLLING_SWEEP_FADE,NEUTRAL,SHORT,2026-06-24 11:50:00+00:00,2026-06-24 11:55:00+00:00,2026-06-24 11:55:00+00:00,2026-06-24 11:55:00+00:00,1.1344699999999999,1.1348699999999998,1.13387,1.13388,TARGET,0.0004,1.474999999999671,1.349999999999671,0.5899999999998684
N1_ROLLING_SWEEP_FADE,NEUTRAL,LONG,2026-06-24 12:15:00+00:00,2026-06-24 12:20:00+00:00,2026-06-24 12:20:00+00:00,2026-06-24 12:25:00+00:00,1.1341400000000001,1.1337400000000002,1.13474,1.1337300000000001,STOP,0.0004,-1.0250000000000536,-1.1500000000000536,-0.41000000000002146
N4_MICRO_BREAKOUT,NEUTRAL,SHORT,2026-06-24 12:30:00+00:00,2026-06-24 12:35:00+00:00,2026-06-24 12:35:00+00:00,2026-06-24 12:40:00+00:00,1.1332,1.1336,1.1326,1.1326100000000001,TARGET,0.0004,1.474999999999671,1.349999999999671,0.5899999999998684
N1_ROLLING_SWEEP_FADE,NEUTRAL,SHORT,2026-06-25 19:40:00+00:00,2026-06-25 19:45:00+00:00,2026-06-25 19:45:00+00:00,2026-06-25 21:00:00+00:00,1.13726,1.13766,1.13666,1.13767,STOP,0.0004,-1.0250000000000536,-1.1500000000000536,-0.41000000000002146
N4_MICRO_BREAKOUT,NEUTRAL,SHORT,2026-06-25 22:50:00+00:00,2026-06-25 22:55:00+00:00,2026-06-25 22:55:00+00:00,2026-06-25 23:00:00+00:00,1.13668,1.1370799999999999,1.13608,1.13709,STOP,0.0004,-1.0250000000000536,-1.1500000000000536,-0.41000000000002146
N4_MICRO_BREAKOUT,NEUTRAL,SHORT,2026-06-25 23:15:00+00:00,2026-06-25 23:20:00+00:00,2026-06-25 23:20:00+00:00,2026-06-26 01:05:00+00:00,1.13639,1.13679,1.13579,1.1368,STOP,0.0004,-1.0250000000000536,-1.1500000000000536,-0.41000000000002146
N4_MICRO_BREAKOUT,NEUTRAL,SHORT,2026-06-26 01:30:00+00:00,2026-06-26 01:35:00+00:00,2026-06-26 01:35:00+00:00,2026-06-26 02:20:00+00:00,1.13609,1.13649,1.13549,1.1355000000000002,TARGET,0.0004,1.474999999999671,1.349999999999671,0.5899999999998684
N4_MICRO_BREAKOUT,NEUTRAL,SHORT,2026-06-26 02:20:00+00:00,2026-06-26 02:25:00+00:00,2026-06-26 02:25:00+00:00,2026-06-26 02:40:00+00:00,1.1354899999999999,1.1358899999999998,1.13489,1.1359,STOP,0.0004,-1.0250000000000536,-1.1500000000000536,-0.41000000000002146
N3_ANCHOR_REVERSION,NEUTRAL,LONG,2026-06-26 02:55:00+00:00,2026-06-26 03:00:00+00:00,2026-06-26 03:00:00+00:00,2026-06-26 03:40:00+00:00,1.13598,1.13558,1.13658,1.1365699999999999,TARGET,0.0004,1.474999999999671,1.349999999999671,0.5899999999998684
N4_MICRO_BREAKOUT,NEUTRAL,LONG,2026-06-26 03:40:00+00:00,2026-06-26 03:45:00+00:00,2026-06-26 03:45:00+00:00,2026-06-26 04:25:00+00:00,1.13683,1.13643,1.13743,1.1374199999999999,TARGET,0.0004,1.474999999999671,1.349999999999671,0.5899999999998684
N3_ANCHOR_REVERSION,NEUTRAL,SHORT,2026-06-29 15:00:00+00:00,2026-06-29 15:05:00+00:00,2026-06-29 15:05:00+00:00,2026-06-29 15:25:00+00:00,1.14185,1.14225,1.14125,1.14226,STOP,0.0004,-1.0250000000000536,-1.1500000000000536,-0.41000000000002146
N3_ANCHOR_REVERSION,NEUTRAL,SHORT,2026-06-29 17:55:00+00:00,2026-06-29 18:00:00+00:00,2026-06-29 18:00:00+00:00,2026-06-29 23:55:00+00:00,1.1426699999999999,1.1430699999999998,1.14207,1.14208,TARGET,0.0004,1.474999999999671,1.349999999999671,0.5899999999998684
N4_MICRO_BREAKOUT,NEUTRAL,SHORT,2026-06-29 23:55:00+00:00,2026-06-30 00:00:00+00:00,2026-06-30 00:00:00+00:00,2026-06-30 01:05:00+00:00,1.14188,1.14228,1.14128,1.1412900000000001,TARGET,0.0004,1.474999999999671,1.349999999999671,0.5899999999998684
N4_MICRO_BREAKOUT,NEUTRAL,SHORT,2026-06-30 04:55:00+00:00,2026-06-30 05:00:00+00:00,2026-06-30 05:00:00+00:00,2026-06-30 05:20:00+00:00,1.1389,1.1393,1.1383,1.13931,STOP,0.0004,-1.0250000000000536,-1.1500000000000536,-0.41000000000002146
N3_ANCHOR_REVERSION,NEUTRAL,LONG,2026-06-30 06:00:00+00:00,2026-06-30 06:05:00+00:00,2026-06-30 06:05:00+00:00,2026-06-30 06:20:00+00:00,1.13873,1.13833,1.13933,1.1393199999999999,TARGET,0.0004,1.474999999999671,1.349999999999671,0.5899999999998684
N4_MICRO_BREAKOUT,NEUTRAL,LONG,2026-06-30 07:00:00+00:00,2026-06-30 07:05:00+00:00,2026-06-30 07:05:00+00:00,2026-06-30 07:50:00+00:00,1.14057,1.1401700000000001,1.14117,1.14016,STOP,0.0004,-1.0250000000000536,-1.1500000000000536,-0.41000000000002146
